9.999969333885501133e-01
9.999932789499792474e-01
9.999922352814807347e-01
9.981767263736129880e-01
9.983647840905202075e-01
9.980647196074301508e-01
9.975821979387198279e-01
9.981506572314875481e-01
9.981657053453457662e-01
9.979142711724571235e-01
9.971321283015404102e-01
9.861932222240075152e-01
9.936082347044470353e-01
9.920312394600926398e-01
9.789450745260821485e-01
9.732907118641198618e-01
3.400027474061600996e-02
2.149886780339710021e-02
5.995496397439615405e-03
4.761631055510823912e-03
5.658021167411059898e-03
7.568743902963173372e-04
1.926749962888289454e-03
8.751219581777195397e-04
2.436356698651236021e-03
6.968683409274605348e-04
6.378408970024581834e-04
2.887391272593130363e-03
1.712414016954595924e-03
2.609863745305847881e-03
3.209012613604130849e-03
2.735094437343270086e-03
