-2.617827526227683279e+02
-2.617911917707236853e+02
-2.617955120311146970e+02
-2.617997046745542775e+02
-2.618046640630291790e+02
-2.618077983741080175e+02
-2.618114712280654999e+02
-2.618173660225918979e+02
-2.618243457114090802e+02
-2.618324646194935212e+02
-2.618339691987641800e+02
-2.618367419775765939e+02
-2.618392296509088055e+02
-2.618424443936523858e+02
-2.618432017696695766e+02
-2.618477356499303141e+02
-2.618489487560133853e+02
-2.618503967057292812e+02
-2.618521108853793748e+02
-2.618549508596530018e+02
-2.618561556033033071e+02
-2.618563819785330793e+02
-2.618577978861086990e+02
-2.618586121078394058e+02
-2.618619306256804862e+02
-2.618660928505252059e+02
-2.618667127241085950e+02
-2.618668378944975075e+02
-2.618669329169358093e+02
-2.618688832968969109e+02
-2.618714603483658721e+02
-2.618728203517267161e+02
-2.618738415946056080e+02
-2.618748462711491243e+02
-2.618749537646403951e+02
-2.618750834397405924e+02
-2.618756644943126730e+02
-2.618757382575644215e+02
-2.618784461242291854e+02
-2.618791434213094931e+02
-2.618796842860126048e+02
-2.618822510631700879e+02
-2.618831416035425264e+02
-2.618840565983430793e+02
-2.618842365868039224e+02
-2.618851666445112869e+02
-2.618872087809307914e+02
-2.618874202858830245e+02
-2.618894195045413085e+02
-2.618925846616949116e+02
-2.618946162483796911e+02
-2.618955767655135105e+02
-2.618990930706493145e+02
-2.618991977375877127e+02
-2.618999661761641846e+02
-2.619019756807867907e+02
-2.619024985307588054e+02
-2.619025624412503817e+02
-2.619025825484267216e+02
-2.619032502344566069e+02
-2.619033306378485122e+02
-2.619034033984514167e+02
-2.619049119697970127e+02
-2.619049417117249163e+02
-2.619052641721364125e+02
-2.619053554904668886e+02
-2.619054085008983179e+02
-2.619055129066658765e+02
-2.619055478450928263e+02
-2.619068134071021063e+02
-2.619070660291857280e+02
-2.619071564022672760e+02
-2.619071967815643802e+02
-2.619073048797596925e+02
-2.619073492985708072e+02
-2.619073770498478098e+02
-2.619074064859880764e+02
-2.619082561634510853e+02
-2.619082614143346746e+02
-2.619084336172329017e+02
-2.619084844152097276e+02
-2.619085056769121138e+02
-2.619085298815198826e+02
-2.619086186480316201e+02
-2.619086487305967808e+02
-2.619086865861128786e+02
-2.619087235640856761e+02
-2.619088079553483226e+02
-2.619088795741943727e+02
-2.619090111327815862e+02
-2.619090403551414283e+02
-2.619091335039971113e+02
-2.619091376672932938e+02
-2.619091586954020272e+02
-2.619091749630678123e+02
-2.619092018205482191e+02
-2.619092459292596118e+02
-2.619092870981473880e+02
-2.619093164108663245e+02
-2.619094167007320948e+02
-2.619094364166957121e+02
-2.619097128248657782e+02
-2.619097682439212917e+02
-2.619097948857752840e+02
-2.619098360945982904e+02
-2.619098808178659965e+02
-2.619099119347038140e+02
-2.619099476660308028e+02
-2.619099584755363139e+02
-2.619099927480958740e+02
-2.619100779274011757e+02
-2.619102945110428209e+02
-2.619103568070364076e+02
-2.619104071018003879e+02
-2.619104446032952751e+02
-2.619104645900060859e+02
-2.619104789310968044e+02
-2.619105682117610172e+02
-2.619105888257387278e+02
-2.619106344959249100e+02
-2.619106737257162081e+02
-2.619106896764465091e+02
-2.619107314236412094e+02
-2.619107835655997860e+02
-2.619108260594820763e+02
-2.619108438250581230e+02
-2.619108579604795182e+02
-2.619110954638306907e+02
-2.619111388341880229e+02
-2.619111540277169752e+02
-2.619113400387772117e+02
-2.619113880334751912e+02
-2.619114642714060892e+02
-2.619115348050946182e+02
-2.619115744773920937e+02
-2.619115769122739721e+02
-2.619116343843306822e+02
-2.619116378602009263e+02
-2.619116540120908212e+02
-2.619116652953994731e+02
-2.619116762725207082e+02
-2.619117158809182797e+02
-2.619118711636244257e+02
-2.619118822983608084e+02
-2.619119370602613799e+02
-2.619119507016375223e+02
-2.619119950720041174e+02
-2.619120285964968957e+02
-2.619122640436555116e+02
-2.619122795711638787e+02
-2.619123155498572260e+02
-2.619123415612199892e+02
-2.619123568582605799e+02
-2.619123609552962080e+02
-2.619123969929316900e+02
-2.619124006847578130e+02
-2.619124225617575235e+02
-2.619126048981838721e+02
-2.619126085215792159e+02
-2.619126805444860224e+02
-2.619127233437350242e+02
-2.619127955221321145e+02
-2.619128385433676840e+02
-2.619129660314258103e+02
-2.619129826545495803e+02
-2.619130122045855273e+02
-2.619130225604425846e+02
-2.619130790273550815e+02
-2.619131132260412755e+02
-2.619132830507186895e+02
-2.619133062297518109e+02
-2.619133367024206791e+02
-2.619133639927978265e+02
-2.619133675193314730e+02
-2.619133717059917785e+02
-2.619133888794177096e+02
-2.619134040677695907e+02
-2.619134046503876903e+02
-2.619134285945444844e+02
-2.619134331331811723e+02
-2.619134743961454888e+02
-2.619135184113837909e+02
-2.619135255642711968e+02
-2.619135378831040839e+02
-2.619135388831630848e+02
-2.619136553468209740e+02
-2.619136877883477155e+02
-2.619137586033409093e+02
-2.619138303382006256e+02
-2.619138438850990269e+02
-2.619138628086527092e+02
-2.619139902275633176e+02
-2.619140477951456774e+02
-2.619140492876970825e+02
-2.619140650836321242e+02
-2.619140659706603742e+02
-2.619141007480886856e+02
-2.619141131533733073e+02
-2.619141257483876757e+02
-2.619141603426940037e+02
-2.619141654758840900e+02
-2.619141671641526159e+02
-2.619141868500498163e+02
-2.619142109302460995e+02
-2.619142479877078244e+02
-2.619142763401321190e+02
-2.619143298078885209e+02
-2.619143385777048252e+02
-2.619143583746102877e+02
-2.619143737037475148e+02
-2.619144329458675884e+02
-2.619144521895162256e+02
-2.619144524941968939e+02
-2.619145320774815104e+02
-2.619145408225725191e+02
-2.619145619687645876e+02
-2.619146261845630761e+02
-2.619146389526036955e+02
-2.619146458525228240e+02
-2.619146477986241166e+02
-2.619146483235895175e+02
-2.619146490099594189e+02
-2.619146550670307079e+02
-2.619147390472284087e+02
-2.619147468437046768e+02
-2.619147732137474236e+02
-2.619147982993055166e+02
-2.619147997257184102e+02
-2.619148184084148738e+02
-2.619148275225977045e+02
-2.619149302581479901e+02
-2.619149320757064743e+02
-2.619149454069731178e+02
-2.619149764998484784e+02
-2.619150131025264727e+02
-2.619150332187571735e+02
-2.619150800339394891e+02
-2.619151079597197054e+02
-2.619151261400775184e+02
-2.619151759444367258e+02
-2.619152442397502796e+02
-2.619157316073279844e+02
-2.619157493360605145e+02
-2.619157493360920057e+02
-2.619157775001909840e+02
-2.619157805709742775e+02
-2.619157942064276767e+02
-2.619158292390868041e+02
-2.619158370104959204e+02
-2.619158771574665820e+02
-2.619160052194320087e+02
-2.619161365664123764e+02
-2.619161833398362091e+02
-2.619161943142025848e+02
-2.619162242172429842e+02
-2.619162627084041901e+02
-2.619162630629293744e+02
-2.619162635364555740e+02
-2.619162699479462049e+02
-2.619162714649106078e+02
-2.619162778597980150e+02
-2.619162903521419139e+02
-2.619163576506870186e+02
-2.619163847327549206e+02
-2.619165275584061874e+02
-2.619166137377512200e+02
-2.619166327083005967e+02
-2.619166330558501841e+02
-2.619166802859257928e+02
-2.619166916842954151e+02
-2.619166926093175789e+02
-2.619166928412673769e+02
-2.619167480157532850e+02
-2.619167484870619091e+02
-2.619167814880041192e+02
-2.619167821154774174e+02
-2.619167848056661114e+02
-2.619167856109654053e+02
-2.619167871449587892e+02
-2.619168006016840877e+02
-2.619168038171030730e+02
-2.619168043664208767e+02
-2.619168252353894104e+02
-2.619168479922234951e+02
-2.619168481927443963e+02
-2.619168776250995734e+02
-2.619169008657279960e+02
-2.619169597163324852e+02
-2.619169610369381189e+02
-2.619169673968245888e+02
-2.619169683779260254e+02
-2.619169775374322739e+02
-2.619170432059402742e+02
-2.619170502878432103e+02
-2.619170526803113717e+02
-2.619171145695980272e+02
-2.619171265253593788e+02
-2.619171373181732179e+02
-2.619171511323053210e+02
-2.619171511262550780e+02
-2.619171629273337203e+02
-2.619171709215261217e+02
-2.619171724827539265e+02
-2.619171746583107279e+02
-2.619172390223483262e+02
-2.619172464614986779e+02
-2.619172466245565829e+02
-2.619172470162653212e+02
-2.619173010106450192e+02
-2.619173179581915178e+02
-2.619173232823080752e+02
-2.619173234826096746e+02
-2.619173235494693017e+02
-2.619173331427132894e+02
-2.619173591363597779e+02
-2.619173642153576225e+02
-2.619173649657586793e+02
-2.619173659768873108e+02
-2.619173843522452216e+02
-2.619174233661835274e+02
-2.619174333828482872e+02
-2.619174410339949759e+02
-2.619174447943370865e+02
-2.619174467192643192e+02
-2.619174670866175916e+02
-2.619174679283231058e+02
-2.619174685337061987e+02
-2.619174703507674735e+02
-2.619174718582763717e+02
-2.619174742950013979e+02
-2.619175175299182001e+02
-2.619175210224220223e+02
-2.619175290696870775e+02
-2.619175540973378133e+02
-2.619176005628635266e+02
-2.619176014524725247e+02
-2.619176574199627225e+02
-2.619176990077099845e+02
-2.619178118581406807e+02
-2.619178134413742782e+02
-2.619178146747750020e+02
-2.619178326636412066e+02
-2.619178331321882069e+02
-2.619178332765529262e+02
-2.619178490439587108e+02
-2.619178490606187779e+02
-2.619178497558817185e+02
-2.619178626542940265e+02
-2.619178820476477085e+02
-2.619179095200908023e+02
-2.619179329870136144e+02
-2.619179366175754922e+02
-2.619181192491230945e+02
-2.619181213378645907e+02
-2.619181645844603850e+02
-2.619181690248062750e+02
-2.619181882878530132e+02
-2.619181987410312900e+02
-2.619181997680897780e+02
-2.619181999928273967e+02
-2.619182759084836221e+02
-2.619182759325095162e+02
-2.619182768433250885e+02
-2.619182768827328118e+02
-2.619182779357083746e+02
-2.619182792664013846e+02
-2.619183898423536903e+02
-2.619183900023455180e+02
-2.619183906127341857e+02
-2.619183910137745102e+02
-2.619183917914016888e+02
-2.619183917897889273e+02
-2.619183927007396164e+02
-2.619183979929263160e+02
-2.619183980050021887e+02
-2.619183984301027976e+02
-2.619184553857709261e+02
-2.619184651685898189e+02
-2.619185228751820205e+02
-2.619185229906718178e+02
-2.619185233228786274e+02
-2.619185302045738126e+02
-2.619185331252788274e+02
-2.619185331135482784e+02
-2.619185343633844241e+02
-2.619185512382067031e+02
-2.619185642330655810e+02
-2.619185814282249112e+02
-2.619185883070595082e+02
-2.619185919946210106e+02
-2.619186008025096157e+02
-2.619186016920738780e+02
-2.619186067440891179e+02
-2.619186073105029777e+02
-2.619186080325437729e+02
-2.619186129864207260e+02
-2.619186203456756061e+02
-2.619186319470869080e+02
-2.619186814281283091e+02
-2.619186849471871028e+02
-2.619186862500184247e+02
-2.619186862944129075e+02
-2.619186867566320984e+02
-2.619186960185202224e+02
-2.619186960504895865e+02
-2.619186961258296833e+02
-2.619186975362143812e+02
-2.619187113597471921e+02
-2.619187122893123956e+02
-2.619187149289795116e+02
-2.619187157151637848e+02
-2.619187157797583723e+02
-2.619187166438119903e+02
-2.619187526625120199e+02
-2.619187575933000858e+02
-2.619187582606974729e+02
-2.619187606712443994e+02
-2.619187677478024057e+02
-2.619187920791343913e+02
-2.619187954389694823e+02
-2.619187954059581216e+02
-2.619187961153905917e+02
-2.619187964868493168e+02
-2.619187967311095804e+02
-2.619187978919679836e+02
-2.619188142297522859e+02
-2.619188510578234172e+02
-2.619188539909259248e+02
-2.619189052925975716e+02
-2.619189061466145745e+02
-2.619189179366027247e+02
-2.619189248209415837e+02
-2.619189253661197085e+02
-2.619189312959907738e+02
-2.619189382248072206e+02
-2.619189512159733795e+02
-2.619189570183348224e+02
-2.619189773839884197e+02
-2.619189776312430809e+02
-2.619189777120091094e+02
-2.619189893040079937e+02
-2.619191244446079168e+02
-2.619191256786883173e+02
-2.619191260449907190e+02
-2.619191671970958737e+02
-2.619191672194314151e+02
-2.619191710860654894e+02
-2.619192127098830838e+02
-2.619192184646711894e+02
-2.619192188458491728e+02
-2.619192190080502201e+02
-2.619192193869133121e+02
-2.619192596361461938e+02
-2.619192730867337104e+02
-2.619192789707863085e+02
-2.619192850513264261e+02
-2.619192869770549805e+02
-2.619193343500427886e+02
-2.619193343334383144e+02
-2.619193521369289783e+02
-2.619193737901167083e+02
-2.619193738394964726e+02
-2.619193748035668250e+02
-2.619195230227717275e+02
-2.619195292980006116e+02
-2.619195293462639142e+02
-2.619195295006476840e+02
-2.619195811610314877e+02
-2.619196681528624140e+02
-2.619196705449228944e+02
-2.619196755216158863e+02
-2.619196766451806866e+02
-2.619197145493956214e+02
-2.619197504544438857e+02
-2.619197651456379958e+02
-2.619197773946955863e+02
-2.619198999245306254e+02
-2.619199187189967120e+02
-2.619199190303385762e+02
-2.619199191147009742e+02
-2.619199191766273884e+02
-2.619199195373415137e+02
-2.619199195290202056e+02
-2.619199356299013743e+02
-2.619199402023414223e+02
-2.619199492393918831e+02
-2.619199499995260112e+02
-2.619199546583781739e+02
-2.619199546376211174e+02
-2.619199549462259142e+02
-2.619199557358447237e+02
-2.619199558639656971e+02
-2.619199559157141834e+02
-2.619199802157223758e+02
-2.619199802875119758e+02
-2.619199802582156167e+02
-2.619199965466344793e+02
-2.619199968281989754e+02
-2.619199973468902272e+02
-2.619200635617171997e+02
-2.619200637745573204e+02
-2.619200800340763067e+02
-2.619201100012455754e+02
-2.619201100871725885e+02
-2.619201104342163262e+02
-2.619201105589492045e+02
-2.619201318993203813e+02
-2.619201324043330033e+02
-2.619201328390540766e+02
-2.619201371235739089e+02
-2.619201374809505865e+02
-2.619201532126135135e+02
-2.619201535351895131e+02
-2.619201783291189827e+02
-2.619201783953081986e+02
-2.619201798317334919e+02
-2.619202106077431154e+02
-2.619202105696426202e+02
-2.619202106126537046e+02
-2.619202236113795266e+02
-2.619202406861438135e+02
-2.619203085038957965e+02
-2.619203511140859746e+02
-2.619203511939479085e+02
-2.619203571853589096e+02
-2.619203575215046840e+02
-2.619203588148095037e+02
-2.619203783875448153e+02
-2.619203787572847091e+02
-2.619203793300101211e+02
-2.619203799535945905e+02
-2.619203966754619159e+02
-2.619204126659798817e+02
-2.619204126698319897e+02
-2.619204150264042141e+02
-2.619204208562574081e+02
-2.619204233682074232e+02
-2.619204234389534918e+02
-2.619204239048752925e+02
-2.619204239775514225e+02
-2.619204792007216156e+02
-2.619204794251131148e+02
-2.619204795000039780e+02
-2.619204803660824723e+02
-2.619204828271053884e+02
-2.619204828805940792e+02
-2.619204841258634815e+02
-2.619204918547322904e+02
-2.619205177360000789e+02
-2.619205233742844143e+02
-2.619205233408300160e+02
-2.619205236750390213e+02
-2.619205236768680152e+02
-2.619205239919605788e+02
-2.619205279865918783e+02
-2.619206801900800770e+02
-2.619206910096568208e+02
-2.619207141244386889e+02
-2.619207836758226904e+02
-2.619207839328964837e+02
-2.619207915682948169e+02
-2.619207917162257218e+02
-2.619207936196141873e+02
-2.619207945874885013e+02
-2.619207946258019888e+02
-2.619207947068398994e+02
-2.619207965871142960e+02
-2.619208449288029783e+02
-2.619208458764538250e+02
-2.619208464996596035e+02
-2.619208468957759806e+02
-2.619208473666806753e+02
-2.619208480953100207e+02
-2.619208484705758906e+02
-2.619208521857299274e+02
-2.619208616588314271e+02
-2.619208619146505725e+02
-2.619208931702603991e+02
-2.619208963666417276e+02
-2.619208978849247274e+02
-2.619208979921339164e+02
-2.619208986457006176e+02
-2.619209019300353134e+02
-2.619209019745741784e+02
-2.619209018899259149e+02
-2.619209039245981785e+02
-2.619209063471707850e+02
-2.619209071000690869e+02
-2.619209141846512239e+02
-2.619209609485607189e+02
-2.619209763532932129e+02
-2.619209767290362265e+02
-2.619209773501540894e+02
-2.619209871197501798e+02
-2.619210363050560204e+02
-2.619210635168049066e+02
-2.619210641399823771e+02
-2.619210794520989225e+02
-2.619210797326099964e+02
-2.619210808259559258e+02
-2.619210813168963909e+02
-2.619210839174380112e+02
-2.619211080657261164e+02
-2.619211140069500061e+02
-2.619211493898495746e+02
-2.619211497206263175e+02
-2.619210944973701771e+02
-2.619210268212526103e+02
-2.619209696097206006e+02
-2.619209109373804836e+02
-2.619208590075858751e+02
-2.619208689497759792e+02
-2.619208332660227256e+02
-2.619207816733945720e+02
-2.619207396628848983e+02
-2.619206971712335985e+02
-2.619206513694322211e+02
-2.619206330306773225e+02
-2.619205832189281864e+02
-2.619205660657908084e+02
-2.619205518971090783e+02
-2.619205340139903910e+02
-2.619205073430026118e+02
-2.619204871968502175e+02
-2.619204745200540856e+02
-2.619204404149057837e+02
-2.619204150951990187e+02
-2.619203834463975227e+02
-2.619204035873781891e+02
-2.619204257930978201e+02
-2.619204333477877071e+02
-2.619204853809678752e+02
-2.619204992794287818e+02
-2.619205104089028850e+02
-2.619205508312193160e+02
-2.619205627965974941e+02
-2.619205706751247931e+02
-2.619205776070796787e+02
-2.619205844685778857e+02
-2.619205931053502923e+02
-2.619206016470984082e+02
-2.619206089070174812e+02
-2.619206171720110206e+02
-2.619206288032162888e+02
-2.619206340944052727e+02
-2.619206384719731204e+02
-2.619206408628880922e+02
-2.619206502525149176e+02
-2.619206544518016244e+02
-2.619206604313313278e+02
-2.619206650729200874e+02
-2.619206697614475274e+02
-2.619206983715092747e+02
-2.619207025763462866e+02
-2.619207083270910061e+02
-2.619207124298188774e+02
-2.619207208603477852e+02
-2.619207238362665748e+02
-2.619207331895661923e+02
-2.619207472217534018e+02
-2.619208265377545786e+02
-2.619208629499174776e+02
-2.619208700558583018e+02
-2.619208752612639159e+02
-2.619208767401106002e+02
-2.619208965979963750e+02
-2.619208995678923202e+02
-2.619209026731883796e+02
-2.619209046309275095e+02
-2.619209069513299823e+02
-2.619209486526332853e+02
-2.619209534143670908e+02
-2.619209616002482903e+02
-2.619209679808113833e+02
-2.619209714279144805e+02
-2.619209819954488125e+02
-2.619209841254184994e+02
-2.619209879996957966e+02
-2.619209932618521748e+02
-2.619210465644794112e+02
-2.619210508221115106e+02
-2.619210542420773891e+02
-2.619210566709405725e+02
-2.619210595478746200e+02
-2.619211276379087963e+02
-2.619211285790408965e+02
-2.619211297518660899e+02
-2.619211323099938227e+02
-2.619211355687041873e+02
-2.619211378490281277e+02
-2.619211451478864205e+02
-2.619211466283466052e+02
-2.619211485905653944e+02
-2.619211760429678861e+02
-2.619211763733547969e+02
-2.619211786350804800e+02
-2.619212093794058092e+02
-2.619212135645202011e+02
-2.619212347438449910e+02
-2.619212445886062142e+02
-2.619212529096897129e+02
-2.619212570687374182e+02
-2.619212580102470724e+02
-2.619213202374210141e+02
-2.619213228854413273e+02
-2.619213276018444958e+02
-2.619213440379314193e+02
-2.619213481793622122e+02
-2.619213509841226823e+02
-2.619213547059788993e+02
-2.619213573599523102e+02
-2.619213710636083192e+02
-2.619213728825442900e+02
-2.619213781059326038e+02
-2.619213815974264890e+02
-2.619213897501037991e+02
-2.619214098953564758e+02
-2.619214101594212138e+02
-2.619214114593997920e+02
-2.619214341706083928e+02
