9.999958296751007003e-01
9.999883439586195744e-01
9.999875966864307797e-01
9.956761777213563036e-01
9.955093820425777729e-01
9.947688106275736075e-01
9.954509383195319083e-01
9.942300087090953919e-01
9.960944144362191555e-01
9.932183819733368946e-01
9.939580467263784413e-01
9.865702221666887706e-01
9.924292138800469010e-01
9.919474525801523779e-01
9.788083208229546583e-01
9.739638825413690082e-01
3.364629216889378216e-02
2.103238228292467552e-02
6.044438712555217155e-03
4.761075397011342233e-03
9.049604621544304894e-03
2.475499847095106662e-03
4.767800086104077850e-03
2.788696687626162837e-03
4.052660810067946345e-03
2.838016666960672084e-03
1.135892208784073472e-03
5.558418332161006899e-03
3.000008627344729305e-03
5.744610821524281583e-03
5.628650041259290922e-03
4.878929766036178665e-03
