1.000000000000000000e+00 7.100000000000000000e+01
2.000000000000000000e+00 1.410000000000000000e+02
3.000000000000000000e+00 1.950000000000000000e+02
4.000000000000000000e+00 3.170000000000000000e+02
5.000000000000000000e+00 3.910000000000000000e+02
1.000000000000000000e+01 7.360000000000000000e+02
2.000000000000000000e+01 1.199000000000000000e+03
3.000000000000000000e+01 1.912000000000000000e+03
4.000000000000000000e+01 2.673000000000000000e+03
5.000000000000000000e+01 3.190000000000000000e+03
6.000000000000000000e+01 3.664000000000000000e+03
7.000000000000000000e+01 4.329000000000000000e+03
8.000000000000000000e+01 4.666000000000000000e+03
9.000000000000000000e+01 5.253000000000000000e+03
