1.000000000000000000e+00 4.750000000000000000e+02
2.000000000000000000e+00 7.610000000000000000e+02
3.000000000000000000e+00 9.730000000000000000e+02
4.000000000000000000e+00 1.514000000000000000e+03
5.000000000000000000e+00 1.785000000000000000e+03
1.000000000000000000e+01 3.165000000000000000e+03
2.000000000000000000e+01 5.089000000000000000e+03
3.000000000000000000e+01 7.892000000000000000e+03
4.000000000000000000e+01 1.099400000000000000e+04
5.000000000000000000e+01 1.313100000000000000e+04
6.000000000000000000e+01 1.499000000000000000e+04
7.000000000000000000e+01 1.776700000000000000e+04
8.000000000000000000e+01 1.955400000000000000e+04
9.000000000000000000e+01 2.178100000000000000e+04
