-2.617157229695229148e+02
-2.617201482051947892e+02
-2.617232089654937113e+02
-2.617246781236582933e+02
-2.617364348361434168e+02
-2.617392351105714852e+02
-2.617413540961418903e+02
-2.617463073143931069e+02
-2.617482970731879846e+02
-2.617502621589080150e+02
-2.617632513840637216e+02
-2.617649007984502987e+02
-2.617725529774103848e+02
-2.617732282912327832e+02
-2.617750584819145274e+02
-2.617772174657566211e+02
-2.617776756781419181e+02
-2.617832155117911270e+02
-2.617875723668719274e+02
-2.617909936788157097e+02
-2.617926393790135080e+02
-2.617937504606609878e+02
-2.617941792002155807e+02
-2.617945457741017208e+02
-2.617955314617868794e+02
-2.617963104190832269e+02
-2.617968005570169794e+02
-2.617973292487635035e+02
-2.617990544697939868e+02
-2.618003835765151734e+02
-2.618014304536185932e+02
-2.618018802458225878e+02
-2.618036023843396265e+02
-2.618042585723724756e+02
-2.618050075806871178e+02
-2.618050726537229025e+02
-2.618073638750482814e+02
-2.618097065523476772e+02
-2.618122299680396736e+02
-2.618122724605373151e+02
-2.618129926639205109e+02
-2.618134056505505782e+02
-2.618135317958356154e+02
-2.618139357308544959e+02
-2.618139385381264788e+02
-2.618153904407312780e+02
-2.618154262394388070e+02
-2.618172302356630894e+02
-2.618176586966660011e+02
-2.618176615086804873e+02
-2.618177950979637103e+02
-2.618180976942380767e+02
-2.618183501274982063e+02
-2.618195297082293109e+02
-2.618195474561666174e+02
-2.618213436415700812e+02
-2.618216750287642185e+02
-2.618216769099083194e+02
-2.618220576605033898e+02
-2.618226929134467014e+02
-2.618241830712718183e+02
-2.618241875976756887e+02
-2.618243759417998149e+02
-2.618243816585812169e+02
-2.618243894803990770e+02
-2.618249608386756222e+02
-2.618277702349972174e+02
-2.618278328137956237e+02
-2.618283241659548821e+02
-2.618287409721609151e+02
-2.618293032568732883e+02
-2.618293121796713763e+02
-2.618318331481539190e+02
-2.618331641527125271e+02
-2.618345065647774845e+02
-2.618398966375078203e+02
-2.618399117310107158e+02
-2.618408623070038743e+02
-2.618411896426870840e+02
-2.618411896425308214e+02
