9.999956048754198301e-01
9.999885415766230912e-01
9.999887405590376366e-01
9.957375657004399194e-01
9.955719160535162482e-01
9.946888193091412145e-01
9.954197175652660379e-01
9.941621040115087293e-01
9.960024954495050320e-01
9.928774108653832808e-01
9.937608172357057512e-01
9.866885792381941966e-01
9.924493781311134466e-01
9.920497617938834889e-01
9.791268538235595731e-01
9.743282317922000724e-01
3.345369882656892835e-02
2.069189705580722072e-02
5.728099367810692011e-03
4.540130550773889898e-03
9.273752734356464217e-03
2.477264774416267513e-03
4.820137879732677710e-03
2.861905167919624043e-03
4.051869601392950673e-03
2.845582371912088945e-03
1.112853450047100951e-03
5.770376406866795267e-03
2.991326600865336534e-03
5.864540665575269929e-03
5.695691219352051402e-03
4.984335336380499304e-03
