-4.224155768765940024e+02
-4.224399224117307199e+02
-4.224657105060771869e+02
-4.224813200867785099e+02
-4.225046690939922200e+02
-4.225168753072126151e+02
-4.225280922301861892e+02
-4.225401573209836101e+02
-4.225500300730590766e+02
-4.225561823236358805e+02
-4.225629260391453954e+02
-4.225720237212619281e+02
-4.225738702936919253e+02
-4.225774854495459181e+02
-4.225824745763824808e+02
-4.225847688035998999e+02
-4.225864050099539782e+02
-4.225888589619854088e+02
-4.225911775070886733e+02
-4.226001853419767826e+02
-4.226023874198904764e+02
-4.226031310859328869e+02
-4.226039093110383078e+02
-4.226066324228303870e+02
-4.226096359276656926e+02
-4.226110438856650262e+02
-4.226135245273409282e+02
-4.226136593156924164e+02
-4.226137410012610758e+02
-4.226141874714833762e+02
-4.226145092932621878e+02
-4.226145584142104781e+02
-4.226146829753312204e+02
-4.226147296781398950e+02
-4.226168747968341108e+02
-4.226169121522958108e+02
-4.226170152291343811e+02
-4.226170585707770897e+02
-4.226174687835185182e+02
-4.226208488323513848e+02
-4.226209896611509862e+02
-4.226210573874651004e+02
-4.226211075479719739e+02
-4.226211393469076256e+02
-4.226211759942511890e+02
-4.226212144117029084e+02
-4.226214031739947927e+02
-4.226214816795751972e+02
-4.226215484951836743e+02
-4.226215735356531127e+02
-4.226216353073905907e+02
-4.226216639737610876e+02
-4.226217063618524890e+02
-4.226217800166060101e+02
-4.226218174182441771e+02
-4.226218505848879090e+02
-4.226218684044230258e+02
-4.226219077275051177e+02
-4.226220258606941798e+02
-4.226220456168655915e+02
-4.226221115508840853e+02
-4.226221411023240080e+02
-4.226221863885410244e+02
-4.226222331014254792e+02
-4.226222635359417268e+02
-4.226223581855666112e+02
-4.226223757518617958e+02
-4.226224072627952069e+02
-4.226224533422752074e+02
-4.226224907236129980e+02
-4.226225213468637207e+02
-4.226226122730146813e+02
-4.226226294219770239e+02
-4.226226420376962096e+02
-4.226226648282180918e+02
-4.226226861797679817e+02
-4.226227289811134824e+02
-4.226227486479118056e+02
-4.226227682714877005e+02
-4.226228209236427915e+02
-4.226228544604043122e+02
-4.226228735737681745e+02
-4.226228896483113999e+02
-4.226229028049091880e+02
-4.226229153356384245e+02
-4.226229432814083111e+02
-4.226229712474827807e+02
-4.226229840643932789e+02
-4.226230031402212717e+02
-4.226230214176301843e+02
-4.226230369345923918e+02
-4.226230536358386871e+02
-4.226230822445107265e+02
-4.226230943069029991e+02
-4.226231132358553850e+02
-4.226231401986332799e+02
-4.226231598712150799e+02
