-4.224194111676071088e+02
-4.224569643544463133e+02
-4.224898504466643203e+02
-4.225081767705809739e+02
-4.225201122696512925e+02
-4.225366487859769222e+02
-4.225443091970527121e+02
-4.225497150051546100e+02
-4.225538704204266764e+02
-4.225629358486435763e+02
-4.225669957976733144e+02
-4.225740068942503740e+02
-4.225800747719533774e+02
-4.225872513720573806e+02
-4.225930840243897251e+02
-4.225937676053417817e+02
-4.225957794057774208e+02
-4.225987704271440748e+02
-4.225995800030011083e+02
-4.226008976404697250e+02
-4.226037243722852850e+02
-4.226057378075798852e+02
-4.226074272781946206e+02
-4.226086877847126857e+02
-4.226093160232239825e+02
-4.226109152119202008e+02
-4.226109710366712875e+02
-4.226137214883353863e+02
-4.226137852780196908e+02
-4.226144828985334243e+02
-4.226172190220237894e+02
-4.226184930273757914e+02
-4.226185208698348106e+02
-4.226193807926222803e+02
-4.226201937932506212e+02
-4.226202682678833753e+02
-4.226205655121826226e+02
-4.226207038548965897e+02
-4.226207516319349793e+02
-4.226208171216268852e+02
-4.226208477870787874e+02
-4.226208863400698874e+02
-4.226209118305944799e+02
-4.226209799974558905e+02
-4.226210079033659781e+02
-4.226210307225538259e+02
-4.226210782778986754e+02
-4.226211206018709845e+02
-4.226211569948313240e+02
-4.226213044658385911e+02
-4.226213376512740751e+02
-4.226213843554577920e+02
-4.226214047196543788e+02
-4.226214344469913726e+02
-4.226214930194104795e+02
-4.226215146181625073e+02
-4.226215424906699241e+02
-4.226215769666915776e+02
-4.226216378365821811e+02
-4.226216836935582819e+02
-4.226217288308770890e+02
-4.226217838937166107e+02
-4.226217983576689790e+02
-4.226218073960765196e+02
-4.226218221903961876e+02
-4.226218500204997213e+02
-4.226218877667030256e+02
-4.226219296640803123e+02
-4.226219708056377158e+02
-4.226220256877439283e+02
-4.226220502566940809e+02
-4.226220791515103770e+02
-4.226221060649191941e+02
-4.226221185821527797e+02
-4.226221426171629787e+02
-4.226221553974310723e+02
-4.226221769424141144e+02
-4.226222018076105087e+02
-4.226222333888117078e+02
-4.226222504251172722e+02
-4.226222699298091925e+02
-4.226222864685840932e+02
-4.226223061240335142e+02
-4.226223244740331779e+02
-4.226223551292869161e+02
-4.226223670679024735e+02
-4.226223728355636240e+02
-4.226223811466244911e+02
-4.226224039690789027e+02
-4.226224147168530862e+02
-4.226224253648239824e+02
-4.226224415365705909e+02
-4.226224484852423871e+02
-4.226224610452158004e+02
-4.226224934653171772e+02
-4.226225029787681819e+02
-4.226225172025887105e+02
-4.226225314756762828e+02
-4.226225611160093081e+02
-4.226225894005248733e+02
-4.226226722294690035e+02
-4.226227174776549873e+02
