!System                   N_qubits      N_iterations          N_pool
atp_0_be2_f14                   72                58        1,148,490
atp_0_be2_f10                   80                77        1,766,700
atp_0_be2_f15                   82                58        1,954,060
atp_0_be2_f11                   86                67        2,373,084
atp_0_be2_f2                    88                52        2,606,230 
atp_0_be2_f17                   90                42        2,856,150
atp_0_be2_f13                   94                31        3,409,474
atp_0_be2_f0                    96                26        3,714,504
atp_0_be2_f16                  110                 9        6,459,750
atp_0_be2_f21                  112                 7        6,950,020
atp_0_be2_f18                  114                 7        7,467,684
