9.999998878382579948e-01
9.999963214994099792e-01
9.999921641565248098e-01
9.999977035148638338e-01
9.987458971240141814e-01
9.971514118770811175e-01
9.959413577444148347e-01
9.960142529911661935e-01
9.972398470884019650e-01
9.951822267321063231e-01
9.956212190804900608e-01
9.969243782819434685e-01
9.967428059155247766e-01
9.944538826673784415e-01
9.943880119901695736e-01
9.965935384207087466e-01
9.991300284926860620e-01
9.967422678884012566e-01
9.979470147459414964e-01
9.932323810530347963e-01
9.964930378881613482e-01
9.939047126251512321e-01
8.200421420454202109e-03
6.977264239063852430e-03
8.467787235533458245e-03
2.018914658786183716e-03
4.933180349166758558e-03
2.348136478886886109e-03
1.254424765476503496e-04
3.856700611974424927e-03
1.192752124323453924e-03
2.130512420766888550e-03
3.546032624765421866e-03
4.621843560081212790e-03
1.401366124076256024e-03
1.503168258049728543e-03
1.693129187090389436e-03
9.070094693733347577e-04
1.907626828898651480e-03
2.173564965289243728e-03
1.831093535406028974e-03
3.646483647341738216e-03
1.984851469447479304e-03
2.098368697192984963e-03
