op     15   25   59   69   25   15   59   69                       -0.01882888670544781429                                                    
op     15   41   59   85   41   15   59   85                       -0.01656460760671707444                                                    
op      5   23   49   67   23    5   49   67                       -0.00832631459632752514                                                    
op     20   41   59   85   41   20   59   85                        0.00467646346495251882                                                    
op     15   25   59   73   25   15   59   73                        0.00648553906959888418                                                    
op     18   23   62   67   23   18   62   67                       -0.00488255324522032276                                                    
a_ia   15   25                                                      0.00116358451026567851                                                    
op      9   25   53   69   25    9   53   69                       -0.01072243910375416873                                                    
op     15   30   53   77   30   15   53   77                       -0.00633061009877210375                                                    
op     12   23   49   67   23   12   49   67                        0.00553458996010595169                                                    
op     17   25   61   69   25   17   61   69                       -0.00938007003649030113                                                    
op     15   41   64   85   41   15   64   85                        0.00464483667750449029                                                    
op     20   26   64   70   26   20   64   70                       -0.00800293242382599593                                                    
op     15   41   59   73   41   15   59   73                        0.00483337289446115516                                                    
