op     15   25   59   69   25   15   59   69                       -0.01888161450330475694                                                    
op     15   41   59   85   41   15   59   85                       -0.01651567740006593468                                                    
op      5   23   49   67   23    5   49   67                       -0.00835192862661061908                                                    
op     20   41   59   85   41   20   59   85                        0.00468455565384255559                                                    
op     15   25   59   73   25   15   59   73                        0.00648789163057314489                                                    
op     18   23   62   67   23   18   62   67                       -0.00488123740293503871                                                    
a_ia   15   25                                                      0.00115845873057948689                                                    
op      9   25   53   69   25    9   53   69                       -0.01077765171894649703                                                    
op     15   30   53   77   30   15   53   77                       -0.00633081472767135951                                                    
op     12   23   49   67   23   12   49   67                        0.00553355361696595584                                                    
op     17   25   61   69   25   17   61   69                       -0.00937650122405180031                                                    
op     15   41   64   85   41   15   64   85                        0.00463415598086238528                                                    
