op     15   25   59   69   25   15   59   69                       -0.01891946585475052026                                                    
op     15   41   59   85   41   15   59   85                       -0.01649495419718201294                                                    
op      5   23   49   67   23    5   49   67                       -0.00820244916075745130                                                    
op     20   41   59   85   41   20   59   85                        0.00470902028025018109                                                    
op     15   25   59   73   25   15   59   73                        0.00648825338140054421                                                    
op     18   23   62   67   23   18   62   67                       -0.00493749219998076104                                                    
a_ia   15   25                                                      0.00116947147529854406                                                    
op      9   25   53   69   25    9   53   69                       -0.01082798419855115352                                                    
op     15   30   53   77   30   15   53   77                       -0.00633125395391621361                                                    
op     12   23   49   67   23   12   49   67                        0.00552996784555041376                                                    
