op     18   21   46   49   21   18   46   49                       -0.01745717659113220702                                                    
op     18   22   46   50   22   18   46   50                       -0.01920039564960216924                                                    
a_ia   44   50                                                      0.00986761862359079867                                                    
op     19   25   47   53   25   19   47   53                       -0.00938572236523580947                                                    
op     17   23   45   51   23   17   45   51                       -0.01288842446881729130                                                    
op     19   25   47   51   25   19   47   51                        0.00417569573928503607                                                    
a_ia   18   20                                                     -0.00136384503293217286                                                    
mvp2   17   23   46   53   23   17   46   53                        0.00756680771357861031   -0.00009779370932951197                          
om     16   22   44   53   22   16   44   53                       -0.00703713177260360204                                                    
a_ia   14   20                                                      0.00330393652578962055                                                    
