op     18   21   46   49   21   18   46   49                       -0.01745359782770581833                                                    
op     18   22   46   50   22   18   46   50                       -0.01883938013661882668                                                    
a_ia   44   50                                                      0.00974517282696076015                                                    
op     19   25   47   53   25   19   47   53                       -0.00959590809962333410                                                    
op     17   23   45   51   23   17   45   51                       -0.01304874006028445416                                                    
op     19   25   47   51   25   19   47   51                        0.00431462528266753510                                                    
a_ia   18   20                                                     -0.00143835481811012498                                                    
mvp2   17   23   46   53   23   17   46   53                        0.00750856476946494544   -0.00051256043823352489                          
om     16   22   44   53   22   16   44   53                       -0.00704657746989748035                                                    
a_ia   14   20                                                      0.00298844167472913031                                                    
mvp2   16   22   46   50   22   16   46   50                       -0.00718433710486025921    0.00065803859532711584                          
op     19   25   47   52   25   19   47   52                       -0.00642891824414101865                                                    
a_ia   16   20                                                     -0.00293124922481628096                                                    
a_ia   17   23                                                      0.00307095469808693882                                                    
mvp2   17   23   46   51   23   17   46   51                        0.00693025580998055113   -0.00001704022123955538                          
op     17   24   45   52   24   17   45   52                       -0.00630699381381301903                                                    
a_ia   17   24                                                     -0.00282472735375882559                                                    
op     19   26   47   54   26   19   47   54                       -0.01061393116026046295                                                    
a_ia   42   53                                                      0.00529349229777753994                                                    
