op     18   21   46   49   21   18   46   49                       -0.01745819843220838136                                                    
op     18   22   46   50   22   18   46   50                       -0.01885344390099677470                                                    
a_ia   44   50                                                      0.00998839287761093056                                                    
op     19   25   47   53   25   19   47   53                       -0.00961704690714078846                                                    
op     17   23   45   51   23   17   45   51                       -0.01296245693907075239                                                    
op     19   25   47   51   25   19   47   51                        0.00435575177770055905                                                    
a_ia   18   20                                                     -0.00134704648701157903                                                    
mvp2   17   23   46   53   23   17   46   53                        0.00761011856651345759   -0.00029423859582130722                          
om     16   22   44   53   22   16   44   53                       -0.00700755488275557094                                                    
a_ia   14   20                                                      0.00309339641270151358                                                    
mvp2   16   22   46   50   22   16   46   50                       -0.00718548586421342578    0.00031807537267219429                          
op     19   25   47   52   25   19   47   52                       -0.00635510416358766542                                                    
a_ia   16   20                                                     -0.00298336111865788074                                                    
a_ia   17   23                                                      0.00337902026518797916                                                    
mvp2   17   23   46   51   23   17   46   51                        0.00694223013847044407   -0.00000147989365204817                          
