op     18   21   46   49   21   18   46   49                       -0.01745611072587796922                                                    
op     18   22   46   50   22   18   46   50                       -0.01887877682500058510                                                    
a_ia   44   50                                                      0.01005260240732551262                                                    
op     19   25   47   53   25   19   47   53                       -0.00959403454358223259                                                    
op     17   23   45   51   23   17   45   51                       -0.01290252503550513678                                                    
op     19   25   47   51   25   19   47   51                        0.00431355421387349079                                                    
a_ia   18   20                                                     -0.00128940468032586061                                                    
mvp2   17   23   46   53   23   17   46   53                        0.00756571760126316471   -0.00027296449099015099                          
om     16   22   44   53   22   16   44   53                       -0.00700773110172752799                                                    
a_ia   14   20                                                      0.00311463010829068562                                                    
mvp2   16   22   46   50   22   16   46   50                       -0.00718131295463898117    0.00028367197496204544                          
op     19   25   47   52   25   19   47   52                       -0.00631389130436149811                                                    
a_ia   16   20                                                     -0.00299896485152268332                                                    
a_ia   17   23                                                      0.00365045083910647350                                                    
