9.999984445725582649e-01
9.999947542880904816e-01
9.999876225091447468e-01
9.999872035574939311e-01
9.967084964365947597e-01
9.960331182199845257e-01
9.952235605249806216e-01
9.942040694119020916e-01
9.950415780680068600e-01
9.936639072242647863e-01
9.946506790006259813e-01
9.933995002126143614e-01
9.939227521394671250e-01
9.915123929318211404e-01
9.927545656783482997e-01
9.942985972343825196e-01
9.980665900457710293e-01
9.921686665679576578e-01
9.958001021780420459e-01
9.920101355735104764e-01
9.955144219602620748e-01
9.928825000645162824e-01
9.600159207111873261e-03
9.827551923113074170e-03
9.724126232366653300e-03
6.958497450248842670e-03
5.454887620830589472e-03
5.545097279804054625e-03
5.907684815079956506e-03
4.233374031305907337e-03
2.548755352013947276e-03
2.452916749368930054e-03
4.319994101413695761e-03
5.499315738468717012e-03
2.194456986548979673e-03
4.263039892138428821e-03
3.441734359409688755e-03
1.401253022874819967e-03
2.424510640339871785e-03
4.001222963992582399e-03
2.127745252413700081e-03
4.634964707450037885e-03
2.461095987033911150e-03
3.153957119446553978e-03
