op     18   22   46   50   22   18   46   50                       -0.04166243140389274541                                                    
op     17   22   45   50   22   17   45   50                       -0.02273698039398961562                                                    
mvp2   18   22   43   52   22   18   43   52                       -0.00632140578914485492    0.13820231690008416559                          
a_ia   14   22                                                      0.01822096364656484307                                                    
a_ia   43   50                                                      0.00422762855080114144                                                    
mvp2   18   22   47   52   22   18   47   52                       -0.01965777700174131323    0.39416110848172358772                          
a_ia   43   52                                                     -0.00085987695642961181                                                    
a_ia   14   23                                                      0.00375925397721695205                                                    
a_ia   17   22                                                      0.00861323115970616567                                                    
mvp2   17   22   44   52   22   17   44   52                       -0.00989094152903379278    0.00556251120211419346                          
mvp2   16   24   44   52   24   16   44   52                       -0.01539166725561634703   -0.00200346444475409677                          
a_ia   16   22                                                     -0.00416662442108745382                                                    
a_ia   16   24                                                      0.00933992370287477919                                                    
a_ia   43   53                                                      0.00881065046337221706                                                    
a_ia   14   25                                                     -0.00207294666276918935                                                    
