op     18   22   46   50   22   18   46   50                       -0.04136664553505079583                                                    
op     17   22   45   50   22   17   45   50                       -0.02273703255639166962                                                    
mvp2   18   22   43   52   22   18   43   52                       -0.00628176426747665759    0.13794303669954571800                          
a_ia   14   22                                                      0.01824639343506631248                                                    
a_ia   43   50                                                      0.00421198009617535039                                                    
mvp2   18   22   47   52   22   18   47   52                       -0.01959656844118969413    0.39396719604101265721                          
a_ia   43   52                                                     -0.00086486697994541599                                                    
a_ia   14   23                                                      0.00379137616546867864                                                    
a_ia   17   22                                                      0.00859219337704769485                                                    
mvp2   17   22   44   52   22   17   44   52                       -0.00969265933351496495    0.00615986868880050598                          
mvp2   16   24   44   52   24   16   44   52                       -0.01566695766526594522   -0.00268908679461500816                          
a_ia   16   22                                                     -0.00406493784992277823                                                    
a_ia   16   24                                                      0.00927860952265633851                                                    
a_ia   43   53                                                      0.00875797431996974511                                                    
a_ia   14   25                                                     -0.00169510570890879899                                                    
mvp2   44   50   45   52   44   45   50   52                        0.00820884498073978959    0.00120076485888793950                          
a_ia   40   50                                                      0.00369672799699704863                                                    
mvp2   12   22   45   50   22   12   45   50                       -0.00557812956062950661   -0.00003313241382402298                          
op     17   27   45   55   27   17   45   55                       -0.01135223980247191539                                                    
