op     18   22   46   50   22   18   46   50                       -0.04172947845259677296                                                    
op     17   22   45   50   22   17   45   50                       -0.02285993178324985386                                                    
mvp2   18   22   43   52   22   18   43   52                       -0.00629012370862080256    0.13800593575231792642                          
a_ia   14   22                                                      0.01815526660311135576                                                    
a_ia   43   50                                                      0.00420394623571696945                                                    
mvp2   18   22   47   52   22   18   47   52                       -0.01966014320509361715    0.39401895418695609408                          
a_ia   43   52                                                     -0.00086561442334998800                                                    
a_ia   14   23                                                      0.00379364425418668395                                                    
a_ia   17   22                                                      0.00852381447847344771                                                    
mvp2   17   22   44   52   22   17   44   52                       -0.00986768877194541504    0.00606255060188454816                          
mvp2   16   24   44   52   24   16   44   52                       -0.01592123222966910015   -0.00252152616678538201                          
a_ia   16   22                                                     -0.00411718358017074126                                                    
a_ia   16   24                                                      0.00926311843169636169                                                    
a_ia   43   53                                                      0.00876579268372183751                                                    
a_ia   14   25                                                     -0.00169325675746508889                                                    
mvp2   44   50   45   52   44   45   50   52                        0.00830130760478218349    0.00090487844233412594                          
a_ia   40   50                                                      0.00387676122244536535                                                    
