9.999983325839015835e-01
9.999925949708610151e-01
9.999954871061030870e-01
9.962619183006520274e-01
9.965972803682288106e-01
9.988688028940393426e-01
9.990693323455479558e-01
9.976573171225333603e-01
9.976289926192525304e-01
9.990792937161928622e-01
9.979384203542946974e-01
9.863713040688590894e-01
9.939200017952094512e-01
9.929226944632479901e-01
9.789431663068061118e-01
9.736068903982892930e-01
3.412504105524055698e-02
2.109023868865091481e-02
5.705885098300815354e-03
2.047478862000903527e-03
6.693584298362659918e-03
1.041529539956376508e-03
2.139193838721772760e-03
1.575667470771417939e-03
2.381446076498559827e-03
1.072318549611874948e-03
8.204574221249987150e-04
2.186330490253682486e-03
1.522073615881553528e-03
2.749213993787140604e-03
4.080797865174763152e-03
1.916913714530514958e-03
