-2.617510566368881086e+02
-2.617543608077447175e+02
-2.617560510203235822e+02
-2.617598433986394753e+02
-2.617618492784702084e+02
-2.617646878239444277e+02
-2.617664137453825219e+02
-2.617683831247351804e+02
-2.617695789726222984e+02
-2.617703595293991725e+02
-2.617720539831365727e+02
-2.617723717516191186e+02
-2.617732641273298100e+02
-2.617741700252922215e+02
-2.617748472913792739e+02
-2.617748795329645759e+02
-2.617763446339835127e+02
-2.617770106136994173e+02
-2.617774765432852178e+02
-2.617795023119348912e+02
-2.617801092313437721e+02
-2.617814079438650765e+02
-2.617842277447123251e+02
-2.617873124187652252e+02
-2.617873593899861930e+02
-2.617874024167755920e+02
-2.617874447901377266e+02
-2.617911992195354856e+02
-2.617920221597955219e+02
-2.617921535602457084e+02
-2.617930754855136115e+02
-2.617936213067408175e+02
-2.617957001631347111e+02
-2.617957680788867947e+02
-2.617957932120198166e+02
-2.617964427666586857e+02
-2.617968531250867272e+02
-2.617969020736056791e+02
-2.617972538966880052e+02
-2.617973506678010267e+02
-2.617991711065807863e+02
-2.617995179398820937e+02
-2.618009658925711847e+02
-2.618011877320785743e+02
-2.618018483821696805e+02
-2.618021606349429931e+02
-2.618037072467905091e+02
-2.618037745407855823e+02
-2.618039132352184879e+02
-2.618039886137688086e+02
-2.618041695666855162e+02
-2.618064112169914779e+02
-2.618064428208219283e+02
-2.618064551690671919e+02
-2.618064920312654067e+02
-2.618065886688186765e+02
-2.618066116703736270e+02
-2.618075117105664162e+02
-2.618079343212975232e+02
-2.618084083140361145e+02
-2.618092523075707732e+02
-2.618098425732106875e+02
-2.618103271844549909e+02
-2.618105633455591033e+02
-2.618111323580299086e+02
-2.618111859073683831e+02
-2.618112674137153135e+02
-2.618112823549677728e+02
-2.618114908587955938e+02
-2.618115440487064802e+02
-2.618116031670895723e+02
-2.618116591975551728e+02
-2.618117250884602072e+02
-2.618117945503632882e+02
-2.618131448172659930e+02
-2.618131738405447777e+02
-2.618132534066584185e+02
-2.618175390774608218e+02
-2.618176264391655081e+02
-2.618176329948167904e+02
-2.618176587002499218e+02
-2.618177065026055743e+02
-2.618177090434655838e+02
-2.618181251669990957e+02
-2.618181651004459809e+02
-2.618181746982937739e+02
-2.618183021459789757e+02
-2.618186739777241883e+02
-2.618186960144682871e+02
-2.618187098885418891e+02
-2.618187717711136884e+02
-2.618187885531863230e+02
-2.618188194856721793e+02
-2.618188646779839246e+02
-2.618189620927627743e+02
-2.618189790923893838e+02
-2.618190354317393940e+02
-2.618190847667863181e+02
-2.618191208846017730e+02
-2.618191223546094761e+02
-2.618191276663172857e+02
-2.618191834407094802e+02
-2.618193798711309910e+02
-2.618194007023358836e+02
-2.618194009505676831e+02
-2.618210644798804196e+02
-2.618210915942885890e+02
-2.618211154845985789e+02
-2.618211160767501156e+02
-2.618211539090100928e+02
-2.618211558105231802e+02
-2.618212140282802238e+02
-2.618212140213919952e+02
-2.618212182749746830e+02
-2.618212196968593162e+02
-2.618212213797049230e+02
-2.618214715524180178e+02
-2.618214717835642773e+02
-2.618214728169152750e+02
-2.618215222639780109e+02
-2.618215240865835085e+02
-2.618215711940118808e+02
-2.618215826582672889e+02
-2.618216087529381184e+02
-2.618216352154287279e+02
-2.618216352364744921e+02
-2.618216354152373242e+02
-2.618216585362716842e+02
-2.618219474322169162e+02
-2.618219474004654899e+02
-2.618219536304508210e+02
-2.618219595163379267e+02
-2.618219598259573786e+02
-2.618224999598484146e+02
-2.618225276741603125e+02
-2.618225296894029839e+02
-2.618248107332884160e+02
-2.618248276479097854e+02
-2.618248276493329172e+02
-2.618248409694373890e+02
-2.618248466710833213e+02
-2.618262444225296122e+02
-2.618262444150955162e+02
-2.618262637072916164e+02
-2.618276170268156875e+02
-2.618296241770859751e+02
-2.618296413797880859e+02
-2.618298511893161731e+02
-2.618298512832516280e+02
-2.618298548234503755e+02
-2.618298558523828774e+02
-2.618299129322172121e+02
-2.618299131891790239e+02
-2.618299281218764918e+02
-2.618299314630764911e+02
-2.618299964791236789e+02
-2.618300182701271979e+02
-2.618300249222268121e+02
-2.618300249745175847e+02
-2.618300249487223255e+02
-2.618300503165808095e+02
-2.618300548049272720e+02
-2.618300609444972906e+02
-2.618302659308837974e+02
-2.618320542319860920e+02
-2.618320547368879261e+02
-2.618320718282366215e+02
-2.618339870808920864e+02
-2.618339981096829092e+02
-2.618340630793481978e+02
-2.618340661416984858e+02
-2.618340665872997874e+02
-2.618340666110005941e+02
-2.618341177200464926e+02
-2.618343457283739895e+02
-2.618343457833005914e+02
-2.618343753853906151e+02
-2.618343821060220193e+02
-2.618344402343702200e+02
-2.618348234877677783e+02
-2.618348474218431079e+02
-2.618348538871400137e+02
-2.618348627391945911e+02
-2.618348715516685274e+02
-2.618348730788915191e+02
-2.618349316120364279e+02
-2.618349425593713136e+02
-2.618349568581310791e+02
-2.618349775405608852e+02
-2.618350219165653812e+02
-2.618350229997785164e+02
-2.618350238507924246e+02
-2.618350263495552781e+02
-2.618350568876081752e+02
-2.618350672589024839e+02
-2.618350971298207810e+02
-2.618351027297849214e+02
-2.618351043415124195e+02
-2.618351708387946246e+02
-2.618351822318031736e+02
-2.618352285646461723e+02
-2.618352375785855770e+02
-2.618352382848199227e+02
-2.618362812131190935e+02
-2.618363270178697917e+02
-2.618363280580119863e+02
-2.618363444690447182e+02
-2.618363454607148242e+02
-2.618363654591800014e+02
-2.618363682930382765e+02
-2.618363835459500137e+02
-2.618364020148001146e+02
-2.618364042125028277e+02
-2.618364056059930931e+02
-2.618364077067336098e+02
-2.618364078149385250e+02
-2.618364587356384163e+02
-2.618364587134790895e+02
-2.618377977530388989e+02
-2.618378066679620133e+02
-2.618378130637992172e+02
-2.618378132247119083e+02
-2.618378324275068962e+02
-2.618378324981317178e+02
-2.618378325324604248e+02
-2.618378401422938282e+02
-2.618378403374921959e+02
-2.618378403324600754e+02
-2.618378420827847890e+02
-2.618378421159147251e+02
-2.618378420826304023e+02
-2.618380939562409253e+02
-2.618384336946634789e+02
-2.618384386906300847e+02
-2.618384433867333883e+02
-2.618384453915991799e+02
-2.618384484048290801e+02
-2.618384595694872132e+02
-2.618384745254509198e+02
-2.618384790507063826e+02
-2.618385034110190759e+02
-2.618385034045912789e+02
-2.618385034482893730e+02
-2.618385438564517926e+02
-2.618385438775786724e+02
-2.618385557961261725e+02
-2.618385767532573141e+02
-2.618386283788503874e+02
-2.618386284139137956e+02
-2.618386284583178849e+02
-2.618386284522761116e+02
-2.618386383442924057e+02
-2.618386383645557203e+02
-2.618386383745976786e+02
-2.618386383475615844e+02
-2.618386584019187922e+02
-2.618386591606086995e+02
-2.618386595339489986e+02
-2.618386596757324014e+02
-2.618386614986093264e+02
-2.618386623496776906e+02
-2.618386623445542796e+02
-2.618386646885352889e+02
-2.618386646830508084e+02
-2.618386706797264196e+02
-2.618386707258945876e+02
-2.618386706762314020e+02
-2.618387109586448105e+02
-2.618387453904322228e+02
-2.618387453711471267e+02
-2.618387463916603224e+02
-2.618387464757951193e+02
-2.618387464782271081e+02
-2.618387534430339088e+02
-2.618387534479754208e+02
