9.999965200984500813e-01
9.999887442142170180e-01
9.999878852988841604e-01
9.957619765836139836e-01
9.955427034537421838e-01
9.949266730222805499e-01
9.955316080516624089e-01
9.942781106969899030e-01
9.962735732328389382e-01
9.934182675884570823e-01
9.942984732156783245e-01
9.869654077527310054e-01
9.925027387914495680e-01
9.920239866307045684e-01
9.799841786627714324e-01
9.750363009843951989e-01
3.193736732672240036e-02
2.028911794785744072e-02
5.830026333522390566e-03
4.734111348513035319e-03
8.840843117254870015e-03
2.460366322869487511e-03
4.708479288134847368e-03
2.703645815913499270e-03
3.961057042585962133e-03
2.778399656119692404e-03
1.131612560895628927e-03
5.476590406964975538e-03
2.933396860264380571e-03
5.550982386469957043e-03
5.429397561623519261e-03
4.717457717981612085e-03
