-2.617545383871379272e+02
-2.617688960841268226e+02
-2.617718230856982018e+02
-2.617764064420894101e+02
-2.617794120494398271e+02
-2.617850783760403033e+02
-2.617884049019460804e+02
-2.617939475402417884e+02
-2.617973156145217217e+02
-2.617995400319896930e+02
-2.618023516862506881e+02
-2.618043488674538253e+02
-2.618060501791638899e+02
-2.618066538477680183e+02
-2.618113579058733080e+02
-2.618126896222112805e+02
-2.618156563899767093e+02
-2.618160373284816842e+02
-2.618184140328897911e+02
-2.618209437626396152e+02
-2.618242715312618998e+02
-2.618291161126820157e+02
-2.618298050246114030e+02
-2.618308566430462747e+02
-2.618314994888900742e+02
-2.618334111454229856e+02
-2.618340499124428220e+02
-2.618360209199448718e+02
-2.618390914741755751e+02
-2.618393670815411269e+02
-2.618397189124768829e+02
-2.618409397733651076e+02
-2.618412381069945809e+02
-2.618425478562448916e+02
-2.618456953876835769e+02
-2.618457554511887224e+02
-2.618469010203768903e+02
-2.618475966555571972e+02
-2.618493344498841111e+02
-2.618521087123418170e+02
-2.618545188350357193e+02
-2.618559551587766805e+02
-2.618560263468042990e+02
-2.618564005958709231e+02
-2.618567862370204011e+02
-2.618571912697781841e+02
-2.618578741521267261e+02
-2.618609048105735724e+02
-2.618632470265889083e+02
-2.618642513214578003e+02
-2.618644183230791214e+02
-2.618650553661008189e+02
-2.618654848106359054e+02
-2.618657973688953007e+02
-2.618701486440957069e+02
-2.618702146791446239e+02
-2.618702616314960210e+02
-2.618704148152282869e+02
-2.618731237472583189e+02
-2.618741363290183131e+02
-2.618742183341428245e+02
-2.618763855672091836e+02
-2.618764358248910185e+02
-2.618764707844030113e+02
-2.618765520908470990e+02
-2.618765650786099854e+02
-2.618767324676621797e+02
-2.618814499005544008e+02
-2.618821633791034742e+02
-2.618822204243359124e+02
-2.618826938231574104e+02
-2.618827327204036237e+02
-2.618832184503322082e+02
-2.618832757896707903e+02
-2.618832998015677163e+02
-2.618834954476212147e+02
-2.618855215443169868e+02
-2.618876200089678150e+02
-2.618878898435668816e+02
-2.618879936136797255e+02
-2.618880685971587923e+02
-2.618880983559795936e+02
-2.618890067648065951e+02
-2.618891492675454060e+02
-2.618891840777843072e+02
-2.618893175055883944e+02
-2.618894342739707213e+02
-2.618894637760229784e+02
-2.618894856202525716e+02
-2.618895375368960003e+02
-2.618895585266021726e+02
-2.618895984097464975e+02
-2.618896374419443873e+02
-2.618896604267213206e+02
-2.618896930698836059e+02
-2.618905337778343778e+02
-2.618907959938501904e+02
-2.618908070924027243e+02
-2.618909814386946096e+02
-2.618910226999431075e+02
-2.618910313813273092e+02
-2.618912699558907207e+02
-2.618913305245933998e+02
-2.618913601317661914e+02
-2.618913759765259783e+02
-2.618924134194198245e+02
-2.618924984911172942e+02
-2.618948594471049205e+02
-2.618966729333071726e+02
-2.618967147717926878e+02
-2.618967373726023879e+02
-2.618967888878821100e+02
-2.618968017131438160e+02
-2.618968085842353162e+02
-2.618968807901774198e+02
-2.618968810887730001e+02
-2.618970473396623788e+02
-2.618970632433662900e+02
-2.618972766764982225e+02
-2.618973203644562773e+02
-2.618973259649723104e+02
-2.618973309736301189e+02
-2.618974008201560082e+02
-2.618974269077401118e+02
-2.618975123558570886e+02
-2.618976139390188109e+02
-2.618984669907974876e+02
-2.618991094593367848e+02
-2.618991314310620737e+02
-2.618991505069785717e+02
-2.619019760823305774e+02
-2.619021438276478193e+02
-2.619034696367083939e+02
-2.619036015320339743e+02
-2.619037094508585142e+02
-2.619037512787738251e+02
-2.619038888376312002e+02
-2.619039414379794266e+02
-2.619072681194077177e+02
-2.619100743396954840e+02
-2.619100778299052195e+02
-2.619101013466054724e+02
-2.619101028154495907e+02
-2.619101318917332719e+02
-2.619101658870313258e+02
-2.619101803055306732e+02
-2.619101939856776085e+02
-2.619102077971700169e+02
-2.619102884513703771e+02
-2.619103059719377029e+02
-2.619103179855426902e+02
-2.619104251865095989e+02
-2.619104445685409246e+02
-2.619106334948356789e+02
-2.619106436381263734e+02
-2.619106605736392908e+02
-2.619106828930775919e+02
-2.619107079515936221e+02
-2.619107248842685749e+02
-2.619107360914189258e+02
-2.619107448423005167e+02
-2.619108084002713781e+02
-2.619108114285755846e+02
-2.619108115162350146e+02
-2.619108597682172217e+02
-2.619108607921846783e+02
-2.619109072445156130e+02
-2.619109366452997278e+02
-2.619110352873959755e+02
-2.619110386457265918e+02
-2.619110553938489829e+02
-2.619110860930006197e+02
-2.619110921316212170e+02
-2.619111160585575249e+02
-2.619111288926002885e+02
-2.619111397218961770e+02
-2.619112080417157813e+02
-2.619112880568617925e+02
-2.619113315955107737e+02
-2.619113508359816933e+02
-2.619113948161095777e+02
-2.619113951039473136e+02
-2.619114156250354881e+02
-2.619114203607904869e+02
-2.619114258877302746e+02
-2.619114263077000260e+02
-2.619114297551595882e+02
-2.619114591778018735e+02
-2.619114758791710074e+02
-2.619114808662013161e+02
-2.619114811685344080e+02
-2.619114954934104844e+02
-2.619115087025735988e+02
-2.619115091424704929e+02
-2.619115128913479111e+02
-2.619115571545838748e+02
-2.619116323933897093e+02
-2.619116346228507268e+02
-2.619116425112516140e+02
-2.619116855224626192e+02
-2.619117102093463245e+02
-2.619117132867035025e+02
-2.619117142911168230e+02
-2.619117217924688248e+02
-2.619117611688820944e+02
-2.619117712714602249e+02
-2.619117748218405950e+02
-2.619117844769593830e+02
-2.619118054838189096e+02
-2.619118182451894086e+02
-2.619118837546889154e+02
-2.619118860700693858e+02
-2.619119007004064770e+02
-2.619119030909470780e+02
-2.619119072111171249e+02
-2.619119276461321988e+02
-2.619120042621395896e+02
-2.619120054300851166e+02
-2.619120055162618996e+02
-2.619121172448905099e+02
-2.619122465277679908e+02
-2.619122709849883108e+02
-2.619122711945004767e+02
-2.619122767127323073e+02
-2.619122996477968854e+02
-2.619123008160794939e+02
-2.619123213515691191e+02
-2.619124168617133250e+02
-2.619124178217842882e+02
-2.619124426005300279e+02
-2.619124485551255930e+02
-2.619124640553678773e+02
-2.619124738686227829e+02
-2.619126994921006144e+02
-2.619127009286542034e+02
-2.619127051090932241e+02
-2.619127365485206838e+02
-2.619127385396690784e+02
-2.619127730979203079e+02
-2.619127746062368942e+02
-2.619128060568523892e+02
-2.619128266200660278e+02
-2.619128268111376201e+02
-2.619128286317480843e+02
-2.619128332354138138e+02
-2.619128778418578918e+02
-2.619128870184857760e+02
-2.619128880167987177e+02
-2.619128942549829162e+02
-2.619128988590421159e+02
-2.619129023987937899e+02
-2.619129052517607761e+02
-2.619129823828570807e+02
-2.619129933363486771e+02
-2.619130058829512109e+02
-2.619130269903125736e+02
-2.619130278999074903e+02
-2.619130337897412915e+02
-2.619130813041023771e+02
-2.619130824262035162e+02
-2.619131230283176137e+02
-2.619131288585680863e+02
-2.619131301629277004e+02
-2.619131302071256755e+02
-2.619131418730797805e+02
-2.619131565861703166e+02
-2.619131724747180101e+02
-2.619132057997018137e+02
-2.619132074522514131e+02
-2.619132074504030925e+02
-2.619132284719377139e+02
-2.619132344724806103e+02
-2.619132418527956929e+02
-2.619132625570348978e+02
-2.619132712736480926e+02
-2.619132731708036772e+02
-2.619132734422519206e+02
-2.619132744760436253e+02
-2.619133461588630780e+02
-2.619133462823538139e+02
-2.619133482142669891e+02
-2.619134605880623781e+02
-2.619134619302375881e+02
-2.619134627985362727e+02
-2.619134631394354074e+02
-2.619134815576294955e+02
-2.619134824200359049e+02
-2.619135608638242161e+02
-2.619135707470263128e+02
-2.619135860031723837e+02
-2.619135885774725807e+02
