op     18   21   46   49   21   18   46   49                       -0.05125752979859231340                                                    
op     17   21   45   49   21   17   45   49                       -0.04952374072749772538                                                    
mvp2   17   21   43   48   21   17   43   48                       -0.01905302842664441387    0.28193741277849587723                          
a_ia    9   21                                                      0.01167656328246720332                                                    
mvp2   43   49   45   53   43   45   49   53                       -0.00927498663427556332    0.29590736150730162501                          
a_ia   43   53                                                     -0.00425307482967695206                                                    
a_ia   43   49                                                      0.00148863344374251978                                                    
a_ia   12   21                                                      0.03157878370224680153                                                    
mvp2   15   20   17   21   15   17   21   20                       -0.01209042537705564552   -0.35167442418307415242                          
op     18   20   46   49   20   18   46   49                        0.01731083732860334151                                                    
mvp2   15   21   43   49   21   15   43   49                       -0.00647900695681797451   -0.00015554195390184774                          
a_ia   43   45                                                     -0.00015773477286308883                                                    
mvp2   12   21   40   49   21   12   40   49                       -0.01856563525141711329    0.77493990890475006328                          
a_ia   12   21                                                      0.00259042524211860244                                                    
a_ia   43   45                                                     -0.18621053121800504315                                                    
mvp2   16   20   46   49   20   16   46   49                        0.01056245602822631670    0.25102902587409703372                          
a_ia   12   20                                                     -0.00576395519815062120                                                    
a_ia    8   21                                                     -0.01006978999278015062                                                    
mvp3   45   49   47   53   45   47   53   49   45   47   49   53    0.01406464229007661597   -0.43877669524259443889   -1.74839862479787910843
a_ia   47   49                                                      0.00119410503714282418                                                    
mvp2   18   21   47   54   21   18   47   54                        0.01460937369422159703   -0.24432373201345133906                          
