-4.224201641596990271e+02
-4.224541146751785163e+02
-4.224743290521640233e+02
-4.224874369610698750e+02
-4.224952460485399115e+02
-4.225058288218020834e+02
-4.225137120954967145e+02
-4.225235797124246915e+02
-4.225317868784857751e+02
-4.225424206744007734e+02
-4.225498755343012931e+02
-4.225545486317399764e+02
-4.225588193739403096e+02
-4.225666336112087151e+02
-4.225725994178965266e+02
-4.225759720051203772e+02
-4.225829922350501988e+02
-4.225867225078807223e+02
-4.225893877003529155e+02
-4.225911552358705876e+02
-4.225926712752960270e+02
-4.225961803252276923e+02
-4.225986297288623064e+02
-4.226022123953395067e+02
-4.226060278668209094e+02
-4.226088012491724726e+02
-4.226093243435722115e+02
-4.226097754983530876e+02
-4.226104660984019006e+02
-4.226129044484508199e+02
-4.226137426462719873e+02
-4.226148691145900784e+02
-4.226150414692157824e+02
-4.226168075732110196e+02
-4.226173680423751762e+02
-4.226190889978224163e+02
