op     18   21   46   49   21   18   46   49                       -0.04031523210715570738                                                    
op     17   21   45   49   21   17   45   49                       -0.03276418661481454719                                                    
op     17   21   45   50   21   17   45   50                        0.00660160514154819848                                                    
op     17   21   45   48   21   17   45   48                        0.00983413723118979621                                                    
mvp2   18   21   43   48   21   18   43   48                       -0.01048900239249899065    0.00331780183416783897                          
op     19   24   47   52   24   19   47   52                       -0.01830770029828962878                                                    
mvp2   18   21   47   52   21   18   47   52                        0.01190772650627448456   -0.00196311501901801772                          
a_ia   10   21                                                     -0.01420783045003391407                                                    
a_ia   10   21                                                     -0.00007180479003687935                                                    
a_ia   10   21                                                     -0.00079818030154197759                                                    
a_ia   18   24                                                     -0.00123341150600699977                                                    
mvp2   18   21   19   25   18   19   25   21                       -0.01162583031614901861    0.33148211641537556060                          
a_ia   38   49                                                     -0.01363933217581173203                                                    
a_ia   38   50                                                      0.00446534184286270525                                                    
a_ia   45   52                                                      0.00223238991155249103                                                    
a_ia   44   49                                                     -0.00199759459482186201                                                    
mvp2   18   21   47   53   21   18   47   53                       -0.01453774550695374236    0.39068569158645199968                          
a_ia   19   25                                                      0.00133154918646413581                                                    
