9.991576719562806908e-01
9.989001563284813923e-01
9.989373170307802585e-01
9.989605149187206212e-01
9.978984132968191645e-01
9.966313110701920941e-01
9.983803159288731077e-01
9.978950999994168347e-01
9.957528733975657964e-01
9.956485728783600608e-01
9.963463209390456266e-01
9.965110060237387657e-01
9.993697717525888979e-01
9.933490418736634631e-01
9.932568603791691597e-01
9.954563616295615258e-01
9.943913558898540700e-03
1.843512844080541849e-02
5.075149671386763178e-03
5.164100822810770500e-03
4.372336954319470774e-03
4.557760970411999998e-03
