-4.224102235985668017e+02
-4.224259591903058890e+02
-4.224382407911729160e+02
-4.224466959763029763e+02
-4.224541796288552860e+02
-4.224597538367202105e+02
-4.224687092026514961e+02
-4.224739910610887250e+02
-4.224824563890018112e+02
-4.224900997367286095e+02
-4.224983749964632125e+02
-4.225052162779148830e+02
-4.225070675425121749e+02
-4.225116384590843950e+02
-4.225172634502370101e+02
-4.225200782461221820e+02
-4.225223158259727256e+02
-4.225247153519824224e+02
-4.225266153886947791e+02
-4.225283214485579038e+02
-4.225312818937907764e+02
-4.225362480830715981e+02
-4.225379559993863268e+02
-4.225426261085506781e+02
-4.225449082694531171e+02
-4.225465647090812240e+02
-4.225491658585318078e+02
-4.225509323101055088e+02
-4.225519674869601090e+02
-4.225527567727962719e+02
-4.225546635940127089e+02
-4.225559983552504946e+02
-4.225582839985581245e+02
-4.225583349944918155e+02
-4.225634931898770219e+02
-4.225659790642130815e+02
-4.225686897043257773e+02
-4.225691657235382195e+02
-4.225693455265483749e+02
-4.225699602090982125e+02
-4.225705650323944269e+02
-4.225717050062219755e+02
-4.225751297229153920e+02
-4.225776536998416191e+02
-4.225781927900661117e+02
-4.225802096126142828e+02
-4.225817031945663871e+02
-4.225821724883600154e+02
-4.225822273125169204e+02
-4.225822547634343778e+02
-4.225837600863994226e+02
-4.225838259066513842e+02
-4.225843928885170158e+02
-4.225844247731707810e+02
-4.225895771693889742e+02
-4.225899487188736998e+02
-4.225899922362223720e+02
-4.225900241302308018e+02
-4.225917099455243147e+02
-4.225944241487762270e+02
-4.225951881649921233e+02
-4.225984404458233143e+02
-4.225986436191350890e+02
-4.225993383257002733e+02
-4.226000270247009780e+02
-4.226013558453241217e+02
-4.226013741265397812e+02
-4.226023700193522927e+02
-4.226024285940296750e+02
-4.226024551211443168e+02
-4.226024740786779716e+02
-4.226026462498080036e+02
-4.226028338038078118e+02
-4.226028531837700939e+02
-4.226032528750814095e+02
-4.226038294802187920e+02
-4.226058054236772250e+02
-4.226069963049927196e+02
-4.226070442534534095e+02
-4.226070636971165868e+02
-4.226070827725782806e+02
-4.226071077737879023e+02
-4.226077923117940145e+02
-4.226078584697102087e+02
-4.226094306979297244e+02
-4.226101187650804718e+02
-4.226110928990723892e+02
-4.226111142849496218e+02
-4.226113850686299998e+02
-4.226114166314247882e+02
-4.226114562034920823e+02
-4.226114707904615102e+02
-4.226114921047571897e+02
-4.226115118932286805e+02
-4.226115292859988131e+02
-4.226115445726691746e+02
-4.226115683440810926e+02
-4.226115914372152815e+02
-4.226122649559168281e+02
-4.226122841611060039e+02
-4.226123105620492879e+02
-4.226123777538691115e+02
-4.226123948071502241e+02
-4.226124163009578751e+02
-4.226124256040894807e+02
-4.226132015884231237e+02
-4.226132202058324765e+02
-4.226133321488637193e+02
-4.226133533387463785e+02
-4.226134448009074163e+02
-4.226134523893800861e+02
-4.226134601352729874e+02
-4.226139463780094729e+02
-4.226139555735807107e+02
-4.226139721375037084e+02
-4.226139837560202182e+02
-4.226139980231354798e+02
-4.226140173765256804e+02
-4.226140334659179985e+02
-4.226139933866410843e+02
-4.226139628793172847e+02
-4.226139116210393922e+02
-4.226138717683871846e+02
-4.226138589583359249e+02
-4.226138245968850242e+02
-4.226138114670429218e+02
-4.226138132146982116e+02
-4.226137697988277182e+02
-4.226137313791875272e+02
-4.226137027418104140e+02
-4.226136773819977179e+02
-4.226145202896580031e+02
-4.226145276765130916e+02
-4.226145448585543249e+02
-4.226145353530553734e+02
-4.226145246577485750e+02
-4.226144844931945954e+02
-4.226144895986464007e+02
-4.226144714833762919e+02
-4.226154056134345751e+02
-4.226154252420782882e+02
-4.226154274556780024e+02
-4.226153918972037218e+02
-4.226154042641720139e+02
-4.226153977752977084e+02
-4.226153743714415896e+02
-4.226153783799896928e+02
-4.226153950615129133e+02
-4.226153807353147158e+02
-4.226153750868807037e+02
-4.226153574892720144e+02
-4.226159298510788744e+02
-4.226159326192230878e+02
-4.226159380486736268e+02
-4.226159411611761811e+02
-4.226159502917496980e+02
-4.226159627762024797e+02
-4.226159452084647228e+02
-4.226168396091019872e+02
-4.226168504019768193e+02
-4.226168347859193091e+02
-4.226168181955827094e+02
-4.226168317299176920e+02
-4.226168296438829088e+02
-4.226168437444504207e+02
-4.226174561385381026e+02
-4.226168274847120756e+02
-4.226168151556640282e+02
-4.226168330818990739e+02
-4.226168469722686041e+02
-4.226168296594660205e+02
-4.226168237415648719e+02
-4.226168218062545066e+02
-4.226173181237268750e+02
-4.226168323792770138e+02
-4.226168194054056926e+02
-4.226168441334165777e+02
-4.226168235612777835e+02
-4.226177807253021115e+02
-4.226168336239597920e+02
-4.226174868819938979e+02
-4.226168238377234161e+02
-4.226168205151971051e+02
-4.226168325759393838e+02
-4.226168137626887074e+02
-4.226168365161275915e+02
-4.226168264248373134e+02
-4.226169921974733938e+02
-4.226168249156207821e+02
-4.226168159054486750e+02
-4.226168149592331815e+02
-4.226168520575537855e+02
-4.226168290120044730e+02
-4.226168350112874919e+02
-4.226168359091506090e+02
-4.226168421101094168e+02
-4.226168348884966122e+02
-4.226168214333393962e+02
-4.226168128180406143e+02
-4.226168048942394080e+02
-4.226168179035968819e+02
-4.226168266408300838e+02
-4.226168245324657846e+02
-4.226168297182479137e+02
-4.226168053617785176e+02
-4.226168391300536200e+02
-4.226168286206666949e+02
-4.226168181375451809e+02
-4.226168506039816748e+02
-4.226173352588584748e+02
-4.226168250993147808e+02
-4.226168302842493176e+02
-4.226168291891984836e+02
-4.226177760101314789e+02
-4.226168160253760107e+02
-4.226168379092968053e+02
-4.226168112066806088e+02
-4.226168411407956000e+02
-4.226168523885788204e+02
-4.226168291220550941e+02
-4.226168288883723108e+02
-4.226168356155268953e+02
-4.226168419138576837e+02
-4.226168462869924838e+02
-4.226168256581117930e+02
-4.226168087306165262e+02
-4.226168309572242947e+02
-4.226168132875363881e+02
-4.226168077446616280e+02
-4.226173017453988905e+02
-4.226168303418430128e+02
-4.226168197306619163e+02
-4.226168295165929862e+02
-4.226168114301011087e+02
-4.226168400720575846e+02
-4.226168383036617229e+02
-4.226168353527774002e+02
-4.226168499499963218e+02
-4.226168420247656172e+02
-4.226168418563133855e+02
-4.226168273508391735e+02
-4.226168406906385826e+02
-4.226168253595681108e+02
-4.226168405392118075e+02
-4.226168350193901802e+02
-4.226168360815410097e+02
-4.226168512192768958e+02
-4.226168455102260282e+02
-4.226168125334610863e+02
-4.226168342778327087e+02
-4.226168316910604972e+02
-4.226168306603742053e+02
-4.226168236631447144e+02
-4.226168335139091141e+02
-4.226168416541598276e+02
-4.226168195162894108e+02
-4.226168239445378845e+02
-4.226168472450618196e+02
-4.226175036113954775e+02
-4.226168310073829275e+02
-4.226168231566298914e+02
-4.226168391443213181e+02
-4.226168410856429887e+02
-4.226168210867808170e+02
-4.226168266792420809e+02
-4.226168366661548816e+02
-4.226168296193598053e+02
-4.226168358184842759e+02
-4.226176059718787883e+02
-4.226168499847422027e+02
-4.226168345503648993e+02
-4.226173067665955045e+02
-4.226168272211866110e+02
-4.226168288411893741e+02
-4.226168280620873929e+02
-4.226173041668891983e+02
-4.226168362976105755e+02
-4.226168077438459250e+02
-4.226168240243127912e+02
-4.226168237263876222e+02
-4.226168301452512992e+02
-4.226172983071963927e+02
-4.226173155636391243e+02
-4.226168150191451218e+02
-4.226168128842058991e+02
-4.226168340995238282e+02
-4.226168545428362791e+02
-4.226168176292351859e+02
-4.226168158081499087e+02
-4.226168501544482865e+02
-4.226177790341980085e+02
-4.226168141196134229e+02
-4.226173133008960008e+02
-4.226168458201872227e+02
-4.226168292411497873e+02
-4.226168331586824820e+02
-4.226168210870267217e+02
-4.226168394740735152e+02
-4.226168361463683141e+02
-4.226168347414364916e+02
-4.226168436071646966e+02
-4.226172955796794213e+02
-4.226168221483729894e+02
-4.226168152127756912e+02
-4.226168310863349120e+02
-4.226168164014762851e+02
-4.226168152214344218e+02
-4.226168249748959056e+02
-4.226168236814229999e+02
-4.226177889725194063e+02
-4.226168258747587174e+02
-4.226177670039572831e+02
-4.226168184969316144e+02
-4.226168109874311085e+02
-4.226168009776882855e+02
-4.226168249687021898e+02
-4.226168241745530736e+02
-4.226168360466319882e+02
-4.226168198280092270e+02
-4.226168121667651008e+02
-4.226168351534304861e+02
-4.226168166082526909e+02
-4.226168165786892246e+02
-4.226168276365975771e+02
-4.226168219854338872e+02
-4.226168293400444895e+02
-4.226168404384454220e+02
-4.226168213965328277e+02
-4.226168546263505164e+02
-4.226168609608538986e+02
-4.226168081089837187e+02
-4.226168166960841859e+02
-4.226173066158439724e+02
-4.226168208696120132e+02
-4.226168176548198971e+02
-4.226168696051921074e+02
-4.226168985125282802e+02
-4.226168364772730115e+02
-4.226177913927912755e+02
-4.226168454762021724e+02
-4.226168834353882175e+02
-4.226168247342275208e+02
-4.226168512642512951e+02
-4.226168124348220090e+02
-4.226168110992372817e+02
-4.226168174503263799e+02
-4.226168151817086027e+02
-4.226168080492602144e+02
-4.226168249385602849e+02
-4.226168166481455728e+02
-4.226168383753815760e+02
-4.226168551183450859e+02
-4.226168154659983998e+02
-4.226168396318968803e+02
-4.226168158223305795e+02
-4.226168354124488928e+02
-4.226168418167495133e+02
-4.226168506360680794e+02
-4.226168354125589985e+02
-4.226168080252809887e+02
-4.226178237005427718e+02
-4.226167997397948284e+02
-4.226168304582972723e+02
-4.226168301626146899e+02
-4.226168188929357825e+02
-4.226168448310996837e+02
-4.226168155675429148e+02
-4.226168156441855217e+02
-4.226168467435484786e+02
-4.226168198543052767e+02
-4.226168330023343174e+02
-4.226168214895358801e+02
-4.226168310863502029e+02
-4.226168250819812897e+02
-4.226168168049904921e+02
-4.226168328122454909e+02
-4.226173470025199777e+02
-4.226168304463221830e+02
-4.226177668801926188e+02
-4.226168327095476229e+02
-4.226168336563540038e+02
-4.226168355605503848e+02
-4.226168535807655076e+02
-4.226168071894521177e+02
-4.226168174565510185e+02
-4.226168321209357828e+02
-4.226168343159599772e+02
-4.226174955964460196e+02
-4.226168193835188731e+02
-4.226173025115356268e+02
-4.226168303074393862e+02
-4.226168265865907756e+02
-4.226168276439756823e+02
-4.226168531643386927e+02
-4.226168355552317735e+02
-4.226173095277226253e+02
-4.226168416902323770e+02
-4.226168265383442986e+02
-4.226174295758988251e+02
-4.226168198311311244e+02
-4.226168137757180716e+02
-4.226168265466783964e+02
-4.226168341733937268e+02
-4.226168300132725903e+02
-4.226168276184678234e+02
-4.226168105151323857e+02
-4.226168256202494717e+02
-4.226168294665811231e+02
-4.226168307847522101e+02
-4.226168279449249212e+02
-4.226173086061426147e+02
-4.226168300901525186e+02
-4.226168283266910066e+02
-4.226168218601997069e+02
-4.226168308101425168e+02
-4.226168205651380845e+02
-4.226168450592940076e+02
-4.226168560736459767e+02
-4.226168443711910072e+02
-4.226168232313399926e+02
-4.226168278958679139e+02
-4.226168320536760916e+02
-4.226168210264439153e+02
-4.226168260884991241e+02
-4.226168340911124801e+02
-4.226168279556507059e+02
-4.226178065657933871e+02
-4.226168281195394911e+02
-4.226168103663837883e+02
-4.226168132722987139e+02
-4.226168245161675259e+02
-4.226168356577981058e+02
-4.226168088997476957e+02
-4.226168420185680930e+02
-4.226173053806231792e+02
-4.226168261861308224e+02
-4.226168403433313188e+02
-4.226168589351270271e+02
-4.226168260528449991e+02
-4.226168250184346107e+02
-4.226168298481275087e+02
-4.226168465873369087e+02
-4.226168037594771931e+02
-4.226168495476177895e+02
-4.226168268617067838e+02
-4.226173554029163029e+02
-4.226168283246710757e+02
-4.226168207872191829e+02
-4.226173624327890934e+02
-4.226168216566745741e+02
-4.226168301316914153e+02
-4.226168469849504277e+02
-4.226168524908658242e+02
-4.226168467715199881e+02
-4.226173070463224235e+02
-4.226172896089602204e+02
-4.226174873615108254e+02
-4.226168320639404783e+02
-4.226168135930334984e+02
-4.226168268799804082e+02
-4.226168307679574809e+02
-4.226168082559667027e+02
-4.226168129834765068e+02
-4.226168159076602819e+02
-4.226168310074701822e+02
-4.226168595218405244e+02
-4.226168191991911272e+02
-4.226168225345376754e+02
-4.226168192337773917e+02
-4.226168294085234720e+02
-4.226168252076412273e+02
-4.226174834310592132e+02
-4.226179439920331902e+02
-4.226168108201441100e+02
-4.226167951730877803e+02
-4.226168314211723214e+02
-4.226168178960130035e+02
-4.226168325297306865e+02
-4.226168453208509277e+02
-4.226168145788615220e+02
-4.226168343035927251e+02
-4.226168321628310878e+02
-4.226168048381213111e+02
-4.226168094861786813e+02
-4.226168610879033167e+02
-4.226168298750336021e+02
-4.226174252543444823e+02
-4.226168383950271163e+02
-4.226168282889021839e+02
-4.226168443839388829e+02
-4.226168320866726162e+02
-4.226168255092662775e+02
-4.226168098868579932e+02
-4.226168192057510282e+02
-4.226168180967180774e+02
-4.226168183236651998e+02
-4.226168115695230085e+02
-4.226168251358085968e+02
-4.226168283405077091e+02
-4.226168173595585245e+02
-4.226168126850403723e+02
-4.226168059367554974e+02
-4.226168226351210251e+02
-4.226168458924125275e+02
-4.226176245252373747e+02
-4.226168510866663723e+02
-4.226168250956653196e+02
-4.226168275856165906e+02
-4.226168151155554824e+02
-4.226168365744047719e+02
-4.226168229120298747e+02
-4.226174848187579869e+02
-4.226168169006185735e+02
-4.226168280565150894e+02
-4.226169819235198020e+02
-4.226168249508074837e+02
-4.226168161512529196e+02
-4.226168543334508740e+02
-4.226168341856189272e+02
-4.226168121870952064e+02
-4.226168270505817190e+02
-4.226174771581979144e+02
-4.226175217273943758e+02
-4.226168252557358755e+02
-4.226168204200736227e+02
-4.226168285117711889e+02
-4.226177691202206006e+02
-4.226167993240198939e+02
-4.226168382966566810e+02
-4.226168052353232838e+02
-4.226168161230763758e+02
-4.226168237608762865e+02
-4.226168250838800873e+02
-4.226168263625827990e+02
-4.226168238934643000e+02
-4.226168305797896778e+02
-4.226168353979684866e+02
-4.226168112350633237e+02
-4.226168296078781736e+02
-4.226168377125968050e+02
-4.226168299598797944e+02
-4.226168363671940824e+02
-4.226168352921437759e+02
-4.226168202768715219e+02
-4.226168284661156918e+02
-4.226168510343496791e+02
-4.226177785024470950e+02
-4.226168220616361282e+02
-4.226168273608599861e+02
-4.226168291939195001e+02
-4.226168318743141867e+02
-4.226178075215208878e+02
-4.226168297738083197e+02
-4.226168135349357726e+02
-4.226168375072737149e+02
-4.226168212931074208e+02
-4.226168166117723786e+02
-4.226168363380962205e+02
-4.226173322868992273e+02
-4.226168117378674083e+02
-4.226168164618267156e+02
-4.226168452277634060e+02
-4.226168579174361071e+02
-4.226168245697089105e+02
-4.226168353395141821e+02
-4.226168167164320835e+02
-4.226168602471029203e+02
-4.226168297128814970e+02
-4.226168276318962853e+02
-4.226168306008918876e+02
-4.226168202493802823e+02
-4.226168084972787256e+02
-4.226168293320200178e+02
-4.226168384010733803e+02
-4.226168053461607883e+02
-4.226168400742515132e+02
-4.226174146132132137e+02
-4.226168375759054925e+02
-4.226168396769052720e+02
-4.226168399294843994e+02
-4.226168494071866917e+02
-4.226168223572208262e+02
-4.226168316119823203e+02
-4.226172948188365126e+02
-4.226173093699492824e+02
-4.226168159418986079e+02
-4.226168139164541913e+02
-4.226168837288598752e+02
-4.226168252448014186e+02
-4.226168283186440249e+02
-4.226168304771006206e+02
-4.226168353971743272e+02
-4.226168154023043257e+02
-4.226168202996918808e+02
-4.226177883096627284e+02
-4.226168293498590742e+02
-4.226168439584798193e+02
-4.226168381167470898e+02
-4.226168301144538191e+02
-4.226168501144629772e+02
-4.226168142358445152e+02
-4.226168146896852136e+02
-4.226175015520300917e+02
-4.226168252980231728e+02
-4.226168448935753190e+02
-4.226168008124892026e+02
-4.226168469315397260e+02
-4.226168208719670929e+02
-4.226168580977569036e+02
-4.226168334291995734e+02
-4.226168234144446956e+02
-4.226168162498237848e+02
-4.226168333636741750e+02
-4.226168331664035804e+02
-4.226168314091539742e+02
-4.226168365062773091e+02
-4.226168259401604814e+02
-4.226168309070645250e+02
-4.226173104718782270e+02
-4.226168302141517756e+02
-4.226168051974079276e+02
-4.226168348493923190e+02
-4.226168309124212783e+02
-4.226168340180533960e+02
-4.226168278897678192e+02
-4.226168213010889190e+02
-4.226168164078857217e+02
-4.226168196991230843e+02
-4.226168188984619860e+02
-4.226168256330947770e+02
-4.226168597072061743e+02
-4.226168382110483890e+02
-4.226168138857580061e+02
-4.226168177195344811e+02
-4.226168526567403205e+02
-4.226175182889410848e+02
-4.226173151102204884e+02
-4.226174625407866756e+02
-4.226168305319700949e+02
-4.226178223832479830e+02
-4.226168110050991231e+02
-4.226168396163964189e+02
-4.226168433959563231e+02
-4.226178220458720034e+02
-4.226168306745984182e+02
-4.226168339295695091e+02
-4.226177791410464124e+02
-4.226168217976068036e+02
-4.226168338669941136e+02
-4.226168393560066079e+02
-4.226168387071563757e+02
-4.226168409680649916e+02
-4.226168321887116122e+02
-4.226168214486136776e+02
-4.226168341500260794e+02
-4.226168317187143089e+02
-4.226168323028658165e+02
-4.226168096020072085e+02
-4.226168202458263750e+02
-4.226168268494333802e+02
-4.226173131849445781e+02
-4.226168216081513265e+02
-4.226168257956479124e+02
-4.226168219035333777e+02
-4.226168099732627752e+02
-4.226168276783541273e+02
-4.226168420208069847e+02
-4.226173139772345735e+02
-4.226168314029446265e+02
-4.226168117831904851e+02
-4.226168175113106145e+02
-4.226168154503666869e+02
-4.226168092588824265e+02
-4.226168229295699916e+02
-4.226168258113210072e+02
-4.226168448709005929e+02
-4.226168143381611912e+02
-4.226168477142153961e+02
-4.226168145077303961e+02
-4.226168223477025094e+02
-4.226168421454411828e+02
-4.226168101896658982e+02
-4.226168297562971929e+02
-4.226168148244343001e+02
-4.226174636711680819e+02
-4.226168200895011182e+02
-4.226172881237135925e+02
-4.226168251667484128e+02
-4.226168247365416732e+02
-4.226168238638651928e+02
-4.226168266304019880e+02
-4.226168481002034127e+02
-4.226177872291265203e+02
-4.226168270043555140e+02
-4.226168344984060923e+02
-4.226168243779595741e+02
-4.226168234259063752e+02
-4.226168258381042051e+02
-4.226168255580836899e+02
-4.226168292023322124e+02
-4.226168214452474103e+02
-4.226168317995184793e+02
-4.226168198732685823e+02
-4.226173228414164100e+02
-4.226168206596474874e+02
-4.226168276631199205e+02
-4.226168176050455827e+02
-4.226168230746857262e+02
-4.226168188864526769e+02
-4.226168233418766818e+02
-4.226168347190164241e+02
-4.226168206246500745e+02
-4.226168230211687842e+02
-4.226168235349950919e+02
-4.226168348419864742e+02
-4.226173150087184922e+02
-4.226168657323578941e+02
-4.226168275374973859e+02
-4.226168423065038837e+02
-4.226168172080818977e+02
-4.226168093128341070e+02
-4.226168354768794870e+02
-4.226173165054835863e+02
-4.226168165872280156e+02
-4.226168286164922847e+02
-4.226168266897113881e+02
-4.226168237153610221e+02
-4.226168301124650952e+02
-4.226168356266551882e+02
-4.226168221058567838e+02
-4.226173158927002760e+02
-4.226168267422427789e+02
-4.226168310705995168e+02
-4.226168325118771918e+02
-4.226168087946521723e+02
-4.226168270960922086e+02
-4.226168158994203168e+02
-4.226168515060617210e+02
-4.226168277696290261e+02
-4.226168187308712731e+02
-4.226168305988502993e+02
-4.226168231912578790e+02
-4.226168136217136748e+02
-4.226168393050609779e+02
-4.226168217149194106e+02
-4.226168183785002839e+02
-4.226168274967678258e+02
-4.226168325387038180e+02
-4.226168365026305764e+02
-4.226168406546050278e+02
-4.226168160146854120e+02
-4.226168139845266865e+02
-4.226168218704701189e+02
-4.226174519112914822e+02
-4.226168346812846721e+02
-4.226168352120114946e+02
-4.226168233094115863e+02
-4.226168365321465217e+02
-4.226168287038008771e+02
-4.226168277044324100e+02
-4.226168038190202765e+02
-4.226168446633972167e+02
-4.226168118659592778e+02
-4.226168337773572148e+02
-4.226168373239527227e+02
-4.226168470154108263e+02
-4.226168136205656083e+02
-4.226168419048116220e+02
-4.226168300434949856e+02
-4.226168062752439027e+02
-4.226177988429616903e+02
-4.226168253662933125e+02
-4.226168462586446140e+02
-4.226168231254227976e+02
-4.226168269945757743e+02
-4.226168343258528921e+02
-4.226174958892272002e+02
-4.226168265318631256e+02
-4.226168060792633128e+02
-4.226168161728459722e+02
-4.226168169342452074e+02
-4.226174357041671215e+02
-4.226168231154422870e+02
-4.226168378035022215e+02
-4.226168486597775882e+02
-4.226175248113511884e+02
-4.226168097892564219e+02
-4.226168221065386206e+02
-4.226168170448643764e+02
-4.226168273299962266e+02
-4.226168302499422111e+02
-4.226168423924726198e+02
-4.226168235114349727e+02
-4.226168328956313189e+02
-4.226168376434965808e+02
-4.226168404915600263e+02
-4.226168306739423883e+02
-4.226168030022715243e+02
-4.226168545928919116e+02
-4.226168262771349191e+02
-4.226168581219141061e+02
-4.226168231808466089e+02
-4.226168028986319882e+02
-4.226168415575348263e+02
-4.226168259185371880e+02
-4.226168259593355856e+02
-4.226168173054393264e+02
-4.226168239584171147e+02
-4.226168450031740917e+02
-4.226168183836629737e+02
-4.226168046544884191e+02
-4.226168042925343116e+02
-4.226173048434898192e+02
-4.226168529364467190e+02
-4.226177808044761264e+02
-4.226168351370180858e+02
-4.226168110844059811e+02
-4.226168243070405879e+02
-4.226168274895902073e+02
-4.226168384609691770e+02
-4.226168296484598841e+02
-4.226168267872325259e+02
-4.226168183337690039e+02
-4.226168222659716207e+02
-4.226168117971836864e+02
-4.226168138701540897e+02
-4.226168288780826856e+02
-4.226168518428764855e+02
-4.226168033069490093e+02
-4.226168273550509866e+02
-4.226168593355833991e+02
-4.226168329090654083e+02
-4.226168154396381738e+02
-4.226168135157637948e+02
-4.226168204218664073e+02
-4.226168498493570951e+02
-4.226172993439358834e+02
-4.226168393292646783e+02
-4.226168326307343932e+02
-4.226168307119589258e+02
-4.226168113144407243e+02
-4.226168141005176153e+02
-4.226168248651916883e+02
-4.226168206113658243e+02
-4.226168185774699850e+02
-4.226168421147485219e+02
-4.226168354503016076e+02
-4.226168365832073732e+02
-4.226168177183869830e+02
-4.226168324804459075e+02
-4.226177732931116111e+02
-4.226168463932626196e+02
-4.226168133472958743e+02
-4.226168144116962821e+02
-4.226168271074014910e+02
-4.226168526599926167e+02
-4.226168253548469238e+02
-4.226168141447769813e+02
-4.226168097463913114e+02
-4.226168289808953773e+02
-4.226168336188060835e+02
-4.226168196234690981e+02
-4.226168143466296101e+02
-4.226168344805304855e+02
-4.226174866699881250e+02
-4.226168212446593770e+02
-4.226168602575132240e+02
-4.226168266253270076e+02
-4.226168273123951735e+02
-4.226174773117415953e+02
-4.226169909022929119e+02
-4.226168231238577846e+02
-4.226175035073915183e+02
-4.226168396123831030e+02
-4.226168206588521912e+02
-4.226168351105114880e+02
-4.226168115954400832e+02
-4.226168295594923165e+02
-4.226168064164222073e+02
-4.226168221263213809e+02
-4.226168545413424908e+02
-4.226168200457797752e+02
-4.226168213523067152e+02
-4.226168223584958241e+02
-4.226168248663565237e+02
-4.226177711943801114e+02
-4.226168184175496094e+02
-4.226168265939567164e+02
-4.226168279181773073e+02
-4.226168235041230901e+02
-4.226171648287108837e+02
-4.226168429406741893e+02
-4.226168356626262153e+02
-4.226168171447060899e+02
-4.226168280914187108e+02
-4.226177802248632815e+02
-4.226168131083022104e+02
-4.226168329027266282e+02
-4.226168160875549802e+02
-4.226168155347442053e+02
-4.226168457251524160e+02
-4.226168188349238903e+02
-4.226168203261918848e+02
-4.226168328964027978e+02
-4.226168246101244108e+02
-4.226168356561161090e+02
-4.226168358490464811e+02
-4.226168524994772042e+02
-4.226168312747120126e+02
-4.226168392975882284e+02
-4.226177759725646865e+02
-4.226168416882725865e+02
-4.226168271793080180e+02
-4.226168099047425812e+02
-4.226168213731692731e+02
-4.226168340213874899e+02
-4.226168319539044091e+02
-4.226168174976137948e+02
-4.226168232940054850e+02
-4.226168079984191195e+02
-4.226168099388810901e+02
-4.226168273997797087e+02
-4.226178137198418767e+02
-4.226168329507754038e+02
-4.226168070194141819e+02
-4.226168066813249879e+02
-4.226168267258344144e+02
-4.226168541351954104e+02
-4.226177967492183143e+02
-4.226168211025367896e+02
-4.226168232636907760e+02
-4.226168309768901850e+02
-4.226168988510452209e+02
-4.226168311656148262e+02
-4.226174229501468744e+02
-4.226168179697024243e+02
-4.226177648750164053e+02
-4.226168193531585757e+02
-4.226168225980342186e+02
-4.226168295843837086e+02
-4.226168224742879147e+02
-4.226168192752508048e+02
-4.226168410085368237e+02
-4.226168347169702884e+02
-4.226168262503554729e+02
-4.226177745389446727e+02
-4.226168108763932878e+02
-4.226168305250666890e+02
-4.226168510190673828e+02
-4.226168313483474890e+02
-4.226168464744392281e+02
-4.226168105934747814e+02
-4.226168347087547090e+02
-4.226168323212725113e+02
-4.226168446092042927e+02
-4.226168197816624001e+02
-4.226168097850803065e+02
-4.226168240535030804e+02
-4.226168317605856828e+02
-4.226168128782105100e+02
-4.226168602796452092e+02
-4.226168096082948864e+02
-4.226168267874670050e+02
-4.226168233323464278e+02
-4.226168162884496269e+02
-4.226168169719248908e+02
-4.226168383259919210e+02
-4.226173024580024276e+02
-4.226172871950993226e+02
-4.226168243648791076e+02
-4.226168295967531208e+02
-4.226168176859732171e+02
-4.226168300100445094e+02
-4.226168047280431779e+02
-4.226168191272519152e+02
-4.226168156014343822e+02
-4.226174935163164150e+02
-4.226168376268398106e+02
-4.226168343132057998e+02
-4.226168160713585280e+02
-4.226168476678664092e+02
-4.226168375139923796e+02
-4.226177817562269752e+02
-4.226178050163874218e+02
-4.226168390629537726e+02
-4.226168190279312853e+02
-4.226168298661697804e+02
-4.226174398600381892e+02
-4.226168044215816053e+02
-4.226178125327780890e+02
-4.226168520141058025e+02
-4.226168379609349017e+02
-4.226168346728451866e+02
-4.226173027182383066e+02
-4.226168286264182825e+02
-4.226168231724217890e+02
-4.226173193099085097e+02
-4.226168475304273215e+02
-4.226174303197582276e+02
-4.226168380268284182e+02
-4.226168321965818109e+02
-4.226168353595950862e+02
-4.226168173892294817e+02
-4.226168308895997825e+02
-4.226168481875994871e+02
-4.226168152892204830e+02
-4.226168293131771065e+02
-4.226172948836338037e+02
-4.226168405772580741e+02
-4.226168364158340864e+02
-4.226168173508194741e+02
-4.226173108048554923e+02
-4.226168290874791182e+02
-4.226168340237454117e+02
-4.226174694379328116e+02
-4.226168455220715146e+02
-4.226168162063956970e+02
-4.226168239155509809e+02
-4.226168304234785751e+02
-4.226168346746143243e+02
-4.226168273395741721e+02
-4.226168501976964080e+02
-4.226168147327493898e+02
-4.226168076981523996e+02
-4.226172954957796719e+02
-4.226174580114287096e+02
-4.226168362713600004e+02
-4.226168113670393041e+02
-4.226168216435817726e+02
-4.226168124456311261e+02
-4.226168841591562000e+02
-4.226168431677485273e+02
-4.226168147769536176e+02
-4.226168263792607718e+02
-4.226168202755965808e+02
-4.226168100265489898e+02
-4.226168145021525788e+02
-4.226168486317736210e+02
-4.226173189052137786e+02
-4.226168463464592264e+02
-4.226168538650587152e+02
-4.226177864468044731e+02
-4.226168319618180931e+02
-4.226168382059024111e+02
-4.226168373012545203e+02
-4.226168221677709766e+02
-4.226168410041179868e+02
-4.226168449367398807e+02
-4.226168168781546797e+02
-4.226168306619077839e+02
-4.226177908276770836e+02
-4.226168044244118960e+02
-4.226168307478953921e+02
-4.226168344354500732e+02
-4.226168213125679927e+02
-4.226168265701895166e+02
-4.226168345312797214e+02
-4.226168196569985867e+02
-4.226168318904046259e+02
-4.226177906272984046e+02
-4.226174882458652178e+02
-4.226168419789335076e+02
-4.226168251749451201e+02
-4.226168474560304844e+02
-4.226177840113892898e+02
-4.226168296886268081e+02
-4.226168138220663195e+02
-4.226168240889393246e+02
-4.226168178109476798e+02
-4.226168152868473840e+02
-4.226177892807860985e+02
-4.226168175578263231e+02
-4.226168550764293741e+02
-4.226168345308989842e+02
-4.226168308787158026e+02
-4.226168392922913881e+02
-4.226168142641968757e+02
-4.226168187387330022e+02
-4.226168425603867718e+02
-4.226168232692365905e+02
-4.226168424041642879e+02
-4.226168185788753249e+02
-4.226168292807067814e+02
-4.226168369263622253e+02
-4.226168442930592164e+02
-4.226173162867781912e+02
-4.226168292583428752e+02
-4.226168408204387106e+02
-4.226176436566166217e+02
-4.226168178620640106e+02
-4.226168148448549005e+02
-4.226168243437729188e+02
-4.226168329936326131e+02
-4.226168194526305797e+02
-4.226168367739693963e+02
-4.226168355761151929e+02
-4.226174977563002813e+02
-4.226168058419021918e+02
-4.226168487650746215e+02
-4.226168409180830281e+02
-4.226168047034387882e+02
-4.226168321016845084e+02
-4.226168191279439839e+02
-4.226168462085453825e+02
-4.226168662728928211e+02
-4.226168154876602898e+02
-4.226168760943713210e+02
-4.226168197311108088e+02
-4.226168137931442175e+02
-4.226168287819347142e+02
-4.226171408926625190e+02
-4.226168326686965884e+02
-4.226168512816510088e+02
-4.226168184986149754e+02
-4.226168271104775158e+02
-4.226168396672205176e+02
-4.226168449549045931e+02
-4.226168333517426845e+02
-4.226168348286902869e+02
-4.226168184904352074e+02
-4.226168233948337729e+02
-4.226168333351296837e+02
-4.226174731968004039e+02
-4.226169913644241092e+02
-4.226168247360603232e+02
-4.226178112923178105e+02
-4.226168183198279849e+02
-4.226168145823826876e+02
-4.226168440571843803e+02
-4.226168364788100007e+02
-4.226168079076887238e+02
-4.226168604160308746e+02
-4.226173144431203923e+02
-4.226168275115509800e+02
-4.226168429102174855e+02
-4.226168368264175115e+02
-4.226168349417977197e+02
-4.226168175741710229e+02
-4.226168160794285882e+02
-4.226168299656891918e+02
-4.226168392349089231e+02
-4.226168037744250228e+02
-4.226173050967469749e+02
-4.226168293125230093e+02
-4.226168079534738808e+02
-4.226168592411245868e+02
-4.226168202618974874e+02
-4.226174251832209734e+02
-4.226168278725260734e+02
-4.226168075418632952e+02
-4.226168364343494090e+02
-4.226172990771896139e+02
-4.226168227702983131e+02
-4.226174725015875993e+02
-4.226168272913325836e+02
-4.226168332392527986e+02
-4.226168306131625059e+02
-4.226168186386897787e+02
-4.226168374621427120e+02
-4.226173478476966920e+02
-4.226168427697572838e+02
-4.226168202060474073e+02
-4.226168662067282753e+02
-4.226168381199142914e+02
-4.226168331956391171e+02
-4.226168312456513263e+02
-4.226168453389020101e+02
-4.226168058728692927e+02
-4.226168220825770732e+02
-4.226168733325636140e+02
-4.226168464701614198e+02
-4.226168331305572110e+02
-4.226168402018719235e+02
-4.226168224589630995e+02
-4.226168337989345218e+02
-4.226168154085476090e+02
-4.226168255400713747e+02
-4.226168943583259079e+02
-4.226168366672475258e+02
-4.226168252329107986e+02
-4.226168176412842854e+02
-4.226168393823186875e+02
-4.226168354817219210e+02
-4.226168320596253238e+02
-4.226168266518445193e+02
