# iter              energy  ci_strings  determinants   pool_size   carryover    wall_sec
     1     -422.4102235986         414        171396        9715         356        29.5
     2     -422.4259591903         392        153664       66216         556        80.3
     3     -422.4382407912         365        133225       66156         686        98.7
     4     -422.4466959763         348        121104       66145         789       116.1
     5     -422.4541796289         356        126736       66292         900       128.6
     6     -422.4597538367         381        145161       66246        1009       151.6
     7     -422.4687092027         352        123904       66086        1084       178.8
     8     -422.4739910611         381        145161       66173        1171       203.6
     9     -422.4824563890         373        139129       66171        1251       214.0
    10     -422.4900997367         376        141376       66061        1316       241.2
    11     -422.4983749965         369        136161       66223        1396       252.0
    12     -422.5052162779         366        133956       66058        1457       287.9
    13     -422.5070675425         357        127449       66084        1506       295.2
    14     -422.5116384591         344        118336       66260        1553       353.0
    15     -422.5172634502         362        131044       66197        1601       376.7
    16     -422.5200782461         353        124609       66225        1654       410.8
    17     -422.5223158260         365        133225       66204        1709       417.0
    18     -422.5247153520         358        128164       66223        1758       447.1
    19     -422.5266153887         339        114921       66360        1805       473.6
    20     -422.5283214486         361        130321       66248        1851       479.3
    21     -422.5312818938         353        124609       66258        1897       498.2
    22     -422.5362480831         372        138384       66251        1948       575.4
    23     -422.5379559994         357        127449       66125        1992       547.0
    24     -422.5426261086         371        137641       66129        2035       572.6
    25     -422.5449082695         368        135424       66221        2080       595.0
    26     -422.5465647091         376        141376       66358        2132       643.1
    27     -422.5491658585         376        141376       66282        2177       662.7
    28     -422.5509323101         370        136900       66286        2217       716.8
    29     -422.5519674870         376        141376       66160        2263       727.4
    30     -422.5527567728         344        118336       66350        2301       733.1
    31     -422.5546635940         348        121104       66285        2336       745.0
    32     -422.5559983553         352        123904       66256        2366       762.4
    33     -422.5582839986         361        130321       66165        2408       807.7
    34     -422.5583349945         355        126025       66246        2441       825.3
    35     -422.5634931899         374        139876       66144        2477       866.6
    36     -422.5659790642         360        129600       66367        2510       890.8
    37     -422.5686897043         347        120409       66368        2547       885.9
    38     -422.5691657235         367        134689       66388        2580       883.2
    39     -422.5693455265         370        136900       66279        2617       921.4
    40     -422.5699602091         359        128881       66234        2643       926.6
    41     -422.5705650324         366        133956       66310        2669       949.7
    42     -422.5717050062         365        133225       66504        2705       968.4
    43     -422.5751297229         368        135424       66324        2744      1042.2
    44     -422.5776536998         375        140625       66330        2778      1057.3
    45     -422.5781927901         362        131044       66196        2805      1055.0
    46     -422.5802096126         365        133225       66197        2823      1062.4
    47     -422.5817031946         360        129600       66203        2852      1064.9
    48     -422.5821724884         375        140625       66223        2877      1146.0
    49     -422.5822273125         342        116964       66304        2903      1107.0
    50     -422.5822547634         370        136900       66357        2937      1164.4
    51     -422.5837600864         371        137641       66212        2971      1225.6
    52     -422.5838259067         349        121801       66471        3005      1175.7
    53     -422.5843928885         361        130321       66312        3030      1225.6
    54     -422.5844247732         352        123904       66244        3050      1260.4
    55     -422.5895771694         341        116281       66329        3074      1281.5
    56     -422.5899487189         348        121104       66227        3104      1257.4
    57     -422.5899922362         365        133225       66330        3124      1336.2
    58     -422.5900241302         345        119025       66364        3150      1356.3
    59     -422.5917099455         356        126736       66295        3169      1296.9
    60     -422.5944241488         356        126736       66164        3193      1453.5
    61     -422.5951881650         355        126025       66209        3221      1342.8
    62     -422.5984404458         357        127449       66269        3246      1441.5
    63     -422.5986436191         360        129600       66328        3278      1465.9
    64     -422.5993383257         354        125316       66167        3300      1429.6
    65     -422.6000270247         365        133225       66262        3317      1485.0
    66     -422.6013558453         367        134689       66430        3346      1567.3
    67     -422.6013741265         351        123201       66348        3367      1451.8
    68     -422.6023700194         363        131769       66443        3392      1492.8
    69     -422.6024285940         382        145924       66319        3410      1596.5
    70     -422.6024551211         353        124609       66406        3434      1542.2
    71     -422.6024740787         361        130321       66352        3459      1657.9
    72     -422.6026462498         357        127449       66362        3492      1659.1
    73     -422.6028338038         356        126736       66256        3517      1606.4
    74     -422.6028531838         377        142129       66387        3537      1706.0
    75     -422.6032528751         349        121801       66417        3563      1637.7
    76     -422.6038294802         364        132496       66324        3585      1618.8
    77     -422.6058054237         365        133225       66360        3607      1712.1
    78     -422.6069963050         355        126025       66294        3629      1717.0
    79     -422.6070442535         379        143641       66237        3651      1722.1
    80     -422.6070636971         362        131044       66239        3674      1853.7
    81     -422.6070827726         376        141376       66394        3701      1804.1
    82     -422.6071077738         369        136161       66067        3720      1762.3
    83     -422.6077923118         354        125316       66210        3751      1868.5
    84     -422.6078584697         367        134689       66444        3770      1909.8
    85     -422.6094306979         357        127449       66418        3798      1866.1
    86     -422.6101187651         375        140625       66563        3826      1839.3
    87     -422.6110928991         345        119025       66297        3847      1936.2
    88     -422.6111142849         356        126736       66306        3873      1961.0
    89     -422.6113850686         352        123904       66274        3880      1954.5
    90     -422.6114166314         359        128881       66295        3903      1998.1
    91     -422.6114562035         354        125316       66300        3924      2125.4
    92     -422.6114707905         373        139129       66210        3950      2006.9
    93     -422.6114921048         362        131044       66232        3972      2025.6
    94     -422.6115118932         368        135424       66291        3996      2103.0
    95     -422.6115292860         361        130321       66287        4017      2122.3
    96     -422.6115445727         364        132496       66292        4037      2075.1
    97     -422.6115683441         353        124609       66451        4053      2088.3
    98     -422.6115914372         377        142129       66158        4069      2341.1
    99     -422.6122649559         379        143641       66391        4083      2373.1
   100     -422.6122841611         365        133225       66327        4106      2262.3
   101     -422.6123105620         348        121104       66400        4124      2255.1
   102     -422.6123777539         354        125316       66359        4145      2215.3
   103     -422.6123948072         363        131769       66342        4155      2293.7
   104     -422.6124163010         374        139876       66323        4170      2347.9
   105     -422.6124256041         372        138384       66303        4197      2421.2
   106     -422.6132015884         356        126736       66311        4219      2448.9
   107     -422.6132202058         374        139876       66332        4243      2393.9
   108     -422.6133321489         368        135424       66393        4268      2369.3
   109     -422.6133533387         352        123904       66295        4289      2387.7
   110     -422.6134448009         354        125316       66264        4303      2530.1
   111     -422.6134523894         382        145924       66329        4322      2379.1
   112     -422.6134601353         373        139129       66343        4332      2483.9
   113     -422.6139463780         363        131769       66275        4342      2538.3
   114     -422.6139555736         371        137641       66438        4359      2530.5
   115     -422.6139721375         371        137641       66356        4375      2546.8
   116     -422.6139837560         349        121801       66273        4389      2573.1
   117     -422.6139980231         377        142129       66316        4412      2540.3
   118     -422.6140173765         374        139876       66252        4435      2745.5
   119     -422.6140334659         353        124609       66349        2878       341.0
   120     -422.6139933866         351        123201       66273        2550       182.1
   121     -422.6139628793         382        145924       66325        2366       169.7
   122     -422.6139116210         359        128881       66091        2231       134.4
   123     -422.6138717684         372        138384       66330        2119       141.2
   124     -422.6138589583         380        144400       66373        2036       135.4
   125     -422.6138245969         366        133956       66203        1966       130.7
   126     -422.6138114670         372        138384       66324        1905       115.9
   127     -422.6138132147         360        129600       66321        1852       134.5
   128     -422.6137697988         344        118336       66353        1799       113.0
   129     -422.6137313792         371        137641       66478        1761       100.7
   130     -422.6137027418         378        142884       66175        1725       115.4
   131     -422.6136773820         353        124609       66373        1688       120.7
   132     -422.6145202897         361        130321       66196        1661       112.2
   133     -422.6145276765         356        126736       66277        1639       118.9
   134     -422.6145448586         367        134689       66272        1614       108.0
   135     -422.6145353531         354        125316       66348        1590       103.1
   136     -422.6145246577         347        120409       66449        1571       111.5
   137     -422.6144844932         366        133956       66358        1554       101.1
   138     -422.6144895986         360        129600       66441        1535        94.2
   139     -422.6144714834         344        118336       66249        1526        94.4
   140     -422.6154056134         376        141376       66368        1516        98.0
   141     -422.6154252421         370        136900       66338        1506       100.1
   142     -422.6154274557         376        141376       66335        1497       110.6
   143     -422.6153918972         359        128881       66260        1484       102.5
   144     -422.6154042642         367        134689       66347        1477        88.2
   145     -422.6153977753         351        123201       66382        1467        96.9
   146     -422.6153743714         370        136900       66256        1461       101.4
   147     -422.6153783800         358        128164       66226        1450        95.0
   148     -422.6153950615         348        121104       66163        1443        80.9
   149     -422.6153807353         356        126736       66482        1443        90.4
   150     -422.6153750869         364        132496       66391        1433       101.1
   151     -422.6153574893         353        124609       66231        1428        98.3
   152     -422.6159298511         367        134689       66303        1427        89.3
   153     -422.6159326192         354        125316       66346        1422       102.1
   154     -422.6159380487         350        122500       66447        1417        88.4
   155     -422.6159411612         357        127449       66481        1410        99.1
   156     -422.6159502917         354        125316       66257        1410        95.9
   157     -422.6159627762         357        127449       66428        1407       104.0
   158     -422.6159452085         371        137641       66400        1406        88.5
   159     -422.6168396091         371        137641       66342        1406        97.9
   160     -422.6168504020         364        132496       66385        1403        95.6
   161     -422.6168347859         380        144400       66440        1398        97.1
   162     -422.6168181956         361        130321       66345        1398       115.9
   163     -422.6168317299         365        133225       66439        1398       100.8
   164     -422.6168296439         371        137641       66399        1398        80.2
   165     -422.6168437445         358        128164       66211        1398        98.6
   166     -422.6174561385         364        132496       66359        1398       120.0
   167     -422.6168274847         354        125316       66241        1398        95.4
   168     -422.6168151557         374        139876       66360        1398       104.0
   169     -422.6168330819         367        134689       66407        1398        98.2
   170     -422.6168469723         365        133225       66240        1398       104.4
   171     -422.6168296595         355        126025       66444        1398        83.8
   172     -422.6168237416         357        127449       66322        1398       102.7
   173     -422.6168218063         376        141376       66347        1398       106.4
   174     -422.6173181237         372        138384       66259        1398        90.4
   175     -422.6168323793         384        147456       66505        1398        94.6
   176     -422.6168194054         362        131044       66305        1398       112.3
   177     -422.6168441334         381        145161       66247        1398       104.5
   178     -422.6168235613         375        140625       66269        1398        94.4
   179     -422.6177807253         372        138384       66435        1398       104.4
   180     -422.6168336240         350        122500       66309        1398        94.1
   181     -422.6174868820         375        140625       66377        1398       104.1
   182     -422.6168238377         354        125316       66119        1398       112.8
   183     -422.6168205152         364        132496       66200        1398       113.4
   184     -422.6168325759         351        123201       66324        1398        87.3
   185     -422.6168137627         368        135424       66179        1398        93.3
   186     -422.6168365161         357        127449       66397        1398        95.4
   187     -422.6168264248         344        118336       66284        1398        90.2
   188     -422.6169921975         366        133956       66448        1398       109.9
   189     -422.6168249156         360        129600       66377        1398       115.5
   190     -422.6168159054         354        125316       66283        1398        91.7
   191     -422.6168149592         372        138384       66210        1398        93.5
   192     -422.6168520576         362        131044       66253        1398        94.8
   193     -422.6168290120         354        125316       66422        1398       104.4
   194     -422.6168350113         351        123201       66428        1398       101.5
   195     -422.6168359092         344        118336       66193        1398       116.8
   196     -422.6168421101         368        135424       66315        1398        94.5
   197     -422.6168348885         377        142129       66391        1398       102.6
   198     -422.6168214333         360        129600       66435        1398       106.2
   199     -422.6168128180         362        131044       66266        1398        82.4
   200     -422.6168048942         368        135424       66340        1398        86.6
   201     -422.6168179036         353        124609       66311        1398        96.2
   202     -422.6168266408         354        125316       66323        1398        93.3
   203     -422.6168245325         371        137641       66288        1398        94.8
   204     -422.6168297182         357        127449       66306        1398       110.8
   205     -422.6168053618         361        130321       66367        1398       107.5
   206     -422.6168391301         384        147456       66347        1398        84.8
   207     -422.6168286207         377        142129       66351        1398        90.8
   208     -422.6168181375         367        134689       66393        1398        99.2
   209     -422.6168506040         359        128881       66304        1398       100.8
   210     -422.6173352589         367        134689       66323        1398        90.5
   211     -422.6168250993         375        140625       66372        1398       102.7
   212     -422.6168302842         377        142129       66266        1398       110.5
   213     -422.6168291892         360        129600       66380        1398       100.6
   214     -422.6177760101         361        130321       66284        1398       109.1
   215     -422.6168160254         378        142884       66314        1398       101.3
   216     -422.6168379093         348        121104       66310        1398       108.6
   217     -422.6168112067         358        128164       66288        1398       105.1
   218     -422.6168411408         345        119025       66321        1398       109.7
   219     -422.6168523886         383        146689       66509        1398        85.7
   220     -422.6168291221         367        134689       66503        1398        94.8
   221     -422.6168288884         387        149769       66385        1398       101.1
   222     -422.6168356155         344        118336       66380        1398       102.3
   223     -422.6168419139         363        131769       66385        1398        95.0
   224     -422.6168462870         367        134689       66302        1398       105.9
   225     -422.6168256581         361        130321       66350        1398        97.7
   226     -422.6168087306         345        119025       66409        1398       105.3
   227     -422.6168309572         365        133225       66273        1398        96.6
   228     -422.6168132875         374        139876       66251        1398        90.4
   229     -422.6168077447         350        122500       66426        1398        91.0
   230     -422.6173017454         360        129600       66300        1398        93.6
   231     -422.6168303418         363        131769       66309        1398        86.5
   232     -422.6168197307         383        146689       66334        1398        99.3
   233     -422.6168295166         353        124609       66547        1398        98.1
   234     -422.6168114301         358        128164       66261        1398        99.0
   235     -422.6168400721         358        128164       66312        1398        96.0
   236     -422.6168383037         365        133225       66354        1398       102.6
   237     -422.6168353528         352        123904       66357        1398        88.8
   238     -422.6168499500         359        128881       66330        1398        98.0
   239     -422.6168420248         376        141376       66535        1398        89.0
   240     -422.6168418563         380        144400       66256        1398        90.6
   241     -422.6168273508         364        132496       66400        1398        88.8
   242     -422.6168406906         360        129600       66460        1398        85.8
   243     -422.6168253596         330        108900       66366        1398        98.5
   244     -422.6168405392         367        134689       66345        1398       107.5
   245     -422.6168350194         377        142129       66444        1398        98.5
   246     -422.6168360815         344        118336       66251        1398        94.1
   247     -422.6168512193         363        131769       66303        1398        84.4
   248     -422.6168455102         380        144400       66432        1398        98.7
   249     -422.6168125335         373        139129       66334        1398        97.2
   250     -422.6168342778         378        142884       66295        1398       101.2
   251     -422.6168316911         360        129600       66345        1398       100.7
   252     -422.6168306604         383        146689       66387        1398       101.5
   253     -422.6168236631         353        124609       66422        1398        94.7
   254     -422.6168335139         349        121801       66460        1398        91.4
   255     -422.6168416542         368        135424       66347        1398       105.1
   256     -422.6168195163         365        133225       66428        1398        93.6
   257     -422.6168239445         335        112225       66344        1398        98.4
   258     -422.6168472451         344        118336       66219        1398       102.9
   259     -422.6175036114         363        131769       66404        1398        93.6
   260     -422.6168310074         364        132496       66276        1398        89.8
   261     -422.6168231566         371        137641       66264        1398        91.4
   262     -422.6168391443         373        139129       66323        1398        99.7
   263     -422.6168410856         371        137641       66142        1398       108.0
   264     -422.6168210868         356        126736       66157        1398        93.6
   265     -422.6168266792         362        131044       66342        1398        98.4
   266     -422.6168366662         356        126736       66214        1398        99.3
   267     -422.6168296194         366        133956       66326        1398        93.1
   268     -422.6168358185         372        138384       66230        1398       101.5
   269     -422.6176059719         370        136900       66432        1398        99.1
   270     -422.6168499847         370        136900       66430        1398        91.2
   271     -422.6168345504         358        128164       66207        1398        99.8
   272     -422.6173067666         356        126736       66303        1398        83.2
   273     -422.6168272212         346        119716       66231        1398        97.2
