op     23   28   79   84   28   23   79   84                       -0.02671010742775246222                                                    
op     23   29   79   85   29   23   79   85                       -0.02030373609112700109                                                    
a_ia   79   84                                                      0.00167119684079860913                                                    
op     20   34   76   90   34   20   76   90                       -0.01324354794762876847                                                    
op     19   34   77   90   34   19   77   90                       -0.00928455397095081202                                                    
mvp2   23   29   74   84   29   23   74   84                       -0.00241202955014323565   -0.00165946789348158643                          
mvp2   24   28   79   85   28   24   79   85                        0.01033105623826192573    0.00134245404302425330                          
mvp2   20   34   74   84   34   20   74   84                       -0.00098586245550776486    0.00051090899377095682                          
op     20   28   76   87   28   20   76   87                       -0.00633356660953482160                                                    
a_ia   23   34                                                      0.00050150177887313191                                                    
mvp2   18   28   79   84   28   18   79   84                        0.01674173646816034047    0.87896191111748422919                          
mvp2   18   28   74   84   28   18   74   84                       -0.00432427799546660201    0.16060705756897819541                          
a_ia   23   28                                                      0.00054197960596179273                                                    
mvp2   23   29   79   84   29   23   79   84                        0.02203853237939433843   -0.11073799950001589343                          
op     18   35   74   91   35   18   74   91                       -0.00793546038414782474                                                    
om     20   38   76   87   38   20   76   87                        0.00577433484170551594                                                    
mvp2   18   28   70   85   28   18   70   85                        0.00496560475912334598   -0.08698714658777453868                          
a_ia   74   79                                                      0.30283081951657186970                                                    
op     20   31   76   94   31   20   76   94                        0.00535645324602623905                                                    
a_ia   20   31                                                     -0.00076494287632889336                                                    
om     16   38   76   91   38   16   76   91                       -0.00484811730267422497                                                    
a_ia   16   38                                                     -0.00112458286266706913                                                    
mvp2   16   38   72   94   38   16   72   94                       -0.00779554685774488856    0.00534400866208106871                          
a_ia   72   91                                                      0.00078335119495630658                                                    
op     21   34   75   90   34   21   75   90                       -0.00927398565930581849                                                    
a_ia   74   79                                                      0.15538845734904979667                                                    
op     25   28   81   84   28   25   81   84                       -0.01041491851059824121                                                    
op     20   39   76   95   39   20   76   95                       -0.00763691733583326659                                                    
mvp2   23   31   76   87   31   23   76   87                       -0.00719979881242261994   -0.41962259535289153645                          
a_ia   21   34                                                     -0.00054760820602873866                                                    
a_ia   72   94                                                     -0.00111380576879719284                                                    
om     16   38   72   91   38   16   72   91                        0.00367978747979030201                                                    
om     14   34   70   90   34   14   70   90                       -0.00804177690317744477                                                    
op     16   35   76   91   35   16   76   91                        0.00476468747426777358                                                    
mvp2   23   29   79   91   29   23   79   91                       -0.00388691023217957584   -0.14145662773471087692                          
op     20   51   76  107   51   20   76  107                       -0.00886458909074514662                                                    
op     16   39   72   95   39   16   72   95                       -0.00430623964723754731                                                    
mvp2   20   31   76  107   31   20   76  107                       -0.00440278251840483387    0.10136196009421596931                          
mvp2   23   29   80   84   29   23   80   84                        0.00928796226286817371   -0.08366621526517872831                          
op     20   45   76  100   45   20   76  100                        0.00235748074675354823                                                    
mvp2   18   35   79   91   35   18   79   91                        0.00449390723466489873   -0.07410398971091228248                          
mvp2   23   28   74   85   28   23   74   85                       -0.01378003271758062274    0.16854274332923438462                          
a_ia   76   97                                                     -0.00027767943208209804                                                    
om     25   34   75   90   34   25   75   90                       -0.00280307351968759949                                                    
op     18   34   74   90   34   18   74   90                       -0.00694038624724344338                                                    
a_ia   74   75                                                      0.27094597511884072061                                                    
