op     23   28   79   84   28   23   79   84                       -0.02537707374026593882                                                    
op     23   29   79   85   29   23   79   85                       -0.01947538772689382663                                                    
a_ia   79   84                                                      0.00153629889022649578                                                    
op     20   34   76   90   34   20   76   90                       -0.01340769137680619671                                                    
op     19   34   77   90   34   19   77   90                       -0.00950447512065328952                                                    
mvp2   23   29   74   84   29   23   74   84                       -0.00681669255370363596   -0.00040798295125964547                          
mvp2   24   28   79   85   28   24   79   85                        0.00966382927450572422    0.00013992141078820609                          
mvp2   20   34   74   84   34   20   74   84                       -0.00159862479935850635    0.00007245761599976021                          
op     20   28   76   87   28   20   76   87                       -0.00549384780270310152                                                    
a_ia   23   34                                                      0.00042979420408158448                                                    
mvp2   18   28   79   84   28   18   79   84                        0.01529001091750716371    0.87896174514399638689                          
mvp2   18   28   74   84   28   18   74   84                       -0.00635778913198820246    0.16047961202570609762                          
a_ia   23   28                                                      0.00103312423073275393                                                    
mvp2   23   29   79   84   29   23   79   84                        0.02033505501034373400   -0.10952268557467084720                          
op     18   35   74   91   35   18   74   91                       -0.00651024111647769028                                                    
om     20   38   76   87   38   20   76   87                        0.00548487796136645951                                                    
mvp2   18   28   70   85   28   18   70   85                        0.00530732621825432370   -0.07441271337405840069                          
a_ia   74   79                                                      0.26209203266164271540                                                    
op     20   31   76   94   31   20   76   94                        0.00538836443178396501                                                    
a_ia   20   31                                                     -0.00083804691457045784                                                    
om     16   38   76   91   38   16   76   91                       -0.00471381257981605926                                                    
a_ia   16   38                                                     -0.00115227516939154281                                                    
mvp2   16   38   72   94   38   16   72   94                       -0.00785827656664384033    0.01061064064211139635                          
a_ia   72   91                                                      0.00083356635527110940                                                    
op     21   34   75   90   34   21   75   90                       -0.00929675914551698034                                                    
a_ia   74   79                                                      0.11464967049412065625                                                    
op     25   28   81   84   28   25   81   84                       -0.01043596037956035123                                                    
op     20   39   76   95   39   20   76   95                       -0.00795977402034801079                                                    
mvp2   23   31   76   87   31   23   76   87                       -0.00721504356728305818   -0.41957233130422405543                          
