op     23   28   79   84   28   23   79   84                       -0.02595826721224278252                                                    
op     23   29   79   85   29   23   79   85                       -0.01954113304114843755                                                    
a_ia   79   84                                                      0.00154586266263019470                                                    
op     20   34   76   90   34   20   76   90                       -0.01333299117299632450                                                    
op     19   34   77   90   34   19   77   90                       -0.00923811389217026220                                                    
mvp2   23   29   74   84   29   23   74   84                       -0.00442020166998829869   -0.00049671847200137781                          
mvp2   24   28   79   85   28   24   79   85                        0.01006716968827352753    0.00019041524496622806                          
mvp2   20   34   74   84   34   20   74   84                       -0.00124517655234360398    0.00008110932224970332                          
op     20   28   76   87   28   20   76   87                       -0.00633057712667485159                                                    
a_ia   23   34                                                      0.00047187512922394005                                                    
mvp2   18   28   79   84   28   18   79   84                        0.01595595413243113339    0.87896175428291112297                          
mvp2   18   28   74   84   28   18   74   84                       -0.00494657154054450876    0.16047904584286154517                          
a_ia   23   28                                                      0.00090540567703486390                                                    
mvp2   23   29   79   84   29   23   79   84                        0.02133382673799368370   -0.10952998654154069702                          
op     18   35   74   91   35   18   74   91                       -0.00636605244228412737                                                    
om     20   38   76   87   38   20   76   87                        0.00587516403481864839                                                    
mvp2   18   28   70   85   28   18   70   85                        0.00527997697073490785   -0.07441372265935923547                          
a_ia   74   79                                                      0.26209182384577806024                                                    
op     20   31   76   94   31   20   76   94                        0.00544060934742514584                                                    
a_ia   20   31                                                     -0.00081674185934593995                                                    
om     16   38   76   91   38   16   76   91                       -0.00484721838289020254                                                    
a_ia   16   38                                                     -0.00114403902279750750                                                    
mvp2   16   38   72   94   38   16   72   94                       -0.00784536570080579532    0.01060963752483642768                          
a_ia   72   91                                                      0.00083332349021847266                                                    
op     21   34   75   90   34   21   75   90                       -0.00929652722446298180                                                    
a_ia   74   79                                                      0.11464946167825601497                                                    
op     25   28   81   84   28   25   81   84                       -0.01043593995028758992                                                    
op     20   39   76   95   39   20   76   95                       -0.00795894475676737351                                                    
mvp2   23   31   76   87   31   23   76   87                       -0.00718283448622008408   -0.41957233230555529557                          
a_ia   21   34                                                     -0.00047763988258129160                                                    
a_ia   72   94                                                     -0.00111546163085701083                                                    
om     16   38   72   91   38   16   72   91                        0.00351802528292884196                                                    
om     14   34   70   90   34   14   70   90                       -0.00804128356045546826                                                    
op     16   35   76   91   35   16   76   91                        0.00476964216224904074                                                    
mvp2   23   29   79   91   29   23   79   91                       -0.00379401657772136802   -0.14135258209481774139                          
op     20   51   76  107   51   20   76  107                       -0.00866591003602924966                                                    
op     16   39   72   95   39   16   72   95                       -0.00440630832204534032                                                    
mvp2   20   31   76  107   31   20   76  107                       -0.00440801167799745319    0.10135571245751502645                          
mvp2   23   29   80   84   29   23   80   84                        0.00930255734676598348   -0.08413041042150387616                          
