-4.224238296132272126e+02
-4.224580698228140250e+02
-4.224797471671968196e+02
-4.224984212283687270e+02
-4.225080135000745258e+02
-4.225299810834732170e+02
-4.225415070067443821e+02
-4.225506706342401912e+02
-4.225598640129583146e+02
-4.225644802531642199e+02
-4.225676317256206858e+02
-4.225741704864320809e+02
-4.225786970268621872e+02
-4.225812094054904833e+02
-4.225854143436022810e+02
-4.225880407204846847e+02
-4.225906884901917238e+02
-4.225923671833958224e+02
-4.225936253990041109e+02
-4.225936731832940723e+02
-4.225967894120287838e+02
-4.225968371099327214e+02
-4.226001110993257726e+02
-4.226009493941605797e+02
-4.226054742313987731e+02
-4.226055546753543126e+02
-4.226070073956744864e+02
-4.226088511484493893e+02
-4.226091292505464025e+02
-4.226091959714182167e+02
-4.226101500474667887e+02
-4.226102349222754810e+02
-4.226108544634366808e+02
-4.226109002042069278e+02
-4.226133933970776866e+02
-4.226134167220241125e+02
-4.226136432196701094e+02
-4.226137751908278801e+02
-4.226138304348593238e+02
-4.226139731591043756e+02
-4.226140192957744262e+02
-4.226140366456165793e+02
-4.226140627203677127e+02
-4.226140817847216908e+02
-4.226142773294786252e+02
-4.226142949324403162e+02
-4.226143206504656860e+02
-4.226143413828662005e+02
-4.226200082137381742e+02
-4.226200320173966247e+02
-4.226200589249249902e+02
-4.226200845681782994e+02
-4.226201114044474139e+02
-4.226201263010356115e+02
-4.226201893863985219e+02
-4.226202330670835181e+02
-4.226203323644900820e+02
-4.226203910122058005e+02
-4.226204230510988964e+02
-4.226207671895539875e+02
-4.226207944632034241e+02
-4.226208838043833111e+02
-4.226208968198014873e+02
-4.226209068770656927e+02
-4.226209227303170906e+02
-4.226209470354560835e+02
-4.226209649008214910e+02
-4.226209858644057817e+02
-4.226210166646657171e+02
-4.226210496680949973e+02
-4.226210755528372260e+02
-4.226211049091477889e+02
-4.226211431238008913e+02
-4.226211753943384792e+02
-4.226212018733942273e+02
-4.226212117421699759e+02
-4.226212338623607252e+02
-4.226212588598173170e+02
-4.226216361618933206e+02
-4.226216753024153263e+02
-4.226216926186792762e+02
-4.226217061976665832e+02
-4.226217526602226258e+02
-4.226217863173778255e+02
-4.226218370912096134e+02
-4.226218569107435883e+02
-4.226218726588812729e+02
-4.226218943427530803e+02
-4.226219121681739921e+02
-4.226219360526305877e+02
-4.226219749521898734e+02
-4.226220006656679971e+02
-4.226220372955294238e+02
-4.226220710881282798e+02
-4.226220829707129951e+02
-4.226220912861883789e+02
-4.226220949239395281e+02
-4.226221131169724003e+02
-4.226221317477354091e+02
-4.226221703318527716e+02
-4.226221798404822039e+02
-4.226221897881013092e+02
-4.226222077461433173e+02
-4.226222186103839817e+02
-4.226222584561829194e+02
-4.226222835960853104e+02
-4.226222939908723788e+02
-4.226223094876813775e+02
-4.226223332379371982e+02
-4.226223587535471893e+02
-4.226224630486627802e+02
-4.226224831107774094e+02
-4.226225234883431199e+02
-4.226225321959304893e+02
-4.226225540583254201e+02
-4.226225618114240774e+02
-4.226225798116514056e+02
-4.226225975394053194e+02
-4.226226055107470074e+02
-4.226226161286667775e+02
-4.226226443278113152e+02
-4.226226591571412996e+02
-4.226226809540938234e+02
-4.226226878075336799e+02
-4.226227043613781120e+02
-4.226227443247834117e+02
-4.226227747312490806e+02
-4.226227953342353203e+02
-4.226228130736872117e+02
-4.226228257823527201e+02
-4.226228422201667740e+02
-4.226228476028152841e+02
-4.226228638933774278e+02
-4.226228687201897856e+02
-4.226228774162252080e+02
-4.226229184316890155e+02
-4.226229260230550722e+02
-4.226229744612962804e+02
-4.226229787256203849e+02
-4.226229874267884270e+02
-4.226229968136344155e+02
-4.226230083636446011e+02
-4.226230234357175277e+02
-4.226230321858798220e+02
-4.226230548354657230e+02
-4.226230651559378089e+02
-4.226230726108075260e+02
-4.226230964488852919e+02
-4.226231054035961847e+02
-4.226231082763786731e+02
-4.226231220771198878e+02
-4.226231381769910058e+02
-4.226231436945404880e+02
-4.226231505392365762e+02
-4.226231568357981132e+02
-4.226231707008349190e+02
-4.226231767380957081e+02
-4.226231976624397930e+02
-4.226232238078412138e+02
-4.226232410492598888e+02
-4.226232452590039088e+02
-4.226232496552561884e+02
-4.226232575794011836e+02
-4.226232615694170818e+02
-4.226232750638761786e+02
-4.226232858819304283e+02
-4.226232984550920264e+02
-4.226233019217003175e+02
-4.226233067727882826e+02
-4.226233171910458282e+02
-4.226233376365246954e+02
-4.226233494406874911e+02
-4.226233550549679876e+02
-4.226233714098594874e+02
-4.226233986466532997e+02
-4.226234043930680855e+02
-4.226234140039562135e+02
