-7.547454328372246835e+01
-7.553971521026412006e+01
-7.560366835649574568e+01
-7.552179051158083212e+01
-7.555181624247531147e+01
-7.549250659392082241e+01
-7.545970442980355131e+01
-7.536575097033593806e+01
-7.556471678756997790e+01
-7.561666254150297561e+01
-7.560527440903420882e+01
-7.559063740572057100e+01
-7.546032843921918243e+01
-7.526411505928911083e+01
-7.535908900616382766e+01
-7.549087878900476767e+01
-7.551529429274786764e+01
-7.559087563003912180e+01
-7.546896171854804436e+01
-7.545888129809652867e+01
-7.547214185931917996e+01
-7.551421261101548055e+01
-7.553380644570910363e+01
-7.552179051158083212e+01
-7.552400624076901181e+01
-7.546099291939546561e+01
-7.545891334669326511e+01
-7.536099667589300566e+01
-7.549572491935103358e+01
-7.569577181232276075e+01
-7.563065844342496291e+01
-7.545025372310566070e+01
-7.546097655452797426e+01
-7.548625392958912528e+01
-7.539277113288716237e+01
-7.573505915127061883e+01
-7.550215877307044821e+01
-7.552211848351518597e+01
-7.545698593483743366e+01
-7.545893145559260518e+01
-7.543828090795055630e+01
-7.556903591528460140e+01
-7.560906913874580937e+01
-7.553340830296014019e+01
-7.552400624076901181e+01
-7.547969682308119843e+01
-7.545943103557728193e+01
-7.542734981039157560e+01
-7.557169297625674176e+01
-7.561546426326461301e+01
-7.562520483244990999e+01
-7.548871035480470937e+01
0.000000000000000000e+00
-7.548259548485432902e+01
-7.545244663388002948e+01
-7.557092892905457404e+01
-7.546250514562733258e+01
-7.555098152841399894e+01
-7.548016582352545356e+01
-7.545946568846484581e+01
-7.526945079958949236e+01
-7.552360275633945719e+01
-7.560792939882736619e+01
-7.553077484994751956e+01
-7.555181624247531147e+01
-7.548966967734102695e+01
-7.545889306562747834e+01
-7.546714539974935576e+01
-7.557149668515394580e+01
-7.564697816613274028e+01
-7.556139824370991676e+01
-7.554712585725187068e+01
-7.545888855536733786e+01
-7.542603194435028513e+01
-7.555355710700763439e+01
-7.558300586215300143e+01
-7.547266111194343807e+01
-7.551662837211181056e+01
-7.548975765427576334e+01
0.000000000000000000e+00
-7.530181243937683178e+01
-7.560637727729860558e+01
-7.563440855649676564e+01
-7.565125583173598045e+01
-7.552400624076901181e+01
-7.545722357056634166e+01
-7.545970442980355131e+01
-7.562388111603756613e+01
-7.559154955178246382e+01
-7.569782788184205913e+01
-7.561232908908635864e+01
-7.549776050305558783e+01
-7.546097929064470122e+01
-7.549551242249971494e+01
-7.560544014679742020e+01
-7.560455955651811166e+01
-7.566419776392834251e+01
-7.546458739104016900e+01
-7.545721674907235865e+01
-7.545837687240702962e+01
-7.549680337858231383e+01
-7.553625016458818209e+01
-7.558565059188019575e+01
-7.552265391171825115e+01
-7.556195133424972710e+01
-7.549391075855093902e+01
-7.545889449954917438e+01
-7.535567342043557915e+01
-7.556391622369197592e+01
-7.557847648583222622e+01
-7.563611661200310721e+01
-7.560299662855963732e+01
-7.545883763358246199e+01
-7.531816845901325053e+01
-7.549736427447133735e+01
-7.548870725568839646e+01
-7.547266111194343807e+01
-7.546458739104016900e+01
-7.541911644540059001e+01
0.000000000000000000e+00
-7.544373454156121284e+01
-7.559659563174825792e+01
-7.552674222568323614e+01
-7.552642525006658047e+01
-7.552028381003319168e+01
-7.549722606007819081e+01
-7.545907339843310524e+01
-7.544111003932572146e+01
-7.564841176564898717e+01
-7.561169861028810146e+01
-7.558765294276909685e+01
-7.556061172697059192e+01
-7.545897160229314693e+01
-7.545053467698343752e+01
-7.547751031740908445e+01
-7.549087878900476767e+01
-7.546250514562733258e+01
-7.554145045262580993e+01
-7.550302101976723179e+01
-7.545948684650988980e+01
-7.541956255311221469e+01
-7.549706884361775394e+01
-7.552427545547520538e+01
-7.552942041680265106e+01
-7.552400624076901181e+01
-7.548087229376754692e+01
-7.545891334669326511e+01
-7.531604759615088085e+01
-7.558084026931844335e+01
-7.563993854055935628e+01
-7.564072548514853622e+01
-7.563111954641118473e+01
-7.545558385353498920e+01
-7.531012219159873666e+01
0.000000000000000000e+00
-7.549305898527100567e+01
-7.548958170207907870e+01
-7.564642208780864507e+01
-7.548215866578374289e+01
-7.545889442194820163e+01
-7.541075129068430272e+01
-7.563835254103392458e+01
-7.554982533420951540e+01
-7.552309907892561114e+01
-7.557326740924841602e+01
-7.547563952494571993e+01
-7.545889480699513285e+01
-7.520749769054195610e+01
-7.564609433962226603e+01
-7.571688611852914619e+01
-7.557147044519516044e+01
-7.548871035480470937e+01
-7.545962207120115295e+01
-7.548757851444375433e+01
-7.553813889082537969e+01
-7.548870725568839646e+01
-7.547266111194343807e+01
-7.546458739104016900e+01
-7.544066974547682491e+01
-7.545889460175412466e+01
-7.543574575645091329e+01
0.000000000000000000e+00
-7.559405778042247448e+01
-7.552265391171825115e+01
-7.552400624076901181e+01
-7.549250659392082241e+01
0.000000000000000000e+00
-7.532540123959441303e+01
-7.562609445134422970e+01
-7.572208271565799009e+01
-7.557541378682621769e+01
-7.554779473134837531e+01
-7.545716709909770259e+01
-7.551866521888054251e+01
-7.553972034106925548e+01
-7.552906921972635246e+01
-7.546250514562733258e+01
-7.546458739104016900e+01
-7.551012380446519501e+01
-7.545930479835999449e+01
