-2.617535140125958719e+02
-2.617782819212072241e+02
-2.617978130911226913e+02
-2.618091533320496751e+02
-2.618138349772439142e+02
-2.618166026595325206e+02
-2.618185971882472245e+02
-2.618225253496237883e+02
-2.618270532549818199e+02
-2.618324042218765157e+02
-2.618333162920280870e+02
-2.618341504586413180e+02
-2.618346770856903163e+02
-2.618368736437969915e+02
-2.618400902141971187e+02
-2.618404593984236044e+02
-2.618442284380327010e+02
-2.618442665553898792e+02
-2.618465282591333789e+02
-2.618491343838169882e+02
-2.618494941959419862e+02
-2.618501276138733829e+02
-2.618520854039284131e+02
-2.618530216918367728e+02
-2.618535074496504080e+02
-2.618537498885440868e+02
-2.618541596828696925e+02
-2.618544263179738891e+02
-2.618544374127400829e+02
-2.618544567125620119e+02
-2.618544738547907968e+02
-2.618544844276232766e+02
-2.618572230096984867e+02
-2.618572231280558071e+02
-2.618572281278043192e+02
-2.618572787512670175e+02
-2.618584575375637087e+02
-2.618602558593985918e+02
-2.618602564927385856e+02
-2.618606032690976235e+02
-2.618624095110889130e+02
-2.618624096230255986e+02
-2.618631718490315734e+02
-2.618631861816181186e+02
-2.618631861860794743e+02
