9.999965281468907730e-01
9.999883383621515076e-01
9.999879158289035619e-01
9.957098715271462952e-01
9.955346665860951294e-01
9.949932712583576810e-01
9.954731392732578676e-01
9.943223654238015907e-01
9.961508020724070267e-01
9.932132450343724717e-01
9.942534677720138436e-01
9.870564797670349222e-01
9.925269214872058932e-01
9.921043422735209560e-01
9.796192269308211520e-01
9.748006487605387349e-01
3.229892729617751812e-02
2.047805212024311414e-02
5.760651373392305236e-03
4.471371878962443654e-03
8.944227295471077199e-03
2.457368989921685128e-03
4.669563967105782448e-03
2.737799321541159545e-03
3.972208270661995062e-03
2.804524923564624163e-03
1.130474661057694064e-03
5.532993423802883351e-03
2.945314906958862271e-03
5.727185861472968570e-03
5.513584339652332494e-03
4.824520846226907668e-03
