9.999997991268735342e-01
9.999980633637680638e-01
9.999912853688768255e-01
9.999922007815468250e-01
9.973608772068285333e-01
9.966788445487335668e-01
9.968691885276430575e-01
9.952312956357665108e-01
9.956139389779601334e-01
9.942514042424968057e-01
9.956590654781798388e-01
9.938133403490720941e-01
9.952166504706820849e-01
9.947623048393603451e-01
9.929344064666237868e-01
9.943029938648523247e-01
9.980634684175906379e-01
9.918074967059729019e-01
9.959546262448613074e-01
9.922232652561500110e-01
9.953539908471334963e-01
9.931390801633742660e-01
9.427311861687479033e-03
1.039627044684203472e-02
9.995703146216488449e-03
5.705735912586126432e-03
2.797428786630765541e-03
5.497455679703414262e-03
5.786464763488442450e-03
2.926047286777215886e-03
2.052607921969186455e-03
1.655207286869427421e-03
4.031299535512386512e-03
4.663583791214212862e-03
2.023288898904751672e-03
3.395599887297844587e-03
2.607751773025018295e-03
8.549151699459710697e-04
2.269270346318729651e-03
3.650120966750128489e-03
1.912397976899148956e-03
4.317022341260214752e-03
2.152080213204166786e-03
2.664849105427373813e-03
