9.999999916120420052e-01
9.999988287737254788e-01
9.999988688483036903e-01
9.999990249449485225e-01
9.999991530879627222e-01
9.999933357598955741e-01
9.999794104551672502e-01
9.999734967261849627e-01
9.999752065178423299e-01
9.982743823055825194e-01
9.976979602323587937e-01
9.981426597181639604e-01
9.976398251135898398e-01
9.962932588932090772e-01
9.960994164923919758e-01
9.973338481047526738e-01
9.985324045751415856e-01
9.968188928905185042e-01
9.985664615223995844e-01
9.966130628727963847e-01
9.970793582413421952e-01
9.966455522469952477e-01
9.945545386125985710e-01
9.937823492889714672e-01
9.932892049526085287e-01
9.927899225835643549e-01
9.928635823842766328e-01
9.917201032710268871e-01
9.923309538631948090e-01
1.173561453636090893e-02
6.821666954626199805e-03
7.666548561590325050e-03
1.471739395344241405e-03
6.657119647064372106e-03
3.154134721799028811e-03
2.441238390322924244e-03
4.817281568639613341e-03
2.669932141219440516e-03
1.081498132174687609e-03
1.783926517386927053e-03
1.342530422821008439e-03
6.927722344110063667e-04
6.418254976574550149e-04
1.288048740627508945e-03
9.787799883202632362e-04
1.695873217452195658e-03
2.114441041868318598e-03
3.765312839835203811e-03
1.379009664506254977e-03
1.735746745596891986e-03
1.901704706489481655e-03
2.680929262805979534e-03
2.011972203482916173e-03
2.268044382886904783e-03
2.242848373676195432e-03
1.932465173503360514e-03
4.041939000012035113e-03
