9.999999754894912662e-01
9.999996945172564544e-01
9.999990920618886392e-01
9.958751368661713510e-01
9.958143079126638986e-01
9.948134167937427996e-01
9.956964414818038067e-01
9.944578476490735230e-01
9.962119749844464689e-01
9.930615503900328545e-01
9.939738896908765220e-01
9.877226950073065836e-01
9.927846547385438258e-01
9.924907149464000655e-01
9.809850435869328367e-01
9.767891405918304182e-01
3.032763131297504591e-02
1.881758313608031252e-02
5.307439129474299938e-03
4.263791498649060693e-03
8.936652371796157887e-03
2.356395009396391061e-03
4.626232163591877979e-03
2.746598920118890202e-03
3.883945253513886725e-03
2.731287927051005184e-03
9.802727619869550015e-04
5.537054792550271526e-03
2.836828945825587561e-03
5.676078157569630286e-03
5.478658060913771388e-03
4.817973849864657515e-03
