op     25   26   77   78   26   25   77   78                       -0.08711029664618911983                                                    
op     25   27   77   79   27   25   77   79                       -0.07500522331495491912                                                    
op      8   31   60   83   31    8   60   83                       -0.01409714667637861421                                                    
a_ia    8   31                                                     -0.00122904058131151133                                                    
op     25   28   73   80   28   25   73   80                       -0.01502776649092947558                                                    
a_ia   60   83                                                     -0.00124127985411443746                                                    
mvp2   25   27   73   80   27   25   73   80                       -0.00933157830567981315   -0.01954440463870303971                          
op     21   28   75   80   28   21   75   80                        0.00123071452671135459                                                    
mvp2   21   26   77   79   26   21   77   79                       -0.06517923530490775386   -0.76430692413127776508                          
mvp2   21   26   73   78   26   21   73   78                       -0.06358931798271355573    0.92820486741900187777                          
mvp2   23   26   73   78   26   23   73   78                        0.03916781741525627442    0.63793009063630146116                          
mvp2   21   27   73   78   27   21   73   78                        0.00570379225250286850    0.58293147864375816081                          
a_ia   73   75                                                     -0.56918026237505336962                                                    
a_ia   60   83                                                      0.00000000000000000000                                                    
a_ia   60   83                                                      0.00036649608076813541                                                    
