op     25   26   77   78   26   25   77   78                       -0.08489598097907158358                                                    
op     25   27   77   79   27   25   77   79                       -0.09746102221799256282                                                    
op      8   31   60   83   31    8   60   83                       -0.01436819159997889360                                                    
a_ia    8   31                                                     -0.00102185064676945194                                                    
op     25   28   73   80   28   25   73   80                       -0.02973583159719500255                                                    
a_ia   60   83                                                     -0.00091574474741498236                                                    
mvp2   25   27   73   80   27   25   73   80                       -0.00934817942827598919   -0.04410494040933744808                          
op     21   28   75   80   28   21   75   80                        0.00013890311310576535                                                    
mvp2   21   26   77   79   26   21   77   79                       -0.07463244927622179892   -1.06420129895025761257                          
mvp2   21   26   73   78   26   21   73   78                       -0.07724584742844692320    2.37057013701627061764                          
mvp2   23   26   73   78   26   23   73   78                       -0.03001529382845312052    0.47075392375075064688                          
mvp2   21   27   73   78   27   21   73   78                        0.00509647955257832349    2.45813662270697896872                          
a_ia   73   75                                                     -0.65276627859044644708                                                    
a_ia   60   83                                                      0.00032553510669847542                                                    
a_ia   60   83                                                      0.00069203118746738804                                                    
op     21   36   73   88   36   21   73   88                       -0.00907995228132937003                                                    
mvp2   21   36   77   92   36   21   77   92                       -0.00858527703188933719   -0.02400813834118750711                          
a_ia   77   92                                                     -0.05100452909155712283                                                    
mvp2   21   26   73   79   26   21   73   79                        0.02174499785659689266   -0.69680586787006804084                          
a_ia   25   27                                                     -0.01381826320481691940                                                    
mvp2   23   26   75   78   26   23   75   78                       -0.03258431793543938720    0.44894052133234968460                          
mvp2   25   40   73   88   40   25   73   88                       -0.00757012106732639009   -0.23382361693647343848                          
a_ia   25   40                                                     -0.02516900180966055028                                                    
mvp2   21   26   77   79   26   21   77   79                       -0.10197248830842514655    0.47902073061155947542                          
mvp2   25   40   77   79   40   25   77   79                        0.01141060857528362026    0.04916570220258235230                          
a_ia   25   40                                                      0.02810958392116021110                                                    
mvp2   25   28   68   78   28   25   68   78                       -0.04338946768800316239    0.50017508766439211509                          
a_ia   79   92                                                     -0.14259803433587295296                                                    
a_ia   77   92                                                      0.05597275760682221546                                                    
mvp3   16   26   25   28   16   25   28   26   16   25   26   28   -0.02146562700026601392   -0.78772885404290415856   -0.27546216554108127195
mvp2   25   28   75   80   28   25   75   80                        0.00107119478303252026   -0.23894229679294953783                          
mvp2   25   28   68   80   28   25   68   80                        0.00964067430702487266   -0.54711187289666063371                          
a_ia   60   83                                                     -0.00021403505487389382                                                    
mvp2   21   36   68   88   36   21   68   88                        0.00504110562372721716    0.31354470954316132625                          
mvp2   23   27   75   79   27   23   75   79                       -0.02575119540174245977   -1.21151232522638885314                          
mvp2   21   40   77   88   40   21   77   88                       -0.00533980610211732837   -2.06221569648831470900                          
a_ia   25   26                                                     -0.00335655277063191902                                                    
a_ia   23   36                                                      0.15889991230184957738                                                    
mvp2   25   40   77   92   40   25   77   92                       -0.00847044901060087056   -0.67632794267544626976                          
a_ia   73   88                                                      0.00280864806481501616                                                    
a_ia   77   92                                                     -0.00593022818711863749                                                    
mvp2   21   40   73   92   40   21   73   92                       -0.00745800632381505863   -0.72728479456825945171                          
a_ia   72   83                                                      0.00050681346062446571                                                    
mvp2   25   26   77   92   26   25   77   92                       -0.00806350195101816769   -0.14635392924390644431                          
a_ia   77   92                                                      0.00329567396281793329                                                    
a_ia   21   40                                                     -0.00026928474908322140                                                    
a_ia   26   36                                                     -0.09235284852420073964                                                    
a_ia   26   40                                                      0.04289496582495384847                                                    
mvp2   25   26   68   78   26   25   68   78                        0.03085130973107864244    0.48762941671611947925                          
a_ia   23   36                                                     -0.16082870213483715927                                                    
a_ia   78   79                                                      0.02239613483634980348                                                    
a_ia   60   83                                                     -0.00117777073811674814                                                    
a_ia   78   79                                                      0.02907860967731222199                                                    
a_ia   81   83                                                     -0.25025487047321082201                                                    
a_ia   68   79                                                     -0.00193469155439580758                                                    
a_ia   77   92                                                      0.00506978320665515004                                                    
a_ia   12   21                                                     -0.28951973059630214946                                                    
a_ia   25   26                                                     -0.01184809315672800609                                                    
a_ia   64   73                                                     -0.28540490599880291578                                                    
a_ia   77   78                                                     -0.01715247575201818767                                                    
a_ia   25   26                                                     -0.00507341152901307803                                                    
