op     25   26   77   78   26   25   77   78                       -0.09524998129768781630                                                    
op     25   27   77   79   27   25   77   79                       -0.08329527018534441107                                                    
op      8   31   60   83   31    8   60   83                       -0.01391140669168713755                                                    
a_ia    8   31                                                     -0.00094736366000723387                                                    
op     25   28   73   80   28   25   73   80                       -0.02555484569639450421                                                    
a_ia   60   83                                                     -0.00083375974744659615                                                    
mvp2   25   27   73   80   27   25   73   80                       -0.00874552685026746927   -0.00223224784705982997                          
op     21   28   75   80   28   21   75   80                        0.00379512499354670713                                                    
mvp2   21   26   77   79   26   21   77   79                       -0.05323712369893625340   -0.85636741062187149431                          
mvp2   21   26   73   78   26   21   73   78                       -0.06588711228368314410    1.12967127558158142442                          
mvp2   23   26   73   78   26   23   73   78                        0.01642030256723611345    0.57630505818615418434                          
mvp2   21   27   73   78   27   21   73   78                        0.01874283025188942450    0.43243372844409394551                          
a_ia   73   75                                                     -0.39053640223830865530                                                    
a_ia   60   83                                                      0.00040752010666786679                                                    
a_ia   60   83                                                      0.00077401618743603803                                                    
op     21   36   73   88   36   21   73   88                       -0.00846542769263201531                                                    
mvp2   21   36   77   92   36   21   77   92                       -0.00529228548591773821    0.13880027430990435344                          
a_ia   77   92                                                     -0.03905094937037051350                                                    
mvp2   21   26   73   79   26   21   73   79                        0.01214404188089401697   -0.63484091539852360864                          
a_ia   25   27                                                     -0.00840439310828879592                                                    
mvp2   23   26   75   78   26   23   75   78                       -0.03707941016169076509    0.21669211688519804393                          
mvp2   25   40   73   88   40   25   73   88                       -0.00557636602287425731   -0.32470843003709126684                          
a_ia   25   40                                                     -0.01324092510056611334                                                    
mvp2   21   26   77   79   26   21   77   79                       -0.02892630640282306889   -0.03655643671790523297                          
mvp2   25   40   77   79   40   25   77   79                        0.01030362466355837919    0.05786415599415004052                          
a_ia   25   40                                                      0.01725258059326347654                                                    
mvp2   25   28   68   78   28   25   68   78                       -0.04036796004894289275    0.50548346226361762223                          
a_ia   79   92                                                     -0.13689620431330240535                                                    
a_ia   77   92                                                      0.04189294034728475308                                                    
mvp3   16   26   25   28   16   25   28   26   16   25   26   28   -0.02426658551924192400   -0.79052008099789827789   -0.17892891265801449951
mvp2   25   28   75   80   28   25   75   80                        0.00697840884172522269   -0.28392408800744334263                          
mvp2   25   28   68   80   28   25   68   80                        0.00893444624074763577   -0.61413329986412057426                          
a_ia   60   83                                                     -0.00013205005490531368                                                    
mvp2   21   36   68   88   36   21   68   88                        0.00519902454459614943   -0.37991049815484628782                          
mvp2   23   27   75   79   27   23   75   79                       -0.02044126475699032872   -0.26535443570573891137                          
mvp2   21   40   77   88   40   21   77   88                       -0.00494820206396639432    0.35257759218219669739                          
a_ia   25   26                                                     -0.00815293350699312219                                                    
a_ia   23   36                                                      0.00030310207783783619                                                    
mvp2   25   40   77   92   40   25   77   92                       -0.00944451771220336002   -0.09448775853745046416                          
a_ia   73   88                                                      0.00219043048631201815                                                    
a_ia   77   92                                                      0.00061878917256985989                                                    
mvp2   21   40   73   92   40   21   73   92                       -0.00527843814568929297   -0.34103185118058698677                          
a_ia   72   83                                                      0.00033375586217209812                                                    
mvp2   25   26   77   92   26   25   77   92                       -0.01020301534626327604   -0.21633014706714662201                          
a_ia   77   92                                                     -0.00116996761758953989                                                    
a_ia   21   40                                                     -0.00089864483050698522                                                    
a_ia   26   36                                                     -0.07079095723120040762                                                    
a_ia   26   40                                                      0.06289159390228285518                                                    
mvp2   25   26   68   78   26   25   68   78                        0.02740467327156041050    0.17200173961290304847                          
a_ia   23   36                                                     -0.00242827723811548258                                                    
a_ia   78   79                                                     -0.05506255326901211139                                                    
a_ia   60   83                                                     -0.00109568026230127524                                                    
a_ia   78   79                                                     -0.04838007842767298033                                                    
