op     27   28   83   84   28   27   83   84                       -0.12192452145765170224                                                    
op     27   29   83   85   29   27   83   85                       -0.07667251031521413185                                                    
op     26   29   81   84   29   26   81   84                        0.01877306694570479717                                                    
op      0   55   56  111   55    0   56  111                       -0.01205840597962501773                                                    
op      0   32   56   88   32    0   56   88                       -0.00864081288987649486                                                    
op      0   33   56   89   33    0   56   89                       -0.00657421742426602534                                                    
op      0   41   56   97   41    0   56   97                       -0.00842255806815772438                                                    
op      0   36   56   92   36    0   56   92                       -0.00529884515876730133                                                    
op      0   35   56   91   35    0   56   91                       -0.00246380678750206033                                                    
op      0   37   56   93   37    0   56   93                       -0.00256829778705759595                                                    
op      0   49   56  105   49    0   56  105                       -0.00498533331904053596                                                    
op      0   43   56   99   43    0   56   99                       -0.00167045266247068053                                                    
mvp2    0   55   68  105   55    0   68  105                       -0.01451538915246284103    0.36754242500042860753                          
mvp3    0   49   25   55    0   25   55   49    0   25   49   55   -0.00407760125457724484   -0.09713679465722424577   -0.84272679668463568170
mvp2   25   28   68  105   28   25   68  105                       -0.00876762440663637031   -0.06795483309821022389                          
mvp2   25   28   83   85   28   25   83   85                       -0.08054097637023793776   -0.63445971307468207456                          
a_ia   68  105                                                     -0.00038838640155578017                                                    
mvp3    0   32   25   49    0   25   49   32    0   25   32   49    0.00547744388255725582    0.00012347928590036278   -0.00001107318797611130
