op     27   28   83   84   28   27   83   84                       -0.12191251102591645072                                                    
op     27   29   83   85   29   27   83   85                       -0.07667962090024109389                                                    
op     26   29   81   84   29   26   81   84                        0.01877397315247078188                                                    
op      0   55   56  111   55    0   56  111                       -0.01205801836846532964                                                    
op      0   32   56   88   32    0   56   88                       -0.00868060062402429590                                                    
op      0   33   56   89   33    0   56   89                       -0.00656694418661052035                                                    
op      0   41   56   97   41    0   56   97                       -0.00844100719704157787                                                    
op      0   36   56   92   36    0   56   92                       -0.00536015919483296636                                                    
op      0   35   56   91   35    0   56   91                       -0.00239919517982601456                                                    
op      0   37   56   93   37    0   56   93                       -0.00255297921963357124                                                    
op      0   49   56  105   49    0   56  105                       -0.00497265347497053995                                                    
op      0   43   56   99   43    0   56   99                       -0.00169877645894555380                                                    
mvp2    0   55   68  105   55    0   68  105                       -0.01442586590115263988    0.36747839144950789070                          
mvp3    0   49   25   55    0   25   55   49    0   25   49   55   -0.00402840285736186330   -0.09710375649244652740   -0.84274573512275086085
mvp2   25   28   68  105   28   25   68  105                       -0.00877022001175027308   -0.06786325995518581455                          
mvp2   25   28   83   85   28   25   83   85                       -0.08062521032782789254   -0.63448139901886302372                          
