op     27   28   83   84   28   27   83   84                       -0.12192917580333301197                                                    
op     27   29   83   85   29   27   83   85                       -0.07666897596818542104                                                    
op     26   29   81   84   29   26   81   84                        0.01877263958981837191                                                    
op      0   55   56  111   55    0   56  111                       -0.01205518344972116539                                                    
op      0   32   56   88   32    0   56   88                       -0.00860016915190486668                                                    
op      0   33   56   89   33    0   56   89                       -0.00656666821812882610                                                    
op      0   41   56   97   41    0   56   97                       -0.00841626268114747944                                                    
op      0   36   56   92   36    0   56   92                       -0.00528911788249264089                                                    
op      0   35   56   91   35    0   56   91                       -0.00247587076846581856                                                    
op      0   37   56   93   37    0   56   93                       -0.00257196349354215335                                                    
op      0   49   56  105   49    0   56  105                       -0.00500474861253325833                                                    
op      0   43   56   99   43    0   56   99                       -0.00165275720845963793                                                    
mvp2    0   55   68  105   55    0   68  105                       -0.01449642222257132435    0.36759339736217389039                          
mvp3    0   49   25   55    0   25   55   49    0   25   49   55   -0.00416395400985800340   -0.09716300337155472922   -0.84271032189747707708
mvp2   25   28   68  105   28   25   68  105                       -0.00876767278640091553   -0.06802729512725221028                          
mvp2   25   28   83   85   28   25   83   85                       -0.08049444718084210193   -0.63444251759193071027                          
a_ia   68  105                                                     -0.00044740040881986325                                                    
mvp3    0   32   25   49    0   25   49   32    0   25   32   49    0.00547191468627285411    0.00031631616984168604   -0.00002886683959712665
mvp3    0   33   25   49    0   25   49   33    0   25   33   49   -0.00292110915519182843   -0.00012986355708695282    0.00000960644716708731
mvp2    0   49   68  111   49    0   68  111                       -0.00311427591654352826   -0.00001873122501818904                          
