op     27   28   83   84   28   27   83   84                       -0.12535388730646240818                                                    
op     27   29   83   85   29   27   83   85                       -0.08275256695371689675                                                    
op     26   29   81   84   29   26   81   84                        0.02005210280242963883                                                    
op      0   55   56  111   55    0   56  111                       -0.01314030871522974160                                                    
op      0   32   56   88   32    0   56   88                       -0.00653180862563841440                                                    
op      0   33   56   89   33    0   56   89                       -0.00593188315384213845                                                    
op      0   41   56   97   41    0   56   97                       -0.00841071753656409508                                                    
op      0   36   56   92   36    0   56   92                       -0.00538736781819329144                                                    
op      0   35   56   91   35    0   56   91                       -0.00251217135042702865                                                    
op      0   37   56   93   37    0   56   93                       -0.00256125077871454786                                                    
op      0   49   56  105   49    0   56  105                       -0.00551529313637546745                                                    
op      0   43   56   99   43    0   56   99                       -0.00171159027527866448                                                    
mvp2    0   55   68  105   55    0   68  105                       -0.01591433957946481598    0.43779014683059680468                          
mvp3    0   49   25   55    0   25   55   49    0   25   49   55   -0.00429201154552019768   -0.13380453082407817167   -0.82202150258898154522
mvp2   25   28   68  105   28   25   68  105                       -0.00808449245973811258   -0.16820550316238155886                          
mvp2   25   28   83   85   28   25   83   85                       -0.08323007401547266593   -0.73188108199925816511                          
a_ia   68  105                                                     -0.00071290979820604712                                                    
mvp3    0   32   25   49    0   25   49   32    0   25   32   49    0.00543702891905774484    0.26517494540192615426   -0.02494863532518565297
mvp3    0   33   25   49    0   25   49   33    0   25   33   49   -0.00305571512703622233   -0.17722565197225559341    0.01362784332327729095
mvp2    0   49   68  111   49    0   68  111                       -0.00311987746486997982   -0.06954405731581889127                          
mvp2   25   29   81   85   29   25   81   85                       -0.06828429858952118903   -0.61554634523105056232                          
