op     27   28   83   84   28   27   83   84                       -0.12525196989023520966                                                    
op     27   29   83   85   29   27   83   85                       -0.08271737894297925831                                                    
op     26   29   81   84   29   26   81   84                        0.02010896241977333868                                                    
op      0   55   56  111   55    0   56  111                       -0.01309379665095810469                                                    
op      0   32   56   88   32    0   56   88                       -0.00662357851851163009                                                    
op      0   33   56   89   33    0   56   89                       -0.00591903331621385607                                                    
op      0   41   56   97   41    0   56   97                       -0.00841582177960314114                                                    
op      0   36   56   92   36    0   56   92                       -0.00530788852068699284                                                    
op      0   35   56   91   35    0   56   91                       -0.00250634654456919096                                                    
op      0   37   56   93   37    0   56   93                       -0.00257462505056668765                                                    
op      0   49   56  105   49    0   56  105                       -0.00555071727246045712                                                    
op      0   43   56   99   43    0   56   99                       -0.00166121065016026784                                                    
mvp2    0   55   68  105   55    0   68  105                       -0.01756070382792153731    0.43782593668387326247                          
mvp3    0   49   25   55    0   25   55   49    0   25   49   55   -0.00430726391481132866   -0.13413971256561163514   -0.82192902294540082231
mvp2   25   28   68  105   28   25   68  105                       -0.00776608141068177264   -0.16872933153826510932                          
mvp2   25   28   83   85   28   25   83   85                       -0.08325672332191778879   -0.73277531219495739556                          
a_ia   68  105                                                     -0.00039913837266314459                                                    
mvp3    0   32   25   49    0   25   49   32    0   25   32   49    0.00544073634457570982    0.26582115501694447701   -0.02518158604446258178
mvp3    0   33   25   49    0   25   49   33    0   25   33   49   -0.00290056640803309411   -0.17797341182569553775    0.01375674066511524754
mvp2    0   49   68  111   49    0   68  111                       -0.00309303363824357325   -0.06984512559643606122                          
mvp2   25   29   81   85   29   25   81   85                       -0.06822427372383921274   -0.61461566236817466446                          
mvp2    0   55   68  105   55    0   68  105                        0.00292202381722029853   -0.00025650202180970344                          
mvp2    0   41   68  105   41    0   68  105                       -0.00368450861272281386   -0.00071790145823460581                          
om     12   28   81  105   28   12   81  105                       -0.01174634413183560377                                                    
mvp2    0   32   68  105   32    0   68  105                       -0.00544454166225196920   -0.00028887461506379839                          
