op     27   28   83   84   28   27   83   84                       -0.12619663070656730874                                                    
op     27   29   83   85   29   27   83   85                       -0.08227985177080821000                                                    
op     26   29   81   84   29   26   81   84                        0.02037895523084764376                                                    
op      0   55   56  111   55    0   56  111                       -0.01433919584169706003                                                    
op      0   32   56   88   32    0   56   88                       -0.00745333030339313807                                                    
op      0   33   56   89   33    0   56   89                       -0.00595559022198352463                                                    
op      0   41   56   97   41    0   56   97                       -0.00860937120683732092                                                    
op      0   36   56   92   36    0   56   92                       -0.00526908222798086988                                                    
op      0   35   56   91   35    0   56   91                       -0.00251398885603356216                                                    
op      0   37   56   93   37    0   56   93                       -0.00261922734794409889                                                    
op      0   49   56  105   49    0   56  105                       -0.00578271526690437871                                                    
op      0   43   56   99   43    0   56   99                       -0.00165013517389789744                                                    
mvp2    0   55   68  105   55    0   68  105                       -0.01778476723467745449    0.43919479954927281851                          
mvp3    0   49   25   55    0   25   55   49    0   25   49   55   -0.00423327323967455805   -0.14466291427569033523   -0.81651307832299557798
mvp2   25   28   68  105   28   25   68  105                       -0.01056786022964122627   -0.18545959982896015328                          
mvp2   25   28   83   85   28   25   83   85                       -0.08320255353384388430   -0.75975910903923615791                          
a_ia   68  105                                                     -0.00069209947505493251                                                    
mvp3    0   32   25   49    0   25   49   32    0   25   32   49    0.00537300056964979018    0.25709510057028611696   -0.03240179880132957463
mvp3    0   33   25   49    0   25   49   33    0   25   33   49   -0.00208620237060516515   -0.19999331870678729861    0.01782169116760598526
mvp2    0   49   68  111   49    0   68  111                       -0.00311635726780225795   -0.07953718981758434170                          
mvp2   25   29   81   85   29   25   81   85                       -0.07044197779756036781   -0.58669240216146656408                          
mvp2    0   55   68  105   55    0   68  105                        0.00243095389894185630   -0.00677503132301882690                          
mvp2    0   41   68  105   41    0   68  105                       -0.00482564194772807601   -0.03524354683924926096                          
om     12   28   81  105   28   12   81  105                       -0.00665721557043410638                                                    
mvp2    0   32   68  105   32    0   68  105                       -0.00784839180400338093   -0.01730652053952604075                          
a_ia   81   82                                                      0.17790044808322622027                                                    
a_ia   68   84                                                      0.00757568852877150371                                                    
a_ia   68   84                                                     -0.00024019706051851077                                                    
mvp2    0   33   68  105   33    0   68  105                        0.00357523358654784126    0.04656233640073814684                          
a_ia   83   85                                                     -0.00408290863224096152                                                    
mvp3    0   28   12   32    0   12   32   28    0   12   28   32   -0.00763731258519519032    0.07973321335652480690   -0.21600849086766260587
mvp3    0   28   12   33    0   12   33   28    0   12   28   33    0.00279221271027022076   -0.05200041974459459343    0.14787712340448083692
mvp3    0   28   12   41    0   12   41   28    0   12   28   41   -0.00337676905272691523    0.00681560897129842875   -0.09431357563863561333
mvp2    0   34   68   84   34    0   68   84                       -0.00462985408429864367   -0.03307436701106281074                          
mvp2   76   85   81   89   76   81   85   89                       -0.01440247914233252872    0.11992051307182444164                          
mvp2    0   28   68   88   28    0   68   88                        0.00405958667822774611    0.40998249005846654214                          
mvp2   12   28   68  105   28   12   68  105                        0.00772706545477718897    0.25957844761325649108                          
mvp2    0   37   56  111   37    0   56  111                       -0.00319543018844956148   -0.44994356028624860055                          
a_ia   56  111                                                      0.00045141535405497982                                                    
mvp2    0   32   56   97   32    0   56   97                       -0.00672252570084206583    0.50529985679734767956                          
a_ia   56   97                                                      0.00050139582670904656                                                    
mvp3   56   88   68  105   56   68  105   88   56   68   88  105   -0.00580217725111487840   -0.55654157137819604273   -0.18893583746868389261
mvp2    0   32   68  105   32    0   68  105                       -0.00567257922598031483   -0.05399380577949148413                          
mvp2    0   28   56   84   28    0   56   84                       -0.00508067237571714538   -0.57027710912532447729                          
mvp2    0   34   56   88   34    0   56   88                        0.00315837046253701495    0.24171350685009038162                          
a_ia   83   84                                                      0.00962997844280761781                                                    
mvp2    0   55   56   97   55    0   56   97                       -0.00322773790254056621   -0.06999786864049256652                          
a_ia   56   76                                                      0.15699737201896657446                                                    
