op     27   28   83   84   28   27   83   84                       -0.12191962951929945225                                                    
op     27   29   83   85   29   27   83   85                       -0.07667530375779757490                                                    
op     26   29   81   84   29   26   81   84                        0.01877345977426934584                                                    
op      0   55   56  111   55    0   56  111                       -0.01210402264282389208                                                    
op      0   32   56   88   32    0   56   88                       -0.00863282293855644964                                                    
op      0   33   56   89   33    0   56   89                       -0.00657475911988182355                                                    
op      0   41   56   97   41    0   56   97                       -0.00840424425113865496                                                    
op      0   36   56   92   36    0   56   92                       -0.00526477187119324223                                                    
op      0   35   56   91   35    0   56   91                       -0.00250304545186925270                                                    
op      0   37   56   93   37    0   56   93                       -0.00257947677801944816                                                    
op      0   49   56  105   49    0   56  105                       -0.00501271420461819016                                                    
op      0   43   56   99   43    0   56   99                       -0.00162535379352332144                                                    
mvp2    0   55   68  105   55    0   68  105                       -0.01457176242056814307    0.36751024454237574135                          
mvp3    0   49   25   55    0   25   55   49    0   25   49   55   -0.00417228944515058136   -0.09712015424577140343   -0.84273584405328549884
mvp2   25   28   68  105   28   25   68  105                       -0.00876853551354538248   -0.06790873151040061062                          
mvp2   25   28   83   85   28   25   83   85                       -0.08057817010349192788   -0.63447057051937416627                          
a_ia   68  105                                                     -0.00027212944099357686                                                    
