op     23   24   71   72   24   23   71   72                       -0.03387926008348977197                                                    
op     19   25   67   73   25   19   67   73                       -0.08626411531255240295                                                    
op     23   37   71   75   37   23   71   75                        0.00740464510869484529                                                    
op     19   37   67   85   37   19   67   85                       -0.00717860481214891225                                                    
op     19   25   68   73   25   19   68   73                       -0.04311535224275848260                                                    
op      1   25   49   73   25    1   49   73                       -0.00898904159154411200                                                    
op     19   24   66   72   24   19   66   72                        0.03249374908541992346                                                    
mvp2   19   25   67   72   25   19   67   72                        0.06162926414159197730   -0.08332605035620982425                          
a_ia   19   20                                                      0.42602293179249806077                                                    
op     23   37   71   85   37   23   71   85                       -0.00745840228859979970                                                    
a_ia   21   25                                                      0.00287490492277564253                                                    
op     18   24   66   72   24   18   66   72                       -0.03193206969772901388                                                    
mvp3   19   24   23   25   19   23   25   24   19   23   24   25   -0.02648235561890621009    0.01419253878111613118   -0.18842932387449354281
a_ia   71   76                                                     -0.00145566504012074145                                                    
