op     23   24   71   72   24   23   71   72                       -0.00893138306873729124                                                    
op     19   25   67   73   25   19   67   73                       -0.10500509758988055276                                                    
op     23   37   71   75   37   23   71   75                        0.00523241593645977932                                                    
op     19   37   67   85   37   19   67   85                       -0.00766339855426937094                                                    
op     19   25   68   73   25   19   68   73                       -0.05286346781871270606                                                    
op      1   25   49   73   25    1   49   73                       -0.00927717161464892276                                                    
op     19   24   66   72   24   19   66   72                        0.02389501471079562289                                                    
mvp2   19   25   67   72   25   19   67   72                        0.07775090132974077362   -0.10933006542453518883                          
a_ia   19   20                                                      0.43423412824708890190                                                    
op     23   37   71   85   37   23   71   85                       -0.00369246248768469567                                                    
a_ia   21   25                                                      0.00127119336831042220                                                    
op     18   24   66   72   24   18   66   72                       -0.01737478302721108536                                                    
mvp3   19   24   23   25   19   23   25   24   19   23   24   25   -0.02010215378434439606   -0.47968407322606027021   -0.70563919574361155806
a_ia   71   76                                                     -0.00082858948688551001                                                    
mvp2   17   24   18   25   17   18   24   25                       -0.00111857799082548475    0.07213315838877258634                          
op     16   24   66   72   24   16   66   72                        0.00770796886982733423                                                    
mvp2   18   25   67   73   25   18   67   73                       -0.03092528847232614911   -0.56731195014779589592                          
a_ia   19   23                                                     -0.63804538038037217351                                                    
a_ia   17   19                                                     -0.17469224931275106893                                                    
a_ia   16   25                                                     -0.00506636403023429886                                                    
mvp3   18   24   20   25   18   20   25   24   18   20   24   25   -0.01080325737478943574   -0.61433263994489961668   -0.07823524801467565681
a_ia   65   73                                                      0.00295393860902689329                                                    
a_ia   16   24                                                     -0.00481354596284892106                                                    
mvp2   18   25   66   73   25   18   66   73                       -0.02171014320345430668    0.32140148562057113679                          
a_ia   17   23                                                     -0.27699223415255691538                                                    
a_ia   68   70                                                     -0.37646231279641068079                                                    
a_ia   22   23                                                     -0.26285164072598499185                                                    
mvp2   23   29   71   75   29   23   71   75                        0.00984662909851365814    0.00445717452028711152                          
a_ia   23   37                                                      0.00097254389520698013                                                    
mvp3   16   24   19   25   16   19   25   24   16   19   24   25    0.02107653830379823540    0.20136434976585446122   -0.33712736470802595612
