op     23   24   71   72   24   23   71   72                        0.01222871377953496305                                                    
op     19   25   67   73   25   19   67   73                       -0.11439462499652876259                                                    
op     23   37   71   75   37   23   71   75                        0.00234988890846674070                                                    
op     19   37   67   85   37   19   67   85                       -0.00664300649980896496                                                    
op     19   25   68   73   25   19   68   73                       -0.05633024273884515432                                                    
op      1   25   49   73   25    1   49   73                       -0.00827527478538356287                                                    
op     19   24   66   72   24   19   66   72                       -0.00014844400213056918                                                    
mvp2   19   25   67   72   25   19   67   72                        0.07185584015371408728   -0.18900451594263756316                          
a_ia   19   20                                                      0.86434930161252865322                                                    
op     23   37   71   85   37   23   71   85                        0.00034322125060302065                                                    
a_ia   21   25                                                      0.00211287740560102064                                                    
op     18   24   66   72   24   18   66   72                       -0.03936636784420090296                                                    
mvp3   19   24   23   25   19   23   25   24   19   23   24   25   -0.02260911141325016444   -0.60736259578371698531   -1.30565491787929732759
a_ia   71   76                                                     -0.00144382704467594910                                                    
mvp2   17   24   18   25   17   18   24   25                        0.00462745818584916688   -0.11003700162716541222                          
op     16   24   66   72   24   16   66   72                        0.00907880378912789485                                                    
mvp2   18   25   67   73   25   18   67   73                       -0.01848949379134590121   -0.20169446612480085301                          
a_ia   19   23                                                     -1.18481080447911613085                                                    
a_ia   17   19                                                     -0.22523538409750049061                                                    
a_ia   16   25                                                     -0.00202519384642530073                                                    
mvp3   18   24   20   25   18   20   25   24   18   20   24   25   -0.03921730991637528002   -1.00636928936459857375   -0.28207826678424235967
a_ia   65   73                                                      0.00149979882390607541                                                    
a_ia   16   24                                                     -0.01526013292362944813                                                    
mvp2   18   25   66   73   25   18   66   73                       -0.01429419460981131741    0.14151020581428253031                          
a_ia   17   23                                                     -0.18721313902977401722                                                    
a_ia   68   70                                                     -0.35391308371920970899                                                    
a_ia   22   23                                                     -0.29540449671376745044                                                    
mvp2   23   29   71   75   29   23   71   75                        0.00958228785974652927    0.04354074851068949481                          
a_ia   23   37                                                      0.00101069578506425540                                                    
mvp3   16   24   19   25   16   19   25   24   16   19   24   25    0.02672729498224991201    0.52752230068238270544   -0.32316018492657377914
a_ia   16   24                                                      0.00642934987495537725                                                    
mvp2   20   25   66   72   25   20   66   72                       -0.04990873737678745703    0.79130038730609275621                          
mvp2   15   28   67   72   28   15   67   72                        0.00866285585617365336    0.23398879393624069656                          
a_ia   17   24                                                     -0.00338095420485535992                                                    
mvp3   18   24   19   25   18   19   25   24   18   19   24   25   -0.02978400762653950901    1.04625450396880070869    0.28138873507721257061
a_ia   67   72                                                     -0.00183628409918862182                                                    
mvp2   19   24   64   73   24   19   64   73                       -0.01086282105850478949    0.44060219260887023562                          
a_ia   66   67                                                     -0.19475883169153732077                                                    
