op     23   24   71   72   24   23   71   72                       -0.03389157971185766116                                                    
op     19   25   67   73   25   19   67   73                       -0.08629040057993832280                                                    
op     23   37   71   75   37   23   71   75                        0.00742690121565048669                                                    
op     19   37   67   85   37   19   67   85                       -0.00681412435166159347                                                    
op     19   25   68   73   25   19   68   73                       -0.04311286121434255991                                                    
op      1   25   49   73   25    1   49   73                       -0.00894626117390200093                                                    
op     19   24   66   72   24   19   66   72                        0.03249198164333275130                                                    
mvp2   19   25   67   72   25   19   67   72                        0.06165055249370547663   -0.08352747747194565198                          
a_ia   19   20                                                      0.42592151061749389251                                                    
op     23   37   71   85   37   23   71   85                       -0.00737099105011874197                                                    
a_ia   21   25                                                      0.00287564578956308334                                                    
op     18   24   66   72   24   18   66   72                       -0.03189489721831564178                                                    
mvp3   19   24   23   25   19   23   25   24   19   23   24   25   -0.02645391697915316226    0.01426509606495994509   -0.18838045241819872944
a_ia   71   76                                                     -0.00139331444086649228                                                    
mvp2   17   24   18   25   17   18   24   25                        0.00836964344328307644   -0.00004319903171084829                          
