op     23   24   71   72   24   23   71   72                       -0.01099742413061111611                                                    
op     19   25   67   73   25   19   67   73                       -0.10339801512828487862                                                    
op     23   37   71   75   37   23   71   75                        0.00526354598307312519                                                    
op     19   37   67   85   37   19   67   85                       -0.00771008751087449203                                                    
op     19   25   68   73   25   19   68   73                       -0.05249579940728214822                                                    
op      1   25   49   73   25    1   49   73                       -0.00914978047575611131                                                    
op     19   24   66   72   24   19   66   72                        0.02263314944519117730                                                    
mvp2   19   25   67   72   25   19   67   72                        0.07715195488009431168   -0.11865454414451059861                          
a_ia   19   20                                                      0.45690538488418680485                                                    
op     23   37   71   85   37   23   71   85                       -0.00388914805809470639                                                    
a_ia   21   25                                                      0.00159514478518517767                                                    
op     18   24   66   72   24   18   66   72                       -0.01805266491898768755                                                    
mvp3   19   24   23   25   19   23   25   24   19   23   24   25   -0.02097194375750069395   -0.45147415264716594940   -0.67592624600294293202
a_ia   71   76                                                     -0.00071252189324971804                                                    
mvp2   17   24   18   25   17   18   24   25                       -0.00084360208491374383    0.06182239838718521507                          
op     16   24   66   72   24   16   66   72                        0.01371664782112916314                                                    
mvp2   18   25   67   73   25   18   67   73                       -0.03074477802687754571   -0.55538046239861271758                          
a_ia   19   23                                                     -0.61578982123749392841                                                    
a_ia   17   19                                                     -0.17777766713428946876                                                    
a_ia   16   25                                                     -0.00719268026622746446                                                    
mvp3   18   24   20   25   18   20   25   24   18   20   24   25   -0.01157271078061154236   -0.60550227291541736108   -0.07454439819271581336
a_ia   65   73                                                      0.00301157304853794973                                                    
a_ia   16   24                                                     -0.00581532455849288494                                                    
mvp2   18   25   66   73   25   18   66   73                       -0.02179221915191925651    0.26593694503919773631                          
a_ia   17   23                                                     -0.28506506652698709869                                                    
a_ia   68   70                                                     -0.37855100465920277220                                                    
a_ia   22   23                                                     -0.26238996663187047487                                                    
mvp2   23   29   71   75   29   23   71   75                        0.00964207076112123460    0.00000988210551393120                          
