op     23   24   71   72   24   23   71   72                       -0.03390561465517320100                                                    
op     19   25   67   73   25   19   67   73                       -0.08638907233007590836                                                    
op     23   37   71   75   37   23   71   75                        0.00742664585170593229                                                    
op     19   37   67   85   37   19   67   85                       -0.00697776002047512719                                                    
op     19   25   68   73   25   19   68   73                       -0.04311998278030970688                                                    
op      1   25   49   73   25    1   49   73                       -0.00895811730239330986                                                    
op     19   24   66   72   24   19   66   72                        0.03248438871157886820                                                    
mvp2   19   25   67   72   25   19   67   72                        0.06172333492293301943   -0.08290141683100973879                          
a_ia   19   20                                                      0.42624251895241349608                                                    
op     23   37   71   85   37   23   71   85                       -0.00740533006650447544                                                    
a_ia   21   25                                                      0.00289210488951661916                                                    
op     18   24   66   72   24   18   66   72                       -0.03184079565858564942                                                    
mvp3   19   24   23   25   19   23   25   24   19   23   24   25   -0.02628024635273578519    0.01403937197626444443   -0.18853023009396008280
