op     23   24   71   72   24   23   71   72                        0.01262065120429071985                                                    
op     19   25   67   73   25   19   67   73                       -0.10889203741383370050                                                    
op     23   37   71   75   37   23   71   75                        0.00235384159300897631                                                    
op     19   37   67   85   37   19   67   85                       -0.00591661210216399506                                                    
op     19   25   68   73   25   19   68   73                       -0.05583962791748673521                                                    
op      1   25   49   73   25    1   49   73                       -0.00854223961587763370                                                    
op     19   24   66   72   24   19   66   72                       -0.00165601800980175748                                                    
mvp2   19   25   67   72   25   19   67   72                        0.08282700054886275864   -0.19246628135024937412                          
a_ia   19   20                                                      0.85734077155570065365                                                    
op     23   37   71   85   37   23   71   85                        0.00046577752039189723                                                    
a_ia   21   25                                                      0.00195870049385610517                                                    
op     18   24   66   72   24   18   66   72                       -0.03107645501083127620                                                    
mvp3   19   24   23   25   19   23   25   24   19   23   24   25   -0.02240747119216356456   -0.60629432801586169433   -1.31723092404090014185
a_ia   71   76                                                     -0.00148612411306346388                                                    
mvp2   17   24   18   25   17   18   24   25                        0.00481776516945573753   -0.10264956232338109943                          
op     16   24   66   72   24   16   66   72                        0.00747111879307950453                                                    
mvp2   18   25   67   73   25   18   67   73                       -0.01590674166089344962   -0.18590276122110704904                          
a_ia   19   23                                                     -1.17780460672949649492                                                    
a_ia   17   19                                                     -0.22434637083814723546                                                    
a_ia   16   25                                                     -0.00196338365706028419                                                    
mvp3   18   24   20   25   18   20   25   24   18   20   24   25   -0.03323956265276666738   -1.01624909916408223687   -0.26912952382298199749
a_ia   65   73                                                      0.00211552874333400739                                                    
a_ia   16   24                                                     -0.02164000196644123852                                                    
mvp2   18   25   66   73   25   18   66   73                       -0.01747917721340971203    0.13789253411815696748                          
a_ia   17   23                                                     -0.18852255985070967559                                                    
a_ia   68   70                                                     -0.35286124420085396292                                                    
a_ia   22   23                                                     -0.29375075124683280858                                                    
mvp2   23   29   71   75   29   23   71   75                        0.00948878972358078131    0.04274057064053877336                          
a_ia   23   37                                                      0.00060673208192921235                                                    
mvp3   16   24   19   25   16   19   25   24   16   19   24   25    0.02698036925112528781    0.51183246482057231930   -0.32164761514590078928
a_ia   16   24                                                      0.01236112919916718123                                                    
mvp2   20   25   66   72   25   20   66   72                       -0.03992699643591054309    0.79203682660664409543                          
mvp2   15   28   67   72   28   15   67   72                        0.00990318194913347195    0.24538195016969460704                          
a_ia   17   24                                                     -0.00352658935836669017                                                    
mvp3   18   24   19   25   18   19   25   24   18   19   24   25   -0.03187251725650094153    1.04000195395915784324    0.27700411923651058199
a_ia   67   72                                                     -0.00310171633717304471                                                    
mvp2   19   24   64   73   24   19   64   73                       -0.00985773926213780356    0.43808363160602115105                          
