op     23   24   71   72   24   23   71   72                        0.01167672268506540940                                                    
op     19   25   67   73   25   19   67   73                       -0.11770919550716138491                                                    
op     23   37   71   75   37   23   71   75                        0.00223037421150493577                                                    
op     19   37   67   85   37   19   67   85                       -0.00531907985908800732                                                    
op     19   25   68   73   25   19   68   73                       -0.05753468958824665275                                                    
op      1   25   49   73   25    1   49   73                       -0.00897681112261917123                                                    
op     19   24   66   72   24   19   66   72                       -0.00079490256766625775                                                    
mvp2   19   25   67   72   25   19   67   72                        0.07243610761491833805   -0.17914661458896502522                          
a_ia   19   20                                                      0.86310431461245795681                                                    
op     23   37   71   85   37   23   71   85                        0.00034341437239530665                                                    
a_ia   21   25                                                      0.00222788861339454384                                                    
op     18   24   66   72   24   18   66   72                       -0.03890808906339708606                                                    
mvp3   19   24   23   25   19   23   25   24   19   23   24   25   -0.02187963870068197758   -0.67194397336680378174   -1.29755769022891809250
a_ia   71   76                                                     -0.00137647661917459393                                                    
mvp2   17   24   18   25   17   18   24   25                        0.00443356060895261708   -0.11509653708250536241                          
op     16   24   66   72   24   16   66   72                        0.00954592586245246212                                                    
mvp2   18   25   67   73   25   18   67   73                       -0.01843854994203632247   -0.20504174449615625297                          
a_ia   19   23                                                     -1.19087964873923213283                                                    
a_ia   17   19                                                     -0.22514845984159845282                                                    
a_ia   16   25                                                     -0.00206138305334176760                                                    
mvp3   18   24   20   25   18   20   25   24   18   20   24   25   -0.03818283276968827827   -1.00136814380543226477   -0.29040916398201915838
a_ia   65   73                                                      0.00145919767185887514                                                    
a_ia   16   24                                                     -0.01235018943024206693                                                    
mvp2   18   25   66   73   25   18   66   73                       -0.01367482024880739555    0.12842261599283058549                          
a_ia   17   23                                                     -0.18211555355775804754                                                    
a_ia   68   70                                                     -0.35568060046996669010                                                    
a_ia   22   23                                                     -0.29807146000102852090                                                    
mvp2   23   29   71   75   29   23   71   75                        0.00954633057946029616    0.04411970752721364880                          
a_ia   23   37                                                      0.00092641999908369993                                                    
mvp3   16   24   19   25   16   19   25   24   16   19   24   25    0.02642468319104673141    0.54087662408798609093   -0.33237236754769566849
a_ia   16   24                                                      0.00326099158394405324                                                    
mvp2   20   25   66   72   25   20   66   72                       -0.04912891792395714802    0.78579463116156766933                          
mvp2   15   28   67   72   28   15   67   72                        0.00847106315236590898    0.24286752511015755052                          
a_ia   17   24                                                     -0.00349489005769807078                                                    
mvp3   18   24   19   25   18   19   25   24   18   19   24   25   -0.02783258900077784093    1.05104578755881639118    0.29161826024533848978
a_ia   67   72                                                     -0.00172714707944553788                                                    
mvp2   19   24   64   73   24   19   64   73                       -0.01069062292186513143    0.44666473938864414972                          
a_ia   66   67                                                     -0.18987803585050180843                                                    
mvp2   19   24   49   74   24   19   49   74                       -0.00892051187885034742    0.12539238873747468594                          
a_ia   73   88                                                      0.20168890107525522248                                                    
a_ia   29   37                                                      0.00000000000000000000                                                    
a_ia   29   37                                                      0.42568081334729346299                                                    
a_ia   24   27                                                      0.17491636068959690031                                                    
a_ia   70   71                                                      0.60328499609331387443                                                    
a_ia   23   24                                                     -0.01109884950861029541                                                    
a_ia   25   33                                                     -0.13004008493597601914                                                    
a_ia   25   34                                                      0.12179306482643431631                                                    
a_ia   73   85                                                      0.14840706231173050877                                                    
a_ia   66   72                                                      0.00189816032365207506                                                    
