op     23   24   71   72   24   23   71   72                       -0.01102894814535987367                                                    
op     19   25   67   73   25   19   67   73                       -0.10339178298066836748                                                    
op     23   37   71   75   37   23   71   75                        0.00538126367786724222                                                    
op     19   37   67   85   37   19   67   85                       -0.00752633358539321184                                                    
op     19   25   68   73   25   19   68   73                       -0.05253767005613976110                                                    
op      1   25   49   73   25    1   49   73                       -0.00913906449264981907                                                    
op     19   24   66   72   24   19   66   72                        0.02263186899977081418                                                    
mvp2   19   25   67   72   25   19   67   72                        0.07715453933711284573   -0.11863518661678737476                          
a_ia   19   20                                                      0.45696335360108725210                                                    
op     23   37   71   85   37   23   71   85                       -0.00372413404489289977                                                    
a_ia   21   25                                                      0.00159236150781735504                                                    
op     18   24   66   72   24   18   66   72                       -0.01805849878457550448                                                    
mvp3   19   24   23   25   19   23   25   24   19   23   24   25   -0.02096796372408388925   -0.45153291113474480767   -0.67585885568793946376
a_ia   71   76                                                     -0.00072953252353121639                                                    
mvp2   17   24   18   25   17   18   24   25                       -0.00084893703142310416    0.06184027776002953836                          
op     16   24   66   72   24   16   66   72                        0.01370526828350264632                                                    
mvp2   18   25   67   73   25   18   67   73                       -0.03072707044098069856   -0.55539351829516503400                          
a_ia   19   23                                                     -0.61588423848720175169                                                    
a_ia   17   19                                                     -0.17785090531563005345                                                    
a_ia   16   25                                                     -0.00718819043477296558                                                    
mvp3   18   24   20   25   18   20   25   24   18   20   24   25   -0.01156166506784313090   -0.60549837609960655005   -0.07456011777510017369
a_ia   65   73                                                      0.00300822100439062301                                                    
a_ia   16   24                                                     -0.00580798965286368277                                                    
mvp2   18   25   66   73   25   18   66   73                       -0.02177823693124464333    0.26604795209036902204                          
a_ia   17   23                                                     -0.28504493554612775341                                                    
a_ia   68   70                                                     -0.37854771313276819322                                                    
a_ia   22   23                                                     -0.26235949651053225296                                                    
mvp2   23   29   71   75   29   23   71   75                        0.00964366964356798591    0.00001954574547099273                          
a_ia   23   37                                                      0.00095221706016912488                                                    
