op     23   24   71   72   24   23   71   72                       -0.01212883489717060323                                                    
op     19   25   67   73   25   19   67   73                       -0.10208160155614062758                                                    
op     23   37   71   75   37   23   71   75                        0.00528105775193915637                                                    
op     19   37   67   85   37   19   67   85                       -0.00756368027307577264                                                    
op     19   25   68   73   25   19   68   73                       -0.04830362173889340971                                                    
op      1   25   49   73   25    1   49   73                       -0.00923065474578580770                                                    
op     19   24   66   72   24   19   66   72                        0.02348424243329393785                                                    
mvp2   19   25   67   72   25   19   67   72                        0.07682111615529381432   -0.13494901833777334099                          
a_ia   19   20                                                      0.46512228060555260711                                                    
op     23   37   71   85   37   23   71   85                       -0.00391293146380912275                                                    
a_ia   21   25                                                      0.00143304784947250168                                                    
op     18   24   66   72   24   18   66   72                       -0.01840450057198736791                                                    
mvp3   19   24   23   25   19   23   25   24   19   23   24   25   -0.02008364326934737598   -0.37665889861693702123   -0.67919264690789438177
a_ia   71   76                                                     -0.00071754447186473335                                                    
mvp2   17   24   18   25   17   18   24   25                       -0.00132731336967271333    0.03614808660252458172                          
op     16   24   66   72   24   16   66   72                        0.01370652621455480287                                                    
mvp2   18   25   67   73   25   18   67   73                       -0.03053399070709569493   -0.54511057939022866670                          
a_ia   19   23                                                     -0.57820375204312890460                                                    
a_ia   17   19                                                     -0.17695505588321583379                                                    
a_ia   16   25                                                     -0.00683415626179290862                                                    
mvp3   18   24   20   25   18   20   25   24   18   20   24   25   -0.01185024166277530086   -0.59694650565191376135   -0.06234688197067504711
a_ia   65   73                                                      0.00311057066520684230                                                    
a_ia   16   24                                                     -0.00555384461856232164                                                    
mvp2   18   25   66   73   25   18   66   73                       -0.02200567864562254575    0.10155621867105059375                          
a_ia   17   23                                                     -0.29800984298149774121                                                    
