op     23   24   71   72   24   23   71   72                       -0.01439785857758417442                                                    
op     19   25   67   73   25   19   67   73                       -0.10177791110024891896                                                    
op     23   37   71   75   37   23   71   75                        0.00554811266065368888                                                    
op     19   37   67   85   37   19   67   85                       -0.00742999854734314232                                                    
op     19   25   68   73   25   19   68   73                       -0.04842908084530036378                                                    
op      1   25   49   73   25    1   49   73                       -0.00969423925968244948                                                    
op     19   24   66   72   24   19   66   72                        0.02470424753583322017                                                    
mvp2   19   25   67   72   25   19   67   72                        0.07646602947499760161   -0.14944910392431159929                          
a_ia   19   20                                                      0.46443560137913170172                                                    
op     23   37   71   85   37   23   71   85                       -0.00410497542967450373                                                    
a_ia   21   25                                                      0.00147266003187921692                                                    
op     18   24   66   72   24   18   66   72                       -0.01874752561414699120                                                    
mvp3   19   24   23   25   19   23   25   24   19   23   24   25   -0.01738646976832322610   -0.33056049141673121694   -0.66230993692022910313
a_ia   71   76                                                     -0.00068933984832475459                                                    
mvp2   17   24   18   25   17   18   24   25                       -0.00263811130998902041    0.02030542040471351381                          
op     16   24   66   72   24   16   66   72                        0.01394978603189713645                                                    
mvp2   18   25   67   73   25   18   67   73                       -0.03109231746311711883   -0.54932012297607091256                          
a_ia   19   23                                                     -0.64219552687455927487                                                    
a_ia   17   19                                                     -0.16633642244389496012                                                    
a_ia   16   25                                                     -0.00685653262510878009                                                    
mvp3   18   24   20   25   18   20   25   24   18   20   24   25   -0.01226463678522053506   -0.59138694570425487385   -0.05673861649552877640
a_ia   65   73                                                      0.00323009728637201239                                                    
a_ia   16   24                                                     -0.00545318052358484406                                                    
