op     23   24   71   72   24   23   71   72                       -0.01101643242531602507                                                    
op     19   25   67   73   25   19   67   73                       -0.10344595243263121631                                                    
op     23   37   71   75   37   23   71   75                        0.00541867904247986254                                                    
op     19   37   67   85   37   19   67   85                       -0.00755595705558937975                                                    
op     19   25   68   73   25   19   68   73                       -0.05225888000147344697                                                    
op      1   25   49   73   25    1   49   73                       -0.00913914086500850799                                                    
op     19   24   66   72   24   19   66   72                        0.02261584309772078985                                                    
mvp2   19   25   67   72   25   19   67   72                        0.07712883094104484860   -0.11867304399160397144                          
a_ia   19   20                                                      0.45684775102011315751                                                    
op     23   37   71   85   37   23   71   85                       -0.00373302053733001824                                                    
a_ia   21   25                                                      0.00160114044811877519                                                    
op     18   24   66   72   24   18   66   72                       -0.01792045397078587468                                                    
mvp3   19   24   23   25   19   23   25   24   19   23   24   25   -0.02096996283596854610   -0.45141589287080097215   -0.67599465956149917822
a_ia   71   76                                                     -0.00071244244922990868                                                    
mvp2   17   24   18   25   17   18   24   25                       -0.00078748064855144889    0.06180481867926445466                          
op     16   24   66   72   24   16   66   72                        0.01391977811982286588                                                    
mvp2   18   25   67   73   25   18   67   73                       -0.03081598523225913960   -0.55536750443480731310                          
a_ia   19   23                                                     -0.61569129375047848551                                                    
a_ia   17   19                                                     -0.17770537870268227065                                                    
a_ia   16   25                                                     -0.00719672317517135521                                                    
mvp3   18   24   20   25   18   20   25   24   18   20   24   25   -0.01167242760128224185   -0.60550317547316490074   -0.07452820467098626722
a_ia   65   73                                                      0.00301656983434954321                                                    
a_ia   16   24                                                     -0.00583199491276737130                                                    
mvp2   18   25   66   73   25   18   66   73                       -0.02188639994852856901    0.26582675532191407664                          
a_ia   17   23                                                     -0.28508385117870438386                                                    
a_ia   68   70                                                     -0.37855442677953143882                                                    
a_ia   22   23                                                     -0.26242086976712064583                                                    
