op     23   24   71   72   24   23   71   72                       -0.04147475806091088790                                                    
op     19   25   67   73   25   19   67   73                       -0.08508834904878294358                                                    
op     23   37   71   75   37   23   71   75                        0.00730975346474179496                                                    
op     19   37   67   85   37   19   67   85                       -0.00704251286493015518                                                    
op     19   25   68   73   25   19   68   73                       -0.04226751059325001975                                                    
op      1   25   49   73   25    1   49   73                       -0.00897259627596861190                                                    
op     19   24   66   72   24   19   66   72                        0.03338017964035039364                                                    
mvp2   19   25   67   72   25   19   67   72                        0.06069302384405889095   -0.03388880517152161737                          
a_ia   19   20                                                      0.42784313782747424026                                                    
op     23   37   71   85   37   23   71   85                       -0.00740593126655581923                                                    
