op     23   24   71   72   24   23   71   72                       -0.03384208115933075300                                                    
op     19   25   67   73   25   19   67   73                       -0.08566099010349584320                                                    
op     23   37   71   75   37   23   71   75                        0.00741846362863252031                                                    
op     19   37   67   85   37   19   67   85                       -0.00686890916832018188                                                    
op     19   25   68   73   25   19   68   73                       -0.04281105307505352064                                                    
op      1   25   49   73   25    1   49   73                       -0.00899622363781177325                                                    
op     19   24   66   72   24   19   66   72                        0.03231946814012350011                                                    
mvp2   19   25   67   72   25   19   67   72                        0.06151104515758093472   -0.08495423717557579191                          
a_ia   19   20                                                      0.42537660786281722425                                                    
op     23   37   71   85   37   23   71   85                       -0.00744311758585755774                                                    
a_ia   21   25                                                      0.00275964639281851398                                                    
op     18   24   66   72   24   18   66   72                       -0.03300893489046244356                                                    
mvp3   19   24   23   25   19   23   25   24   19   23   24   25   -0.02623736666740051141    0.01476846018352706569   -0.18795072573640478342
a_ia   71   76                                                     -0.00135189112355599012                                                    
mvp2   17   24   18   25   17   18   24   25                        0.00781689649762373588   -0.00033396327966890061                          
op     16   24   66   72   24   16   66   72                        0.01477632399907821172                                                    
mvp2   18   25   67   73   25   18   67   73                       -0.03178196937608453870    0.00053466675309807614                          
