-7.551617704547683729e+01
-7.556395652357362280e+01
-7.557023413106368537e+01
-7.558039610121838336e+01
-7.553366742138338452e+01
-7.546357247035696503e+01
-7.545890715208022925e+01
-7.535471471688305201e+01
-7.557236632317129477e+01
-7.557558939824788524e+01
-7.556668189876762654e+01
-7.554015387140911741e+01
-7.546086032572338809e+01
-7.545889439838246915e+01
0.000000000000000000e+00
-7.566287074108677757e+01
-7.564458744371908949e+01
-7.553014464904426006e+01
-7.550995687522734556e+01
-7.545889385522191617e+01
-7.549681201957962173e+01
-7.554639631451073001e+01
-7.566820283145587211e+01
-7.554642260545148247e+01
-7.561586620919683810e+01
-7.550275045793675588e+01
-7.545892692367029042e+01
-7.527003142294822169e+01
0.000000000000000000e+00
-7.558538619242311540e+01
-7.564073972322535155e+01
-7.559063740572072732e+01
-7.545892233162953744e+01
-7.526164493431672042e+01
-7.552364476033633878e+01
-7.566532982923466477e+01
-7.554062858598092589e+01
-7.566789516040950048e+01
-7.551012380446508132e+01
-7.545889442150807724e+01
-7.528248756636375560e+01
-7.558941396846455518e+01
-7.559452992750408384e+01
-7.554642260545139720e+01
-7.561586620919682389e+01
-7.550275045793671325e+01
-7.545892722845785272e+01
-7.538671686725159304e+01
-7.558779737032629953e+01
-7.562365294563851137e+01
-7.561887296997764452e+01
-7.560299662855960889e+01
-7.545432910545051186e+01
-7.531755579762388209e+01
-7.556293544812803020e+01
-7.559239351471623536e+01
-7.556425439365094121e+01
-7.546458739104014057e+01
-7.551012380446502448e+01
-7.545892673490959623e+01
-7.536838887800291786e+01
-7.565084269362536418e+01
-7.557652487599391122e+01
-7.557230998799899169e+01
-7.551406181751033841e+01
-7.548966967734109801e+01
-7.545889752047497723e+01
-7.532759161394906755e+01
-7.559573144230762409e+01
-7.565845130788721917e+01
-7.566010595600432964e+01
-7.556298081537664757e+01
-7.545844339951720769e+01
-7.536703406211155709e+01
-7.542559259469118160e+01
-7.557799885588379141e+01
-7.557652577586752329e+01
-7.551418962914308963e+01
-7.548975765427576334e+01
-7.545889647060555205e+01
-7.542241041351319097e+01
-7.549708881005770422e+01
-7.560263404332894766e+01
-7.552823812878629894e+01
-7.552126214280833949e+01
-7.545050792986396004e+01
-7.545817131555607205e+01
-7.523598218368971402e+01
-7.549708883201844856e+01
-7.562747265942971353e+01
-7.557288026095287137e+01
-7.547763886226420027e+01
-7.546896442256166893e+01
-7.542177306389865521e+01
-7.549708898355386566e+01
-7.573169681434788458e+01
-7.554377692917628906e+01
-7.552142050563189457e+01
-7.550260348962483192e+01
-7.545837687240538116e+01
-7.545721309064967386e+01
-7.565659965585595614e+01
-7.568082825576422579e+01
-7.552319707257176162e+01
-7.550228153523922003e+01
-7.550228192071138267e+01
-7.545930485223222206e+01
-7.537432903353793279e+01
-7.552874833017315837e+01
-7.560581641234551853e+01
-7.559265553785952818e+01
-7.554133432464541897e+01
-7.545930480389249340e+01
-7.528189950901175109e+01
-7.560819105027401577e+01
-7.573280541691416090e+01
-7.548958170207902185e+01
-7.546458739104025426e+01
-7.550228192333285904e+01
-7.545889442201405473e+01
-7.539888734542645921e+01
-7.554152655353159673e+01
-7.553579556909116377e+01
-7.567766806664229762e+01
-7.554283489609719027e+01
-7.550275045793681272e+01
-7.545889805040613396e+01
-7.538026809760063429e+01
-7.559768465862435960e+01
-7.557010887425440160e+01
-7.555260115551003253e+01
-7.550216464742651112e+01
-7.546883617469694627e+01
-7.539834977146364281e+01
-7.560760282903787299e+01
-7.554155105137222392e+01
-7.569735501586995952e+01
-7.546458739104019742e+01
-7.546896171854804436e+01
-7.545889647060553784e+01
-7.530098787021051976e+01
-7.554377576721475407e+01
-7.552354416906875656e+01
-7.553340830296015440e+01
-7.553110257870532962e+01
-7.545982434490971968e+01
-7.545982434500039915e+01
-7.503074210188850657e+01
-7.571638378576906803e+01
-7.564848456313941938e+01
-7.563106320111165815e+01
-7.553222767000386284e+01
-7.545866700270886440e+01
-7.530098399786602670e+01
-7.539277113288707710e+01
-7.550820800277688249e+01
-7.571242389716542220e+01
-7.552211848351512913e+01
-7.545982434465580013e+01
-7.545885197490744645e+01
-7.531827077474467558e+01
-7.565066963002298905e+01
-7.560263404332894766e+01
-7.556209086408989606e+01
-7.554082782939050844e+01
-7.548114246796480131e+01
-7.545817131931890742e+01
-7.540679308230275524e+01
-7.566312743727456791e+01
-7.566248229356023103e+01
-7.561848858277454610e+01
-7.557833257617285483e+01
-7.545558385353501762e+01
-7.531827077471628229e+01
-7.539130773682126119e+01
-7.573169681434785616e+01
-7.572443132612421834e+01
-7.546458739104032531e+01
-7.541911644540108739e+01
-7.545948684650980454e+01
-7.538056193521110515e+01
-7.553928945140263806e+01
-7.553966345318134756e+01
-7.553836716572787680e+01
-7.552195886886077858e+01
-7.545050792986391741e+01
-7.545891658851526529e+01
-7.523098688867503370e+01
-7.565489039715005504e+01
-7.565361561555445746e+01
-7.562469521968128561e+01
-7.553165402359697111e+01
-7.546896442256152682e+01
-7.538342007079336327e+01
-7.548836475500294796e+01
-7.553868337081409834e+01
-7.553973452187545945e+01
-7.552836394444311452e+01
-7.545047183421904435e+01
-7.545930601683761552e+01
-7.549640403815176626e+01
-7.563831821510109421e+01
-7.566345951103416212e+01
-7.552435694165284019e+01
-7.555097614067443601e+01
-7.548087146429844552e+01
-7.545889424093107323e+01
-7.531844652147665897e+01
0.000000000000000000e+00
-7.560399452529000541e+01
-7.559155548196180519e+01
-7.546157721726046930e+01
-7.545973416579623461e+01
-7.542809376972964230e+01
-7.549640384536269266e+01
-7.570805436129009536e+01
-7.570365709707019164e+01
-7.558567263657715785e+01
-7.545930034589312640e+01
-7.545889460007177263e+01
-7.539469907682334338e+01
-7.561377937515456438e+01
-7.563656244869748946e+01
-7.553688883746302452e+01
-7.552126214280832528e+01
-7.549902143247037145e+01
-7.545889454604922264e+01
-7.515244500235941416e+01
-7.553878024547132952e+01
-7.558538619242311540e+01
-7.557026326819767803e+01
-7.561175781567219190e+01
-7.545891306700691814e+01
-7.526164493431672042e+01
-7.554870841075887711e+01
-7.572702272712331251e+01
-7.551529429274779659e+01
-7.552836394444308610e+01
-7.550232820828911429e+01
-7.545889443520711382e+01
-7.536761737230045810e+01
-7.558460850748245718e+01
-7.563809953925537855e+01
-7.552309907892551166e+01
-7.555412144063005542e+01
0.000000000000000000e+00
-7.545817132080328804e+01
-7.517815124940402427e+01
-7.549708977214388028e+01
-7.563603499326195845e+01
-7.568283894580403626e+01
-7.556026973793319712e+01
-7.546915764501986246e+01
-7.544345264740809398e+01
-7.569814813044081347e+01
-7.572751282422171926e+01
-7.547677177578080432e+01
-7.546458739104016900e+01
-7.541911644540056159e+01
-7.545889442325911034e+01
-7.552324447171754684e+01
-7.553943202286139069e+01
-7.561609885855841640e+01
-7.557005265219588352e+01
-7.553110257870530120e+01
-7.546915791097296733e+01
-7.545982433031416292e+01
-7.535184085753391514e+01
-7.552874833017318679e+01
-7.561666254150306088e+01
-7.568421764935868623e+01
-7.551101281928487197e+01
-7.545866700287820095e+01
-7.543639520628903483e+01
-7.553163083730282779e+01
-7.561990822580668237e+01
-7.547677177578080432e+01
-7.546458739104025426e+01
-7.546915791101939419e+01
-7.545907322049183108e+01
-7.534970970174994420e+01
-7.554842937384562163e+01
-7.564710815818386891e+01
-7.557499535045107564e+01
-7.553184728831590178e+01
-7.548087579986750484e+01
-7.545876940354519036e+01
-7.542074654717086446e+01
-7.557858792851779128e+01
-7.568741901625674018e+01
-7.566182612421664544e+01
-7.546703459558106886e+01
-7.545944867545003376e+01
-7.534927242713982309e+01
-7.559668446359799532e+01
-7.554843682339354416e+01
-7.549575637950499640e+01
-7.546458739104011215e+01
-7.548087591354264703e+01
-7.545904781389789662e+01
-7.526459002669464837e+01
-7.557241281262673738e+01
-7.556529833308219679e+01
-7.552179051158073264e+01
-7.552400624076906865e+01
-7.548221535238161550e+01
-7.545930495144527583e+01
-7.544312348342585040e+01
-7.549725406572895281e+01
-7.563894129663233912e+01
-7.566524775458347563e+01
-7.548057827573924783e+01
-7.546316710907912295e+01
-7.532668934208173539e+01
0.000000000000000000e+00
-7.565454618931397590e+01
-7.553845234314813695e+01
-7.552211848351512913e+01
-7.541799737577673568e+01
-7.545930480333419155e+01
