-4.224255358148794244e+02
-4.224523201912722925e+02
-4.224711925125920970e+02
-4.224862927123493250e+02
-4.225131821978819175e+02
-4.225257125879759883e+02
-4.225320630741429113e+02
-4.225448367372085841e+02
-4.225532289394168970e+02
-4.225579111970400277e+02
-4.225618853599613090e+02
-4.225669316818846823e+02
-4.225722636164921937e+02
-4.225755174604195759e+02
-4.225819796071020278e+02
-4.225857496341682236e+02
-4.225883827611766037e+02
-4.225916490006874824e+02
-4.225930669765093057e+02
-4.225974976936012126e+02
-4.226004710710956829e+02
-4.226005470675028164e+02
-4.226028477781051720e+02
-4.226034709622870196e+02
-4.226038774921941013e+02
-4.226039530595633096e+02
-4.226077975411565717e+02
-4.226078409851314746e+02
-4.226081836979213904e+02
-4.226084809558768143e+02
-4.226112701521317945e+02
-4.226124182659331154e+02
-4.226148757545502122e+02
-4.226184030474115048e+02
-4.226191382835846184e+02
-4.226191804634090090e+02
-4.226192746601740282e+02
-4.226193212358851952e+02
-4.226199307131419118e+02
-4.226199480276603140e+02
-4.226200628432455915e+02
-4.226201148534739787e+02
-4.226201574141161927e+02
-4.226201735739376772e+02
-4.226202661143424280e+02
-4.226202906348116812e+02
-4.226203135390537113e+02
-4.226203423999237998e+02
-4.226203997214278161e+02
-4.226204837816499094e+02
-4.226205202873417761e+02
-4.226205564698414037e+02
-4.226205863275787920e+02
-4.226206267300274249e+02
-4.226206639693962188e+02
-4.226207948439612210e+02
-4.226208766304891924e+02
-4.226212557234927090e+02
-4.226212899479235148e+02
-4.226213011481635249e+02
-4.226213176209354856e+02
-4.226213347799442772e+02
-4.226213736349624241e+02
-4.226213938274498219e+02
-4.226214179972893135e+02
-4.226214473050393963e+02
-4.226214737696674888e+02
-4.226215140123832157e+02
-4.226218450670849052e+02
-4.226218700215893023e+02
-4.226218796069634891e+02
-4.226219103242993924e+02
-4.226219433670436842e+02
-4.226219635093801230e+02
-4.226219914848630879e+02
-4.226220331368893994e+02
-4.226220575266366950e+02
-4.226220858117687840e+02
-4.226221217272143917e+02
-4.226221557637011870e+02
-4.226221796576742804e+02
-4.226221927170606136e+02
-4.226222306006811777e+02
-4.226222452398366727e+02
-4.226222582790645106e+02
-4.226222705292544219e+02
-4.226223184364578742e+02
-4.226223326673281804e+02
-4.226223576312988257e+02
-4.226223760703223888e+02
-4.226224022493030930e+02
-4.226224211175884875e+02
-4.226224423323245105e+02
-4.226224501680512162e+02
-4.226224672646039267e+02
-4.226224820122192227e+02
-4.226224943211993264e+02
-4.226225095353972847e+02
-4.226225189748926141e+02
-4.226225310707649783e+02
-4.226225528466426908e+02
-4.226225669684378090e+02
-4.226225825752730998e+02
-4.226225963490425102e+02
-4.226226147335530072e+02
-4.226226352657516827e+02
-4.226226610562761152e+02
-4.226226734770851863e+02
