op     27   28   83   84   28   27   83   84                       -0.15079715456947628827                                                    
op     27   29   83   85   29   27   83   85                       -0.08145970991288983831                                                    
op     26   29   81   84   29   26   81   84                        0.01714909928747880216                                                    
op     76   85   81  102   76   81  102   85                       -0.00856895751232948644                                                    
op     25   29   82   85   29   25   82   85                        0.01339288430212797441                                                    
om     25   28   72   95   28   25   72   95                        0.00086302592378677755                                                    
mvp2   11   29   83   84   29   11   83   84                        0.00951103140486748988   -0.02749513728145901517                          
op     76   85   81   94   76   81   94   85                        0.01091873577336176238                                                    
mvp2   25   29   83   84   29   25   83   84                       -0.04408819069485298003    0.40556535849597741272                          
op     27   34   81   90   34   27   81   90                        0.00355543975290391074                                                    
mvp2   27   28   81   85   28   27   81   85                       -0.04481280689283084068   -0.79598755752598560065                          
mvp2   25   28   83   85   28   25   83   85                       -0.06400653434185064883   -0.65308713795792117107                          
a_ia   83   85                                                     -0.01172301199789011796                                                    
a_ia   25   26                                                     -0.14772866980047882901                                                    
op     72   87   76   91   72   76   91   87                        0.00409673924464694621                                                    
mvp2   25   28   82   84   28   25   82   84                        0.01131554991504010906   -0.17474343480191309452                          
mvp2   25   40   81   84   40   25   81   84                        0.01406970373475913312    0.20402389032098433574                          
mvp2   25   28   81   96   28   25   81   96                        0.01397155586552660707   -0.12674434081912377970                          
a_ia   81   96                                                      0.00441235001153377892                                                    
a_ia   83   95                                                      0.00109440962041636777                                                    
a_ia   83   95                                                      0.00000000000000000000                                                    
a_ia   83   95                                                     -0.00045417345375203848                                                    
mvp2   27   28   72   89   28   27   72   89                       -0.00869691975187374643    0.02949701851666766683                          
mvp2   73   84   81   91   73   81   84   91                       -0.01111278469347081084    0.13282008615492105208                          
a_ia   76   94                                                     -0.00058228024427403548                                                    
mvp2   25   29   73   94   29   25   73   94                        0.01098748310704674575   -0.04738879128416316477                          
om     27   40   72   86   40   27   72   86                        0.00292166851522461307                                                    
mvp3   72   84   81   95   72   81   95   84   72   81   84   95   -0.00830148637277148931   -0.04518121326666890009    0.11519548999631294695
mvp2   26   29   83   85   29   26   83   85                        0.02020271592991026988    0.14092607826771014201                          
a_ia   83   85                                                     -0.00123225260903308794                                                    
