op     27   28   83   84   28   27   83   84                       -0.17368526732935871126                                                    
op     27   29   83   85   29   27   83   85                       -0.02684902135663339365                                                    
op     26   29   81   84   29   26   81   84                        0.02953473166737544467                                                    
op     76   85   81  102   76   81  102   85                       -0.00671676416827025370                                                    
op     25   29   82   85   29   25   82   85                        0.01373966633594319794                                                    
om     25   28   72   95   28   25   72   95                        0.00124194972793698565                                                    
mvp2   11   29   83   84   29   11   83   84                        0.00893994070832499106   -0.03477693897349074664                          
op     76   85   81   94   76   81   94   85                        0.00929425039115529261                                                    
mvp2   25   29   83   84   29   25   83   84                       -0.03962858026882058043    0.35656911557120357648                          
op     27   34   81   90   34   27   81   90                        0.00423957325865113432                                                    
mvp2   27   28   81   85   28   27   81   85                       -0.04793436229359192974   -0.87700591796689997270                          
mvp2   25   28   83   85   28   25   83   85                       -0.07083434650140642275   -0.74928033389963832889                          
a_ia   83   85                                                     -0.01408855549172235641                                                    
a_ia   25   26                                                     -0.13298309113191081332                                                    
op     72   87   76   91   72   76   91   87                        0.00384116919357265808                                                    
mvp2   25   28   82   84   28   25   82   84                        0.00807933537608599393   -0.21811820015544497453                          
mvp2   25   40   81   84   40   25   81   84                        0.02280487372754334829    0.20488546209383706742                          
mvp2   25   28   81   96   28   25   81   96                        0.01365062399184359572   -0.32824311154033708471                          
a_ia   81   96                                                      0.00542265772175310433                                                    
a_ia   83   95                                                      0.00115745721262719274                                                    
a_ia   83   95                                                      0.00006304759221074618                                                    
a_ia   83   95                                                     -0.00039112586154124712                                                    
mvp2   27   28   72   89   28   27   72   89                       -0.01066201292869708300    0.05163149492930313444                          
mvp2   73   84   81   91   73   81   84   91                       -0.01143730707662051274    0.10731148154421989160                          
a_ia   76   94                                                     -0.00131039334314067514                                                    
mvp2   25   29   73   94   29   25   73   94                        0.01023229056278461731   -0.06672175628715423801                          
om     27   40   72   86   40   27   72   86                        0.00187555516830563559                                                    
mvp3   72   84   81   95   72   81   95   84   72   81   84   95   -0.01228459994362317113   -0.02082695672986827409    0.09956716375086101245
mvp2   26   29   83   85   29   26   83   85                        0.01751005090690138655   -0.10257801761277761388                          
a_ia   83   85                                                     -0.00834739422997622486                                                    
mvp2   12   28   83   85   28   12   83   85                        0.02233254498151472991   -0.03005386599839639933                          
a_ia   83   85                                                      0.01470142087287399160                                                    
a_ia   82   91                                                      0.00122190488880980722                                                    
mvp3   72   85   81   94   72   81   94   85   72   81   85   94   -0.00488927222443048988    0.03536733228316640137    0.03091017693519223716
a_ia   12   28                                                     -0.00105507689883717424                                                    
a_ia   72   94                                                      0.00058211663333439852                                                    
a_ia   84   85                                                      0.01991660877889071465                                                    
a_ia   73   94                                                      0.00047443208615134523                                                    
a_ia   81   95                                                     -0.00168062172585926764                                                    
a_ia   72  102                                                     -0.00161286099683315685                                                    
mvp2   20   35   76   91   35   20   76   91                       -0.01150306543512746339   -0.82823692958095862515                          
mvp2   27   29   81   84   29   27   81   84                       -0.06908442504127960959   -0.52911625880637880304                          
a_ia   78   83                                                      0.02727349257688967132                                                    
a_ia   27   29                                                     -0.00723742811902136022                                                    
a_ia   68   81                                                      0.15627750923810476702                                                    
a_ia   12   28                                                      0.00225923283940273169                                                    
a_ia   73   91                                                      0.00092769188320281288                                                    
mvp2   27   28   83   92   28   27   83   92                       -0.02131137281850907506   -0.03959698393749257195                          
a_ia   68   83                                                     -0.04645974629647074000                                                    
mvp2   25   40   72   90   40   25   72   90                        0.00565159366586278408   -0.49977232821931771856                          
om     20   34   76   90   34   20   76   90                       -0.00799149760150334558                                                    
mvp2   27   28   82   84   28   27   82   84                        0.03506248797915421933    0.27098405313615947509                          
mvp2   25   40   76   97   40   25   76   97                       -0.00536787105227213516    0.49242163615515094355                          
a_ia   85   94                                                     -0.01436054335030054543                                                    
a_ia   72   73                                                      0.10745541412538750503                                                    
a_ia   62   72                                                     -0.50292141816061419757                                                    
a_ia   62  102                                                      0.00171906133008102764                                                    
mvp2   26   28   81   85   28   26   81   85                        0.01143843517769904672   -0.45092933588691963553                          
mvp2   27   34   83   90   34   27   83   90                       -0.01119750161760028374   -0.07152562261096584439                          
a_ia   27   35                                                      0.00102393539669716873                                                    
mvp2   25   43   83   96   43   25   83   96                        0.00853791108336118300   -1.42590214424125227843                          
a_ia   83   96                                                      0.00154582736389767485                                                    
mvp2   27   40   73  102   40   27   73  102                        0.00287200343520646910    0.62584836444693681123                          
mvp2   12   28   81   92   28   12   81   92                        0.00473979263056973840   -0.29057168302265107274                          
a_ia   68   91                                                      0.00035557680306224574                                                    
mvp2   27   40   72  102   40   27   72  102                        0.00321291179282007710    1.16423075252220109554                          
a_ia   72  102                                                     -0.00068422657212547971                                                    
a_ia   82   92                                                      0.00079144156662939156                                                    
mvp2   27   29   76   89   29   27   76   89                        0.01151788536766893030   -0.14821008011792527470                          
mvp2   25   40   62  102   40   25   62  102                        0.00352527895606472496   -0.25882218597694139905                          
a_ia   62   97                                                     -0.00117595209952121665                                                    
a_ia   62  102                                                     -0.00078774596344673045                                                    
a_ia   29   43                                                      0.15141841862230268068                                                    
mvp2   25   29   83   96   29   25   83   96                        0.01505662922830920680    0.08774267335830361614                          
a_ia   81   94                                                     -0.00138010684320264147                                                    
mvp2   25   43   72  104   43   25   72  104                       -0.00591228631079686665    0.10924935991193862606                          
a_ia   25   36                                                      0.00228990642457711823                                                    
