op     27   28   83   84   28   27   83   84                       -0.15074294185614839359                                                    
op     27   29   83   85   29   27   83   85                       -0.08151101611165600946                                                    
op     26   29   81   84   29   26   81   84                        0.01714231150591052563                                                    
op     76   85   81  102   76   81  102   85                       -0.00887781040712524137                                                    
op     25   29   82   85   29   25   82   85                        0.01336802752134507409                                                    
om     25   28   72   95   28   25   72   95                        0.00061585135669829465                                                    
mvp2   11   29   83   84   29   11   83   84                        0.00949769910195285769   -0.02709415066305454617                          
op     76   85   81   94   76   81   94   85                        0.01076943786438963602                                                    
mvp2   25   29   83   84   29   25   83   84                       -0.04393843314905076375    0.40568488330790736240                          
op     27   34   81   90   34   27   81   90                        0.00356096536504726079                                                    
mvp2   27   28   81   85   28   27   81   85                       -0.04470227450682489473   -0.79532379625993165906                          
mvp2   25   28   83   85   28   25   83   85                       -0.06384172153508738123   -0.65345922886805185570                          
a_ia   83   85                                                     -0.01175960345371055739                                                    
a_ia   25   26                                                     -0.14785260372594821732                                                    
op     72   87   76   91   72   76   91   87                        0.00441684973630037184                                                    
mvp2   25   28   82   84   28   25   82   84                        0.01131326899524400659   -0.17475930793776442429                          
mvp2   25   40   81   84   40   25   81   84                        0.01408924453905043006    0.20407084641018635729                          
mvp2   25   28   81   96   28   25   81   96                        0.01377937112971032441   -0.12659696964408259645                          
