op     27   28   83   84   28   27   83   84                       -0.12132238282195073609                                                    
op     27   29   83   85   29   27   83   85                       -0.06263550564610613491                                                    
op     26   29   81   84   29   26   81   84                        0.01940144191895952497                                                    
op     76   85   81  102   76   81  102   85                       -0.00906237510197976763                                                    
op     25   29   82   85   29   25   82   85                        0.00589527788611336669                                                    
om     25   28   72   95   28   25   72   95                        0.00840838107372545926                                                    
mvp2   11   29   83   84   29   11   83   84                        0.00932921347030972459    0.01274102936348162594                          
op     76   85   81   94   76   81   94   85                        0.01110017807600764163                                                    
mvp2   25   29   83   84   29   25   83   84                       -0.03437226392979286782    0.47396399143655165709                          
op     27   34   81   90   34   27   81   90                        0.00400664538922046107                                                    
