op     27   28   83   84   28   27   83   84                       -0.14959365527357351700                                                    
op     27   29   83   85   29   27   83   85                       -0.07921778200463287789                                                    
op     26   29   81   84   29   26   81   84                        0.01868436710482898264                                                    
op     76   85   81  102   76   81  102   85                       -0.00886198803297956819                                                    
op     25   29   82   85   29   25   82   85                        0.00658435588190574815                                                    
om     25   28   72   95   28   25   72   95                        0.00073135945731658478                                                    
mvp2   11   29   83   84   29   11   83   84                        0.00966864210194570521   -0.02850727383309055452                          
op     76   85   81   94   76   81   94   85                        0.01099135104646000241                                                    
mvp2   25   29   83   84   29   25   83   84                       -0.04251520929240922703    0.39521449445177231352                          
op     27   34   81   90   34   27   81   90                        0.00359716538498526658                                                    
mvp2   27   28   81   85   28   27   81   85                       -0.04399713328387400146   -0.79188979092481615041                          
mvp2   25   28   83   85   28   25   83   85                       -0.06265893134459117608   -0.64635889252968214969                          
