op     18   21   46   49   21   18   46   49                       -0.04249133682354323122                                                    
op     17   21   45   49   21   17   45   49                       -0.03530452220346183556                                                    
op     18   20   46   49   20   18   46   49                        0.01863825228688181790                                                    
a_ia   11   21                                                      0.01446727317574511909                                                    
a_ia   39   49                                                      0.01600846629015160311                                                    
a_ia   41   49                                                      0.01408062682094546672                                                    
mvp2   18   21   47   54   21   18   47   54                        0.01223617347853954429   -0.21687576118058776720                          
a_ia   46   48                                                     -0.00112755951029246885                                                    
mvp2   15   21   18   22   15   18   21   22                        0.00972548170663524968   -0.32775506537711085464                          
a_ia   15   21                                                      0.00154832025253445163                                                    
a_ia   36   49                                                     -0.00911212217489700688                                                    
