op     18   21   46   49   21   18   46   49                       -0.04460438699959932279                                                    
op     17   21   45   49   21   17   45   49                       -0.04018229445292677282                                                    
op     18   20   46   49   20   18   46   49                        0.01959346442939604444                                                    
a_ia   11   21                                                      0.01535911385952569430                                                    
a_ia   39   49                                                      0.01686976014346033836                                                    
a_ia   41   49                                                      0.01530935334179722544                                                    
mvp2   18   21   47   54   21   18   47   54                        0.01279826369941669886   -0.20921205793548916518                          
a_ia   46   48                                                     -0.00109010710706170292                                                    
mvp2   15   21   18   22   15   18   21   22                        0.00952738443304010363   -0.33994417312582991819                          
a_ia   15   21                                                      0.00146208330263598255                                                    
a_ia   36   49                                                     -0.00975396364005651217                                                    
mvp2   17   21   47   53   21   17   47   53                        0.02172645259746445318   -0.38721254270573624012                          
mvp3   46   49   47   52   46   47   52   49   46   47   49   52   -0.01099918676777387506    0.34146440479707340643    0.02685839574747184849
mvp2   17   21   19   25   17   19   25   21                        0.01302918539196074206   -0.53671787741042420450                          
