op     18   21   46   49   21   18   46   49                       -0.04481189519266091242                                                    
op     17   21   45   49   21   17   45   49                       -0.04003075373663380482                                                    
op     18   20   46   49   20   18   46   49                        0.01951164463752887504                                                    
a_ia   11   21                                                      0.01522463576167704981                                                    
a_ia   39   49                                                      0.01671191130732577884                                                    
a_ia   41   49                                                      0.01502894775515914959                                                    
mvp2   18   21   47   54   21   18   47   54                        0.01335024593946435023   -0.20934349225973442055                          
a_ia   46   48                                                     -0.00103398599787137414                                                    
mvp2   15   21   18   22   15   18   21   22                        0.00963284510307660900   -0.33990499173983851344                          
a_ia   15   21                                                      0.00164575407847021896                                                    
a_ia   36   49                                                     -0.00965424212657704957                                                    
mvp2   17   21   47   53   21   17   47   53                        0.02185066893971440716   -0.38626449181262645372                          
mvp3   46   49   47   52   46   47   52   49   46   47   49   52   -0.01093084706218498681    0.34135495664964521367    0.02716432363166101926
mvp2   17   21   19   25   17   19   25   21                        0.01333726733649238938   -0.53684720535432539634                          
a_ia   15   25                                                     -0.00954529297534319893                                                    
mvp2   19   24   47   52   24   19   47   52                       -0.01114751171398816951   -0.00319326427922332449                          
a_ia   44   54                                                      0.00524976919799359249                                                    
a_ia   19   24                                                      0.00234966594981060855                                                    
