-4.224067415747380210e+02
-4.224203327634019161e+02
-4.224298855564055089e+02
-4.224340782239294185e+02
-4.224404999464741195e+02
-4.224446568418990751e+02
-4.224489784332949966e+02
-4.224563395596866258e+02
-4.224606772733898197e+02
-4.224629067736789239e+02
-4.224708784014986236e+02
-4.224746124014836823e+02
-4.224763088946074845e+02
-4.224781450555419724e+02
-4.224791668468453167e+02
-4.224820800428126972e+02
-4.224850712843966107e+02
-4.224873113692793254e+02
-4.224886297851468271e+02
-4.224901411540761842e+02
-4.224925139020003257e+02
-4.224934485843104994e+02
-4.224954030665300024e+02
-4.225004375575633730e+02
-4.225013594753860957e+02
-4.225058721479234123e+02
-4.225059911998674806e+02
-4.225070953818541852e+02
-4.225088208808203944e+02
-4.225111844095001743e+02
-4.225116899286695116e+02
-4.225121561955206175e+02
-4.225123937409128985e+02
-4.225143060899983993e+02
-4.225149684040436000e+02
-4.225162728126662728e+02
-4.225181846088971724e+02
-4.225188838669126881e+02
-4.225189997848779058e+02
-4.225204605913281171e+02
-4.225216772342441232e+02
-4.225227293226014922e+02
-4.225247887299897798e+02
-4.225253965321260239e+02
-4.225268367502574733e+02
-4.225275537253971265e+02
-4.225310967885363880e+02
-4.225320461968477161e+02
-4.225320958912139986e+02
-4.225329708091923067e+02
-4.225358621633749863e+02
-4.225364542519046154e+02
-4.225378505303514771e+02
-4.225387109284716871e+02
-4.225425330418536873e+02
-4.225437683751760005e+02
-4.225448802480108839e+02
-4.225450907600784944e+02
-4.225451518240980135e+02
-4.225460650388159820e+02
-4.225464340253512887e+02
-4.225464784788351835e+02
-4.225479850816714134e+02
-4.225491703080977004e+02
-4.225504068432053941e+02
-4.225507274705822169e+02
-4.225516662551452782e+02
-4.225517066908213906e+02
-4.225529066357431134e+02
