9.999994427741832892e-01
9.999980652647461055e-01
9.999942158568517758e-01
9.999893052074214639e-01
9.979629162513705687e-01
9.968207993726510008e-01
9.978048675351962604e-01
9.970928909679412921e-01
9.956302523644557922e-01
9.964135400699822842e-01
9.976073351409195933e-01
9.950685900253687377e-01
9.961523903221685128e-01
9.951659883023769027e-01
9.930277789369217345e-01
9.945433425180248976e-01
9.981499242222160451e-01
9.919319724786501702e-01
9.961297921015056511e-01
9.922284253262274589e-01
9.953088325038923490e-01
9.931682855833044998e-01
9.274252471847637541e-03
1.007551133853545021e-02
9.953860136925559571e-03
4.553214324738142499e-03
3.960600743070700341e-03
3.332179364186007089e-03
5.436681088924416073e-03
3.191250248439520334e-03
1.597354421938639892e-03
1.620610461165111066e-03
3.584870187430350304e-03
3.940044074492147878e-03
1.897157813844791482e-03
3.353346069756363984e-03
1.837493860452706421e-03
1.065507684052344542e-03
1.705831460933851084e-03
3.337360751454700701e-03
1.044894613770829504e-03
1.559975833856601943e-03
1.696094213124896407e-03
1.792955237979209845e-03
