-2.617678024185693175e+02
-2.617728944293912150e+02
-2.617805864068253072e+02
-2.617863381248220094e+02
-2.617924395905325810e+02
-2.617990896491111812e+02
-2.618005608100389736e+02
-2.618032725788220887e+02
-2.618064105195040838e+02
-2.618075909444352192e+02
-2.618105224018477202e+02
-2.618134411699800808e+02
-2.618173522268676834e+02
-2.618209174689823158e+02
-2.618230403356731131e+02
-2.618237498443183995e+02
-2.618250823445442279e+02
-2.618281678553478855e+02
-2.618327572921011210e+02
-2.618353268245243726e+02
-2.618400703225511847e+02
-2.618405181197887259e+02
-2.618407838512583794e+02
-2.618423733230438870e+02
-2.618430153218263854e+02
-2.618431928509900786e+02
-2.618454078281944817e+02
-2.618473866893850754e+02
-2.618491993604740742e+02
-2.618507898957300881e+02
-2.618511249149893843e+02
-2.618511934478274839e+02
-2.618529404107998175e+02
-2.618559557882937838e+02
-2.618575410480714254e+02
-2.618583438916709838e+02
-2.618627928674164878e+02
-2.618628346760539785e+02
-2.618630390906265006e+02
-2.618643904731770817e+02
-2.618644969827208229e+02
-2.618645596583021984e+02
-2.618658051945478746e+02
-2.618658341097461175e+02
-2.618659614410979088e+02
-2.618704512097799011e+02
-2.618704866958066191e+02
-2.618748514038351232e+02
-2.618752782056511137e+02
-2.618805927122556909e+02
-2.618807821842136150e+02
-2.618809701522164914e+02
-2.618811248151628206e+02
-2.618832173840618225e+02
-2.618833374409318822e+02
-2.618835192681967783e+02
-2.618861005945298075e+02
-2.618861308851272724e+02
-2.618861767042295128e+02
-2.618863756714462170e+02
-2.618876279801708051e+02
-2.618876345207754071e+02
-2.618886029267666231e+02
-2.618907556975191255e+02
-2.618908100480987855e+02
-2.618917488209443150e+02
-2.618918275073518771e+02
-2.618928578229100026e+02
-2.618929152525665813e+02
-2.618929712867703756e+02
-2.618929829504281770e+02
-2.618929961304260132e+02
-2.618932246779463071e+02
-2.618932464392573820e+02
-2.618932970312649218e+02
-2.618976647434470806e+02
-2.618977244763771068e+02
-2.618977364435639856e+02
-2.618990465289185749e+02
-2.618992644897367086e+02
-2.618993488262782989e+02
-2.618994281204148251e+02
-2.619010335926631114e+02
-2.619010985838688725e+02
-2.619011919320648758e+02
-2.619012364307682219e+02
-2.619014645247015096e+02
-2.619014805943593842e+02
-2.619015200587709273e+02
-2.619017322739285873e+02
-2.619018736230725040e+02
-2.619018784800737762e+02
-2.619019098554970810e+02
-2.619019432923283262e+02
-2.619020121741111211e+02
-2.619037965423773926e+02
-2.619039159162066994e+02
-2.619062574289882264e+02
-2.619062740417709847e+02
-2.619062937919425167e+02
-2.619063094841233124e+02
-2.619063880662573069e+02
-2.619064073480674892e+02
-2.619064129001266110e+02
-2.619064413160454023e+02
-2.619064814182007126e+02
-2.619064983847659960e+02
-2.619065322091523740e+02
-2.619065635459205055e+02
-2.619066842834390059e+02
-2.619067261916965208e+02
-2.619067427294626782e+02
-2.619068335154539113e+02
-2.619079532217543829e+02
-2.619079583834890173e+02
-2.619079776632889889e+02
-2.619079814595950779e+02
-2.619080849192168898e+02
-2.619081059011306252e+02
-2.619081507134134199e+02
-2.619082251576095928e+02
-2.619083187202174940e+02
-2.619083408599768177e+02
-2.619083758647507238e+02
-2.619084683648393934e+02
-2.619084724887870266e+02
-2.619085189908926736e+02
-2.619085400381903810e+02
-2.619085615548769965e+02
-2.619085929950620084e+02
-2.619086355285730860e+02
-2.619086497785251026e+02
-2.619103638214058947e+02
-2.619104019064669728e+02
-2.619104051532705739e+02
-2.619104599790076122e+02
-2.619105828052992138e+02
-2.619106442509165049e+02
-2.619106667014970071e+02
-2.619106711418106102e+02
-2.619107016135455979e+02
-2.619107653146539860e+02
-2.619107866717196771e+02
-2.619108081677243831e+02
-2.619108107940364221e+02
-2.619108913499139248e+02
-2.619109113978918799e+02
-2.619109677664418996e+02
-2.619110010484308759e+02
-2.619110590598867816e+02
-2.619111317790595876e+02
-2.619111750527354161e+02
-2.619112113234377262e+02
-2.619112341471861214e+02
-2.619112457911609795e+02
-2.619112468657244790e+02
-2.619113197997069165e+02
-2.619113919498839778e+02
-2.619114113293072137e+02
-2.619114429938185822e+02
-2.619114602109635257e+02
-2.619114656214471779e+02
-2.619114685034376748e+02
-2.619114853965019734e+02
-2.619115108438932111e+02
-2.619115265593944173e+02
-2.619115305291372806e+02
-2.619115518480937794e+02
-2.619115976573094144e+02
-2.619116356776575003e+02
-2.619116626695043237e+02
-2.619116717144647168e+02
-2.619116933287821212e+02
-2.619116991872372182e+02
-2.619117026779318849e+02
-2.619118103971750884e+02
-2.619118549129269127e+02
-2.619118891308863226e+02
-2.619118979061802861e+02
-2.619119138001141209e+02
-2.619119250362256253e+02
-2.619121674159708277e+02
-2.619122114680471896e+02
-2.619122274441053833e+02
-2.619122283861933056e+02
-2.619122518890969786e+02
-2.619122843890241938e+02
-2.619122940914082278e+02
-2.619123117281139912e+02
-2.619123199023367761e+02
-2.619123765214397963e+02
-2.619123973918933075e+02
-2.619124338666197787e+02
-2.619124756045424078e+02
-2.619124928081142230e+02
-2.619125050455892278e+02
-2.619126244497085736e+02
-2.619126248940827963e+02
-2.619126256634294236e+02
-2.619126269365506801e+02
-2.619126288503467777e+02
-2.619126314699510090e+02
-2.619126391923035158e+02
-2.619126453980559859e+02
-2.619126627177113846e+02
-2.619127019894809791e+02
-2.619127399274170784e+02
-2.619127638594624727e+02
-2.619127661943747967e+02
-2.619127685370277732e+02
-2.619127725906694195e+02
-2.619128909317084890e+02
-2.619128912712245096e+02
-2.619128986686994836e+02
-2.619129120192229720e+02
-2.619129254667178088e+02
-2.619129339887114725e+02
-2.619129546092597138e+02
-2.619129612482677203e+02
-2.619129777952213090e+02
-2.619129897570140884e+02
-2.619130877909724973e+02
-2.619130975999528914e+02
-2.619131061704413810e+02
-2.619131161504133161e+02
-2.619131799660531215e+02
-2.619132656011349809e+02
-2.619132655628932866e+02
-2.619132674885668166e+02
-2.619134195413054158e+02
-2.619134618510470887e+02
-2.619135017070777280e+02
-2.619135043258619930e+02
-2.619135102059254905e+02
-2.619137133782770093e+02
-2.619137325456619010e+02
-2.619137542607691103e+02
-2.619137543267559067e+02
-2.619137664674871075e+02
-2.619138184737262236e+02
-2.619138247629717853e+02
-2.619139073449219950e+02
-2.619139325780341778e+02
-2.619139348073047131e+02
-2.619139510478788111e+02
-2.619140087234210910e+02
-2.619140125901885767e+02
-2.619140159097768787e+02
-2.619140184897822792e+02
-2.619140340760250183e+02
-2.619140340812076033e+02
-2.619140356009503989e+02
-2.619140357838581963e+02
-2.619141052362335245e+02
-2.619141062377524918e+02
-2.619141904339098801e+02
-2.619142531980024273e+02
-2.619142836101887042e+02
-2.619142910818446239e+02
-2.619143229372181167e+02
-2.619143296675810006e+02
-2.619143296789338820e+02
-2.619143315151886782e+02
-2.619143418135935804e+02
-2.619143472061563784e+02
-2.619143528181950842e+02
-2.619143542354681813e+02
-2.619143549689907218e+02
-2.619143551286782099e+02
-2.619143925745169099e+02
-2.619143944981298091e+02
-2.619144410663570284e+02
-2.619144558214018730e+02
-2.619144558245844223e+02
-2.619144804936565833e+02
-2.619145346496097204e+02
-2.619145363979063745e+02
-2.619145528014897764e+02
-2.619145534774193038e+02
-2.619145537245561854e+02
-2.619145542446669879e+02
-2.619145550163469238e+02
-2.619145789009276086e+02
-2.619145893989764886e+02
-2.619146160414194924e+02
-2.619146434739711822e+02
-2.619146580761587870e+02
-2.619147361199741226e+02
-2.619147742900161120e+02
-2.619147772333926127e+02
-2.619147809269870208e+02
-2.619147816429533009e+02
-2.619148157977608093e+02
-2.619148161096488820e+02
-2.619148164094523850e+02
-2.619148231953021195e+02
-2.619148232521893078e+02
-2.619148233235113139e+02
-2.619148265661394248e+02
-2.619148266793254152e+02
-2.619148401351985171e+02
-2.619148435757546167e+02
-2.619148770373855086e+02
-2.619149016676901738e+02
-2.619149023404077070e+02
-2.619149031495560962e+02
-2.619149102436239787e+02
-2.619149132731379837e+02
-2.619149219509379805e+02
-2.619149409408548763e+02
-2.619149410410014980e+02
-2.619149481125069201e+02
-2.619149482050510755e+02
-2.619149538633716929e+02
-2.619149543951513124e+02
-2.619149546306636012e+02
-2.619149693910275118e+02
-2.619149710752694205e+02
-2.619149711279101211e+02
-2.619149716621104176e+02
-2.619149993051614160e+02
-2.619150119087580038e+02
-2.619150256203656113e+02
-2.619150260380081932e+02
-2.619150931988442039e+02
-2.619150932698535144e+02
-2.619151449585967839e+02
-2.619151459368636097e+02
-2.619151590046319029e+02
-2.619151732132460211e+02
-2.619151742985201849e+02
-2.619152172575563213e+02
-2.619152974195727097e+02
-2.619153049390120032e+02
-2.619153049339972199e+02
-2.619153087573051835e+02
-2.619153116326627924e+02
-2.619153122679243779e+02
-2.619153154438749880e+02
-2.619153155389407175e+02
-2.619153191358490744e+02
-2.619153192727167152e+02
-2.619153196603323863e+02
-2.619153332380757888e+02
-2.619153410627665153e+02
-2.619153805377547997e+02
-2.619153805890608737e+02
-2.619154269607051901e+02
-2.619154347356414974e+02
-2.619154769748270724e+02
-2.619154774690803720e+02
-2.619154774732991768e+02
-2.619154775109926732e+02
-2.619154782045964112e+02
-2.619154898060048140e+02
-2.619154901759633276e+02
-2.619154938511140926e+02
-2.619155001845485913e+02
-2.619155005128777134e+02
-2.619155039202860280e+02
-2.619155381498879933e+02
-2.619155391488029068e+02
-2.619155449873401267e+02
-2.619156226799632918e+02
-2.619156314431426154e+02
-2.619156317132985237e+02
-2.619156320486035838e+02
-2.619156432662450129e+02
-2.619156554985240746e+02
-2.619156668966230086e+02
-2.619156681275666188e+02
-2.619156689530918811e+02
-2.619156689118751729e+02
-2.619157111318517082e+02
-2.619157193642374182e+02
-2.619157275245344749e+02
-2.619157547095355767e+02
-2.619157586118104177e+02
-2.619157625175084263e+02
-2.619157630227156233e+02
-2.619157631898476097e+02
-2.619157633803832255e+02
-2.619158309321426827e+02
-2.619158390987279859e+02
-2.619158391652513274e+02
-2.619158396120449765e+02
-2.619158400602141228e+02
-2.619158400826291881e+02
-2.619158403693858759e+02
-2.619158403881701247e+02
-2.619158418723118871e+02
-2.619158440730287793e+02
-2.619158440867960849e+02
-2.619158608404461006e+02
-2.619158675915052754e+02
-2.619158676911183079e+02
-2.619161244481414883e+02
-2.619161244383889198e+02
-2.619161244792437060e+02
-2.619161248788656167e+02
-2.619161251721650956e+02
-2.619161257530075773e+02
-2.619161265066982764e+02
-2.619161266039977818e+02
-2.619161825530117085e+02
-2.619161860914388171e+02
-2.619161921124007790e+02
-2.619162100656441794e+02
-2.619162722219875263e+02
-2.619162722814896824e+02
-2.619163475439809758e+02
-2.619163486612031875e+02
-2.619163500135733216e+02
-2.619163508849998721e+02
-2.619163518907412822e+02
-2.619163526068260808e+02
-2.619163643796181873e+02
-2.619163647927164220e+02
-2.619163884518035275e+02
-2.619163886530732839e+02
-2.619163902126612129e+02
-2.619163903530454149e+02
-2.619163903862296934e+02
-2.619163955465978120e+02
-2.619163972859968226e+02
-2.619163978946307907e+02
-2.619163987289680904e+02
-2.619164000899093026e+02
-2.619164051422818034e+02
-2.619164051462486213e+02
-2.619164061019317273e+02
-2.619164181710419825e+02
-2.619164197869704935e+02
-2.619164312576509133e+02
-2.619164332978493235e+02
-2.619164336938575275e+02
-2.619164343683542029e+02
-2.619164344689352788e+02
-2.619164350851747827e+02
-2.619164351312591066e+02
-2.619164398127871891e+02
-2.619164849583714272e+02
-2.619164849989376194e+02
-2.619164851574100226e+02
-2.619166262177259910e+02
-2.619166490430819181e+02
-2.619166492553359262e+02
-2.619166493804543734e+02
-2.619166496099210804e+02
-2.619166549222392177e+02
-2.619166568496166860e+02
-2.619166572588675876e+02
-2.619166589245056116e+02
-2.619166629831561863e+02
-2.619166636451674890e+02
-2.619166797739297863e+02
-2.619166797308562877e+02
-2.619166830025656054e+02
-2.619166942696281808e+02
-2.619166942884439209e+02
-2.619166948107048256e+02
-2.619166990403626869e+02
-2.619166991901938104e+02
-2.619166998339384804e+02
-2.619166999384627843e+02
-2.619166999209900837e+02
-2.619167000613857113e+02
-2.619167084756982149e+02
-2.619167095441226820e+02
-2.619167475490543779e+02
-2.619167475834578909e+02
-2.619167518493043190e+02
-2.619167518921619262e+02
-2.619167521662234890e+02
-2.619167605302969832e+02
-2.619167828590252043e+02
-2.619167832079817231e+02
-2.619167880971173759e+02
-2.619167889381906207e+02
-2.619169085013011795e+02
-2.619169141319069922e+02
-2.619169212709934982e+02
-2.619169214893752837e+02
-2.619169552847039881e+02
-2.619169568234684107e+02
-2.619169569121452241e+02
-2.619169575441205211e+02
-2.619169576223624176e+02
-2.619169592455887141e+02
-2.619169874776480924e+02
-2.619169874911087845e+02
-2.619170044579938121e+02
-2.619170533053152212e+02
-2.619170889556979205e+02
-2.619170897121003918e+02
-2.619170903415039220e+02
-2.619170904174707175e+02
-2.619171301602235076e+02
-2.619171306454259138e+02
-2.619171308827814073e+02
-2.619171308824631978e+02
