-2.617730833943750213e+02
-2.617901729117492096e+02
-2.618008685053159184e+02
-2.618097507672115967e+02
-2.618169523238428837e+02
-2.618241018312170922e+02
-2.618262263502277278e+02
-2.618308286657825761e+02
-2.618322658480068981e+02
-2.618350876803590950e+02
-2.618357703807777170e+02
-2.618380609886585262e+02
-2.618398014938761094e+02
-2.618404814823915103e+02
-2.618414662820507033e+02
-2.618420528529696867e+02
-2.618424255332647022e+02
-2.618424378424343217e+02
-2.618438232181089234e+02
-2.618449007730553717e+02
-2.618470319658915173e+02
-2.618480788920767282e+02
-2.618484607533981148e+02
-2.618493459667777188e+02
-2.618493480611189170e+02
-2.618496746255013932e+02
-2.618498058547394862e+02
-2.618498148092045881e+02
-2.618498330351537220e+02
-2.618503586203257214e+02
-2.618508702810785280e+02
-2.618508841272378049e+02
-2.618508883854595979e+02
-2.618510099505160156e+02
-2.618510109391780816e+02
-2.618510109401099157e+02
