-4.224233771033846097e+02
-4.224585766936326081e+02
-4.224722007808305193e+02
-4.224887311165658161e+02
-4.225054808524614032e+02
-4.225257093297262259e+02
-4.225369626516218773e+02
-4.225514304490583868e+02
-4.225596014444129196e+02
-4.225675375012007180e+02
-4.225765580935691901e+02
-4.225816723157893193e+02
-4.225842793531007260e+02
-4.225870669470821781e+02
-4.225902519604342160e+02
-4.225920666322098214e+02
-4.225948214965669081e+02
-4.225977480867796885e+02
-4.225991757089992120e+02
-4.226023864077225198e+02
-4.226026707841555776e+02
-4.226033825216812829e+02
-4.226064131715152143e+02
-4.226064768208013902e+02
-4.226071736939414905e+02
-4.226082653893661245e+02
-4.226088690004967816e+02
-4.226089955044125759e+02
-4.226113411662029193e+02
-4.226122294867046207e+02
-4.226122941640605859e+02
-4.226135186051707819e+02
-4.226137326148734132e+02
-4.226137836673321999e+02
-4.226165030217060803e+02
-4.226181824354536047e+02
-4.226189564352787897e+02
-4.226189917026806029e+02
-4.226196108412905232e+02
-4.226196838189480900e+02
-4.226197166397319052e+02
-4.226197440354879973e+02
-4.226198301318481185e+02
-4.226198897028742181e+02
-4.226199754450722139e+02
-4.226200374159071202e+02
-4.226201034386110109e+02
-4.226201723560482151e+02
-4.226202338919708268e+02
-4.226204410408748799e+02
-4.226204891265037986e+02
-4.226209593065668741e+02
-4.226209822762855879e+02
-4.226213345463460769e+02
-4.226216764224416806e+02
-4.226217400800211976e+02
-4.226217765266210904e+02
-4.226217913695430184e+02
-4.226218952988066917e+02
-4.226219236790270202e+02
-4.226219433958603986e+02
-4.226220043107895208e+02
-4.226220245893692891e+02
-4.226220487606689744e+02
-4.226221126780577038e+02
-4.226221403728440009e+02
-4.226221916339674749e+02
-4.226222200282147128e+02
-4.226222771914377745e+02
-4.226222979163155742e+02
-4.226223383166991994e+02
-4.226223617340888836e+02
-4.226223872743465790e+02
-4.226224094309804968e+02
-4.226224262376431966e+02
-4.226224499365060865e+02
-4.226224761530809246e+02
-4.226224969518909234e+02
-4.226225365104917842e+02
-4.226225715417659217e+02
-4.226225882758072885e+02
-4.226226146852475836e+02
-4.226226414036181041e+02
-4.226226661790410049e+02
-4.226226888342389998e+02
-4.226227261698106759e+02
-4.226227587620306849e+02
-4.226228332440837789e+02
-4.226228577905678776e+02
-4.226229084912525877e+02
-4.226229418359915257e+02
-4.226229591132807855e+02
-4.226229756021878075e+02
-4.226229836131951174e+02
-4.226230122493466865e+02
-4.226230246092753191e+02
-4.226230555556368813e+02
