9.999971954184060374e-01
9.999895469048070140e-01
9.999899755624561681e-01
9.963268730714849308e-01
9.966507179995696131e-01
9.952386123097147763e-01
9.957093482173779986e-01
9.947175552952984834e-01
9.964219869294452803e-01
9.935704929368927019e-01
9.945417955734454640e-01
9.880451425572551738e-01
9.956685567210461496e-01
9.941796860876638275e-01
9.823995574811538178e-01
9.774283883561973862e-01
2.881537806329959039e-02
1.806560755786348199e-02
5.232191880083716592e-03
4.071519783874239830e-03
6.616187582646405885e-03
2.208541114626439480e-03
3.950148192526717339e-03
2.442657729014399183e-03
3.667099883179546910e-03
2.642690499190286386e-03
1.024050116940467599e-03
4.555316470695908691e-03
2.705997623817018791e-03
3.895928006097307446e-03
4.796368148398563042e-03
4.434885924699521337e-03
