-2.617540380496694752e+02
-2.617563696358840843e+02
-2.617580997138659882e+02
-2.617606131904502718e+02
-2.617631090265210219e+02
-2.617650464175596881e+02
-2.617677337760661089e+02
-2.617721244055400120e+02
-2.617753974303325890e+02
-2.617786787079053283e+02
-2.617817886237988887e+02
-2.617833286349231230e+02
-2.617863878696626898e+02
-2.617871737159754275e+02
-2.617881048736214211e+02
-2.617888729823200720e+02
-2.617911623022724257e+02
-2.617913659272235805e+02
-2.617929636351886984e+02
-2.617939913628824229e+02
-2.617959709795438243e+02
-2.617969467775707244e+02
-2.617976807950406055e+02
-2.617988515043649045e+02
-2.617998266344305875e+02
-2.618020259665597109e+02
-2.618030142616635203e+02
-2.618065389981942985e+02
-2.618071764534626027e+02
-2.618092427918110729e+02
-2.618106039149703861e+02
-2.618118254991545086e+02
-2.618119569070248076e+02
-2.618139679420199855e+02
-2.618140022694373101e+02
-2.618142060160632809e+02
-2.618152326436044177e+02
-2.618165098934072148e+02
-2.618180273329010106e+02
-2.618207820588958157e+02
-2.618212335494978902e+02
-2.618225573309716196e+02
-2.618226876497785156e+02
-2.618227362249514840e+02
-2.618232047136776259e+02
-2.618245687777823036e+02
-2.618249322916705069e+02
-2.618251739595647223e+02
-2.618260909841756074e+02
-2.618281346703171266e+02
-2.618285944172155268e+02
-2.618296130577157896e+02
-2.618311172622388199e+02
-2.618318827984846280e+02
-2.618323140562660001e+02
-2.618333596356243902e+02
-2.618333793546091215e+02
-2.618335604351261168e+02
-2.618342677356234844e+02
-2.618348275496368842e+02
-2.618360892296240081e+02
-2.618372084462038174e+02
-2.618374334917988904e+02
-2.618377216374855720e+02
-2.618385699420534820e+02
-2.618403767305882752e+02
-2.618411205057062148e+02
-2.618411602565440717e+02
-2.618421612446658742e+02
-2.618425176835012280e+02
-2.618435266485340094e+02
-2.618445070880334811e+02
-2.618454664647845220e+02
-2.618457800222191167e+02
-2.618459160208257117e+02
-2.618469821356877105e+02
-2.618473571074273991e+02
-2.618491888119497730e+02
-2.618505206289777902e+02
-2.618505859495277832e+02
-2.618512428364231255e+02
-2.618519126604746816e+02
-2.618519353982313191e+02
-2.618522504575103085e+02
-2.618526762682383833e+02
-2.618537924800111796e+02
-2.618538301739463918e+02
-2.618539237572700245e+02
-2.618547413039776757e+02
-2.618561797259337141e+02
-2.618571180159411256e+02
-2.618572863065480192e+02
-2.618580283314390726e+02
-2.618582415006853239e+02
-2.618585064679385823e+02
-2.618585349326856999e+02
-2.618585617843916111e+02
-2.618588667938769277e+02
-2.618589300147214090e+02
-2.618589493032108066e+02
-2.618595297968383875e+02
-2.618606969972149159e+02
-2.618628928814476922e+02
-2.618630019233423809e+02
-2.618635625358094785e+02
-2.618635825431389890e+02
-2.618636027012684053e+02
-2.618636363766643740e+02
-2.618636679977608992e+02
-2.618638779960270995e+02
-2.618664369518588728e+02
-2.618672273502809276e+02
-2.618672578924794720e+02
-2.618675280724337995e+02
-2.618681364719321891e+02
-2.618681399193058041e+02
-2.618689844109160845e+02
-2.618690054379554795e+02
-2.618690693622069148e+02
-2.618698960331943226e+02
-2.618699284428971055e+02
-2.618699574978189730e+02
-2.618699792586966737e+02
-2.618731217293890836e+02
-2.618731781771488727e+02
-2.618737507622211069e+02
-2.618739383532384863e+02
-2.618754347058751932e+02
-2.618754555813242746e+02
-2.618755281212798991e+02
-2.618755351867898753e+02
-2.618769729734119096e+02
-2.618769902324679038e+02
-2.618776999065482869e+02
-2.618792619991693869e+02
-2.618793043556643738e+02
-2.618793149808594762e+02
-2.618793652959037104e+02
-2.618801720086884757e+02
-2.618801880546130860e+02
-2.618802181203586201e+02
-2.618813493675173731e+02
-2.618817575788589807e+02
-2.618817880950892913e+02
-2.618823084401751089e+02
-2.618823215966393150e+02
-2.618823273625432080e+02
-2.618824282785797095e+02
-2.618824314946451182e+02
-2.618824697320873156e+02
-2.618824932966293773e+02
-2.618828104673227131e+02
-2.618828122471194888e+02
-2.618828354952474911e+02
-2.618828928150114166e+02
-2.618828966783843839e+02
-2.618829472367896756e+02
-2.618829813641301030e+02
-2.618829860018000772e+02
-2.618830491068442257e+02
-2.618830493148860796e+02
-2.618830538971345732e+02
-2.618830832206976993e+02
-2.618834950228958860e+02
-2.618835054974833270e+02
-2.618835686655605173e+02
-2.618836131953079871e+02
-2.618851362970069090e+02
-2.618851734865468757e+02
-2.618852402857576749e+02
-2.618852571563123774e+02
-2.618852941229844191e+02
-2.618853138776432274e+02
-2.618865500992084776e+02
-2.618866090461705767e+02
-2.618866213685502089e+02
-2.618867231242177240e+02
-2.618867397542213098e+02
-2.618867723898028999e+02
-2.618874424551925131e+02
-2.618874472071652804e+02
-2.618885616047566032e+02
-2.618885697735536269e+02
-2.618886688222386283e+02
-2.618886781540651896e+02
-2.618886943295007086e+02
-2.618887117769535848e+02
-2.618887253633487830e+02
-2.618887339486237806e+02
-2.618887594778109928e+02
-2.618887670634360916e+02
-2.618887724677917959e+02
-2.618888971928971046e+02
-2.618889285497331230e+02
-2.618889505689600128e+02
-2.618889775419839907e+02
-2.618889917259577942e+02
-2.618890131340082803e+02
