op     23   24   71   72   24   23   71   72                       -0.09368044671162457926                                                    
a_ia   71   72                                                     -0.01048257223751382534                                                    
op     16   25   17   26   16   17   26   25                       -0.02827837491150210492                                                    
op     65   72   66   73   65   66   73   72                        0.00457957486614315231                                                    
a_ia   23   29                                                      0.00656532794291806669                                                    
op     19   25   67   73   25   19   67   73                       -0.11598284601448145825                                                    
a_ia   71   74                                                     -0.00167223956086229048                                                    
mvp2   13   26   67   73   26   13   67   73                       -0.09417031738555954601   -0.67762270355686560208                          
mvp2   16   25   65   72   25   16   65   72                       -0.00469499727416556201   -1.38608012118786994016                          
mvp2   19   25   65   73   25   19   65   73                        0.00138274121868325710   -0.07983530594913984535                          
mvp2   13   26   71   72   26   13   71   72                       -0.02136177472813450065    0.13798606509964095324                          
mvp2   17   26   67   73   26   17   67   73                        0.05990396736710681264    0.50249833753031958317                          
a_ia   71   72                                                      0.01361601819695428157                                                    
mvp2   19   25   61   74   25   19   61   74                       -0.02701409401726783538    0.51539920182348775146                          
mvp2   17   25   67   73   25   17   67   73                        0.02763463784771513082    0.28565416746219740585                          
mvp2   18   25   66   73   25   18   66   73                       -0.03194716602000575306   -1.14428447465905125391                          
a_ia   65   72                                                      0.00402893075600067353                                                    
mvp2   17   25   65   73   25   17   65   73                       -0.00864817375456967095   -0.24591985733294646765                          
op     18   26   64   73   26   18   64   73                        0.00248636881526830868                                                    
mvp2   64   73   68   74   64   68   74   73                       -0.00104340223508525413    0.01145832116365909370                          
mvp2   13   26   65   74   26   13   65   74                        0.05163796880217515900   -0.85012119061363600192                          
a_ia   18   25                                                      0.00093277254504652940                                                    
mvp2   23   26   61   72   26   23   61   72                        0.01341653272331277784   -1.43790013947447703480                          
a_ia   23   26                                                     -0.00562068722533490446                                                    
mvp2   20   26   61   72   26   20   61   72                       -0.00629649332445712286   -0.57547719455671819677                          
mvp2   16   25   67   73   25   16   67   73                       -0.04982667908431033521   -0.61275886838172943794                          
a_ia   20   26                                                     -0.00139188608578222199                                                    
mvp2   17   25   66   73   25   17   66   73                       -0.00253604960970317062    0.15599639541806628595                          
mvp3   64   73   65   74   64   65   74   73   64   65   73   74    0.02317650115053740759    0.78027608339966769702    0.25464747413517185848
mvp2   18   25   64   73   25   18   64   73                        0.02779369866359977792   -0.10321148265547416822                          
a_ia   66   67                                                      0.56900772871952998155                                                    
a_ia   64   73                                                     -0.00152153306902470201                                                    
mvp2   13   24   61   72   24   13   61   72                       -0.01365595105039235473    0.84001829926987203745                          
a_ia   64   65                                                     -0.13153138889066265382                                                    
a_ia   24   26                                                      0.54013383425111516356                                                    
mvp2   13   26   65   72   26   13   65   72                       -0.02363024054374190594    0.78512235517992179368                          
a_ia   21   23                                                     -0.39562650368689111779                                                    
mvp2   23   26   67   73   26   23   67   73                       -0.00881754369964058739   -0.15450204650320911726                          
a_ia   23   24                                                     -0.00157923209815874423                                                    
a_ia   67   73                                                     -0.00171699132573511679                                                    
mvp2   18   26   66   73   26   18   66   73                        0.00847652061556731715    0.33295424210821861211                          
mvp2   23   26   71   74   26   23   71   74                       -0.02579032262674140624   -0.14299554075128748098                          
a_ia   73   74                                                     -0.00775742024905385751                                                    
a_ia   73   75                                                     -0.15996227829837822432                                                    
a_ia   74   88                                                      0.32436193282682490580                                                    
a_ia   25   27                                                     -0.17905789518860104614                                                    
a_ia   65   68                                                      0.38314465854244611487                                                    
a_ia   26   40                                                      0.29372431183004688027                                                    
a_ia   74   87                                                      0.15052442195510420953                                                    
mvp2   18   25   67   73   25   18   67   73                        0.05200860833878159090    0.68784359390645333221                          
a_ia   64   68                                                      0.01584535857544218038                                                    
a_ia   72   86                                                      0.17900953309241021683                                                    
a_ia   13   20                                                     -0.90018399012328875752                                                    
a_ia   13   23                                                      0.44244253015926321426                                                    
a_ia   61   71                                                      0.78169713889482428382                                                    
a_ia   13   23                                                      0.19445821055530501664                                                    
a_ia   13   20                                                      0.33501334973195606715                                                    
a_ia   18   21                                                      0.10650998196412550523                                                    
a_ia   13   20                                                      0.27015163534347719221                                                    
a_ia   25   35                                                      0.14628866129184131539                                                    
a_ia   25   37                                                     -0.18201169852196272259                                                    
a_ia   25   39                                                      0.13617770544128313115                                                    
a_ia   25   40                                                     -0.06728311374544600210                                                    
mvp2   18   27   67   73   27   18   67   73                       -0.01146531120283615472   -0.11690046876422674482                          
a_ia   65   66                                                     -0.39506788759994199145                                                    
a_ia   73   85                                                     -0.17304097301695556266                                                    
a_ia   17   24                                                     -0.00014544705617695793                                                    
a_ia   73   87                                                      0.14661353748274283393                                                    
