op     23   24   71   72   24   23   71   72                       -0.09155894714805400125                                                    
a_ia   71   72                                                     -0.00755945117339351224                                                    
op     16   25   17   26   16   17   26   25                       -0.03116784454477798325                                                    
op     65   72   66   73   65   66   73   72                        0.00537876246350614626                                                    
a_ia   23   29                                                      0.00753484365018958907                                                    
op     19   25   67   73   25   19   67   73                       -0.11711190404002493060                                                    
a_ia   71   74                                                     -0.00207381938095122084                                                    
mvp2   13   26   67   73   26   13   67   73                       -0.09408281475170254815   -0.66683296496675414922                          
mvp2   16   25   65   72   25   16   65   72                       -0.00535223288925759048   -1.30450062953634304819                          
mvp2   19   25   65   73   25   19   65   73                        0.00167358716639079094   -0.06672083452887581090                          
mvp2   13   26   71   72   26   13   71   72                       -0.02065742176530616439    0.13853438774488976981                          
mvp2   17   26   67   73   26   17   67   73                        0.06489590274535343706    0.51997571494356409350                          
a_ia   71   72                                                      0.01079044815943185076                                                    
mvp2   19   25   61   74   25   19   61   74                       -0.02645605031336260501    0.51360946821171926668                          
mvp2   17   25   67   73   25   17   67   73                        0.02760316194671788917    0.27253649400833240835                          
mvp2   18   25   66   73   25   18   66   73                       -0.03365419021356891305   -1.35858800334053975156                          
a_ia   65   72                                                      0.00468637234918634418                                                    
mvp2   17   25   65   73   25   17   65   73                       -0.00923750631721207381   -0.21418037331735834128                          
op     18   26   64   73   26   18   64   73                        0.00160382913770286319                                                    
mvp2   64   73   68   74   64   68   74   73                       -0.00047751432951205377   -0.08097008875496594649                          
mvp2   13   26   65   74   26   13   65   74                        0.05037988836301115353   -0.84942721815128663376                          
a_ia   18   25                                                      0.00143770576438355304                                                    
mvp2   23   26   61   72   26   23   61   72                        0.00905516968520323103   -1.32032337198602811590                          
a_ia   23   26                                                     -0.00457833205317725520                                                    
mvp2   20   26   61   72   26   20   61   72                       -0.00655773474733855298   -0.61853618282035116582                          
mvp2   16   25   67   73   25   16   67   73                       -0.04884419402707979724   -0.61113165447457662438                          
a_ia   20   26                                                     -0.00111139337522061675                                                    
mvp2   17   25   66   73   25   17   66   73                       -0.00283888853589361282    0.12896236260624813208                          
mvp3   64   73   65   74   64   65   74   73   64   65   73   74    0.02339970856853466202    0.78889356264795218454    0.17661388734198102402
mvp2   18   25   64   73   25   18   64   73                        0.02868017822226229252   -0.04463192985016684738                          
a_ia   66   67                                                      0.56615009832458074168                                                    
a_ia   64   73                                                     -0.00023708075004335856                                                    
mvp2   13   24   61   72   24   13   61   72                       -0.01258006916868969864    0.95970059723920664307                          
a_ia   64   65                                                     -0.12999830559367878124                                                    
a_ia   24   26                                                      0.53783326184386304192                                                    
mvp2   13   26   65   72   26   13   65   72                       -0.02333870719420391357    0.78014371631419654474                          
a_ia   21   23                                                     -0.32561571382252368911                                                    
mvp2   23   26   67   73   26   23   67   73                       -0.00898000678730584076   -0.16155007858009318156                          
a_ia   23   24                                                     -0.00166895795285763545                                                    
a_ia   67   73                                                      0.00016809585818794700                                                    
mvp2   18   26   66   73   26   18   66   73                        0.00785508816807355126    0.30186988716029644619                          
mvp2   23   26   71   74   26   23   71   74                       -0.02568264087893688125   -0.19539767776580815872                          
a_ia   73   74                                                      0.00718246016897133768                                                    
a_ia   73   75                                                     -0.15532605683893271897                                                    
a_ia   74   88                                                      0.32429682394956216296                                                    
a_ia   25   27                                                     -0.17689300472068467118                                                    
a_ia   65   68                                                      0.37954567870290428777                                                    
a_ia   26   40                                                      0.30368748857850169642                                                    
a_ia   74   87                                                      0.15926731610986713528                                                    
mvp2   18   25   67   73   25   18   67   73                        0.05354014648900101703    0.64856939002013580531                          
a_ia   64   68                                                      0.02669987453205896130                                                    
a_ia   72   86                                                      0.17860091586778822914                                                    
a_ia   13   20                                                     -0.89241689994225315008                                                    
a_ia   13   23                                                      0.44291112503462076733                                                    
a_ia   61   71                                                      0.78152096211373722756                                                    
a_ia   13   23                                                      0.19523113442901748882                                                    
a_ia   13   20                                                      0.32429718005032986961                                                    
a_ia   18   21                                                      0.15465490282540325651                                                    
a_ia   13   20                                                      0.26191349275549330455                                                    
a_ia   25   35                                                      0.14628456879933637858                                                    
a_ia   25   37                                                     -0.18803050154296169216                                                    
a_ia   25   39                                                      0.13896225864162664587                                                    
a_ia   25   40                                                     -0.07081267408733436797                                                    
mvp2   18   27   67   73   27   18   67   73                       -0.01170134557808806021   -0.10825285539806388246                          
a_ia   65   66                                                     -0.39129345283886790563                                                    
a_ia   73   85                                                     -0.18388331890369064014                                                    
a_ia   17   24                                                     -0.00070291282375363061                                                    
a_ia   73   87                                                      0.13208942526773623238                                                    
a_ia   73   89                                                     -0.14999186227191660392                                                    
a_ia   73   88                                                     -0.06953797283466973955                                                    
a_ia   73   92                                                      0.09940901137790360276                                                    
a_ia   73   91                                                     -0.00327924679518639284                                                    
a_ia   17   21                                                     -0.27844325387361756885                                                    
a_ia   73   91                                                     -0.04566087147598073964                                                    
a_ia   25   44                                                      0.10489064413669763054                                                    
a_ia   25   43                                                     -0.05295400881723715675                                                    
a_ia   73   91                                                     -0.00245211466924354516                                                    
a_ia   73   91                                                     -0.00237325194134206576                                                    
a_ia   65   69                                                     -0.33227583951749162239                                                    
a_ia   67   69                                                     -0.10816543139099314697                                                    
