op     23   24   71   72   24   23   71   72                       -0.09532150279025589090                                                    
a_ia   71   72                                                     -0.01103939544066463718                                                    
op     16   25   17   26   16   17   26   25                       -0.02658546559541805077                                                    
op     65   72   66   73   65   66   73   72                        0.00527638577877419072                                                    
a_ia   23   29                                                      0.00798360129219694362                                                    
op     19   25   67   73   25   19   67   73                       -0.11491717171325148417                                                    
a_ia   71   74                                                     -0.00276024395446612149                                                    
mvp2   13   26   67   73   26   13   67   73                       -0.09105747245337195150   -0.70583284172545834867                          
mvp2   16   25   65   72   25   16   65   72                       -0.00429309272966827467   -1.39353631901209640276                          
mvp2   19   25   65   73   25   19   65   73                        0.01077614625725160230   -0.16251592702966949355                          
mvp2   13   26   71   72   26   13   71   72                       -0.02050913171924517026    0.14685799806163910008                          
mvp2   17   26   67   73   26   17   67   73                        0.05841681152447273512    0.53463842931785376944                          
a_ia   71   72                                                      0.01693125617663580537                                                    
mvp2   19   25   61   74   25   19   61   74                       -0.02734198838041717802    0.52168061389513353809                          
mvp2   17   25   67   73   25   17   67   73                        0.02530190191731499644    0.30160883326277843075                          
mvp2   18   25   66   73   25   18   66   73                       -0.02677141289409143074   -0.89492039454501337570                          
a_ia   65   72                                                      0.00574673056336323911                                                    
mvp2   17   25   65   73   25   17   65   73                       -0.01315492931371362723   -0.26162376860416924895                          
op     18   26   64   73   26   18   64   73                        0.00353806831594063531                                                    
mvp2   64   73   68   74   64   68   74   73                       -0.00059247878120864531    0.07513204464852428488                          
mvp2   13   26   65   74   26   13   65   74                        0.05026754900081080446   -0.85064486174704723176                          
a_ia   18   25                                                     -0.00264791388597210861                                                    
mvp2   23   26   61   72   26   23   61   72                        0.01167021381397329201   -1.28479111037982551835                          
a_ia   23   26                                                     -0.00717340176474423434                                                    
mvp2   20   26   61   72   26   20   61   72                       -0.00281974690056744845   -0.64879307652354212266                          
mvp2   16   25   67   73   25   16   67   73                       -0.04690110682080012028   -0.64198102284304559007                          
a_ia   20   26                                                     -0.00081359224816585606                                                    
mvp2   17   25   66   73   25   17   66   73                       -0.00151085286786941807    0.21061537803964283655                          
mvp3   64   73   65   74   64   65   74   73   64   65   73   74    0.02307840637899486250    0.81424194567393615163    0.32122449892978416353
mvp2   18   25   64   73   25   18   64   73                        0.02995673464188629981    0.01336113887338719400                          
a_ia   66   67                                                      0.50996104842769873766                                                    
a_ia   64   73                                                     -0.00552546469229058760                                                    
mvp2   13   24   61   72   24   13   61   72                       -0.01347483745734489279    0.49629950631175862030                          
a_ia   64   65                                                     -0.17405882250952850465                                                    
a_ia   24   26                                                      0.54154354744409671785                                                    
mvp2   13   26   65   72   26   13   65   72                       -0.02244768766147485148    0.74400387669148204672                          
a_ia   21   23                                                     -0.40010998169399253355                                                    
mvp2   23   26   67   73   26   23   67   73                       -0.00837394339969780611   -0.15278081457485123695                          
a_ia   23   24                                                     -0.00212346826268088691                                                    
a_ia   67   73                                                     -0.00536192912399637619                                                    
mvp2   18   26   66   73   26   18   66   73                        0.01006249640906502381    0.38935540160198228721                          
mvp2   23   26   71   74   26   23   71   74                       -0.02673919035385187784   -0.10102458462192449862                          
a_ia   73   74                                                     -0.07228962098277572079                                                    
a_ia   73   75                                                     -0.16722381535352917603                                                    
a_ia   74   88                                                      0.30810259652384541784                                                    
a_ia   25   27                                                     -0.16173101203036358009                                                    
a_ia   65   68                                                      0.37328068027565641795                                                    
a_ia   26   40                                                      0.28636592958172790713                                                    
a_ia   74   87                                                      0.16005134193291364886                                                    
mvp2   18   25   67   73   25   18   67   73                        0.04709006452915492913    0.64902499691259130099                          
a_ia   64   68                                                      0.14182109215796706581                                                    
a_ia   72   86                                                      0.17698737335618783262                                                    
a_ia   13   20                                                     -0.89614698442188867045                                                    
a_ia   13   23                                                      0.44441033961824133458                                                    
a_ia   61   71                                                      0.76619800206403421150                                                    
a_ia   13   23                                                      0.19375948926739722245                                                    
a_ia   13   20                                                      0.33080476700318228733                                                    
a_ia   18   21                                                      0.10812239980706420117                                                    
a_ia   13   20                                                      0.26240483122640206881                                                    
a_ia   25   35                                                      0.14944318136689951904                                                    
a_ia   25   37                                                     -0.17715868574042312189                                                    
a_ia   25   39                                                      0.13290699435537978168                                                    
a_ia   25   40                                                     -0.06612561496521016102                                                    
