op     23   24   71   72   24   23   71   72                       -0.07457358220487700362                                                    
a_ia   71   72                                                     -0.01220515886008496573                                                    
op     16   25   17   26   16   17   26   25                       -0.00838602557866176788                                                    
op     65   72   66   73   65   66   73   72                        0.02965788808036169330                                                    
a_ia   23   29                                                      0.00456844486030228824                                                    
op     19   25   67   73   25   19   67   73                       -0.06660842857045314036                                                    
a_ia   71   74                                                     -0.00307450147549611632                                                    
mvp2   13   26   67   73   26   13   67   73                       -0.02324174869961111514   -0.52584745162531287832                          
mvp2   16   25   65   72   25   16   65   72                       -0.01990268162489393020   -0.59940118796212649155                          
mvp2   19   25   65   73   25   19   65   73                        0.02146457895602454577   -0.11171155787934583525                          
mvp2   13   26   71   72   26   13   71   72                        0.01597106364793934516   -0.09824523510050138519                          
mvp2   17   26   67   73   26   17   67   73                        0.02965532826642153577    0.68008705278747172418                          
a_ia   71   72                                                     -0.00749482927148406412                                                    
mvp2   19   25   61   74   25   19   61   74                       -0.01798300821366315833    0.51856266518559857026                          
mvp2   17   25   67   73   25   17   67   73                        0.02193961227657246701    0.34850213673082930388                          
mvp2   18   25   66   73   25   18   66   73                       -0.02230462076441528524   -0.00641902991106182985                          
a_ia   65   72                                                     -0.00291819831838494199                                                    
mvp2   17   25   65   73   25   17   65   73                       -0.01683209562749396829   -0.00159585777358370816                          
op     18   26   64   73   26   18   64   73                       -0.00944236352495916864                                                    
