op     23   24   71   72   24   23   71   72                       -0.09493956272724193846                                                    
a_ia   71   72                                                     -0.01052820651236043015                                                    
op     16   25   17   26   16   17   26   25                       -0.02610888158628066336                                                    
op     65   72   66   73   65   66   73   72                        0.00487223742628763255                                                    
a_ia   23   29                                                      0.00820706067618578138                                                    
op     19   25   67   73   25   19   67   73                       -0.11449753426710547466                                                    
a_ia   71   74                                                     -0.00255223817170817206                                                    
mvp2   13   26   67   73   26   13   67   73                       -0.09121924707780444674   -0.70837019425003378004                          
mvp2   16   25   65   72   25   16   65   72                       -0.00414681506376567491   -1.40246134331845562215                          
mvp2   19   25   65   73   25   19   65   73                        0.01097838907961036156   -0.16210225076206474792                          
mvp2   13   26   71   72   26   13   71   72                       -0.02058328317972481919    0.14446810931088474583                          
mvp2   17   26   67   73   26   17   67   73                        0.05817184300752127613    0.53366116485367842692                          
a_ia   71   72                                                      0.01656677732992176827                                                    
mvp2   19   25   61   74   25   19   61   74                       -0.02705146690523079628    0.52170668071609427319                          
mvp2   17   25   67   73   25   17   67   73                        0.02587129461940681704    0.30474606879510374169                          
mvp2   18   25   66   73   25   18   66   73                       -0.02652454489266062310   -0.89636662269646849577                          
a_ia   65   72                                                      0.00565094212373719838                                                    
mvp2   17   25   65   73   25   17   65   73                       -0.01340881026548159001   -0.26985469615510954133                          
op     18   26   64   73   26   18   64   73                        0.00329555748449404922                                                    
mvp2   64   73   68   74   64   68   74   73                       -0.00056132831611617983    0.06985781292092051176                          
mvp2   13   26   65   74   26   13   65   74                        0.05015237643308569082   -0.84492810902614923219                          
a_ia   18   25                                                     -0.00221208758439230902                                                    
mvp2   23   26   61   72   26   23   61   72                        0.01102354889937582141   -1.27307339394507912367                          
a_ia   23   26                                                     -0.00731263191490182183                                                    
mvp2   20   26   61   72   26   20   61   72                       -0.00213327974482653169   -0.65358340172972084758                          
mvp2   16   25   67   73   25   16   67   73                       -0.04669221030118522048   -0.63716446168412999018                          
a_ia   20   26                                                     -0.00098073729698143594                                                    
mvp2   17   25   66   73   25   17   66   73                       -0.00152574071770151848    0.21771371988387197560                          
mvp3   64   73   65   74   64   65   74   73   64   65   73   74    0.02309218598867996200    0.81122993159649237072    0.32840558209441395032
mvp2   18   25   64   73   25   18   64   73                        0.02890574070852954328    0.01834372940463674037                          
a_ia   66   67                                                      0.51480668707256027616                                                    
a_ia   64   73                                                     -0.00521284629988825934                                                    
mvp2   13   24   61   72   24   13   61   72                       -0.01305335550871556706    0.45567853377014089222                          
a_ia   64   65                                                     -0.17451701178422510119                                                    
a_ia   24   26                                                      0.54187509978095838026                                                    
mvp2   13   26   65   72   26   13   65   72                       -0.02233563623241334797    0.74166364516950011865                          
a_ia   21   23                                                     -0.39704890747182891575                                                    
mvp2   23   26   67   73   26   23   67   73                       -0.00813356759455824592   -0.14991598423568597287                          
a_ia   23   24                                                     -0.00263490846290172654                                                    
a_ia   67   73                                                     -0.00552372947833531212                                                    
mvp2   18   26   66   73   26   18   66   73                        0.01073231292308603722    0.39683079584603236922                          
mvp2   23   26   71   74   26   23   71   74                       -0.02671004863038910562   -0.09452800269926886489                          
a_ia   73   74                                                     -0.07298873346035790466                                                    
a_ia   73   75                                                     -0.16712760956675462576                                                    
a_ia   74   88                                                      0.31316049241670163017                                                    
a_ia   25   27                                                     -0.16158521388346228087                                                    
a_ia   65   68                                                      0.37476854475460535943                                                    
a_ia   26   40                                                      0.29051157674610550430                                                    
a_ia   74   87                                                      0.16241554847536374129                                                    
mvp2   18   25   67   73   25   18   67   73                        0.04649661068528636310    0.64618401003589376330                          
a_ia   64   68                                                      0.14309429149584793062                                                    
a_ia   72   86                                                      0.17966651483393905608                                                    
a_ia   13   20                                                     -0.90004252686127717009                                                    
a_ia   13   23                                                      0.44595751355001278515                                                    
a_ia   61   71                                                      0.77328992227347004285                                                    
a_ia   13   23                                                      0.19504036630047716372                                                    
a_ia   13   20                                                      0.32720013070146547474                                                    
a_ia   18   21                                                      0.13369058536105551949                                                    
a_ia   13   20                                                      0.25855504503223358803                                                    
a_ia   25   35                                                      0.15810959810989036467                                                    
a_ia   25   37                                                     -0.16818914602801954272                                                    
a_ia   25   39                                                      0.13955860073383721809                                                    
