op     23   24   71   72   24   23   71   72                       -0.07436270876697033405                                                    
a_ia   71   72                                                     -0.01830779609008892361                                                    
op     16   25   17   26   16   17   26   25                       -0.02545929686930734417                                                    
op     65   72   66   73   65   66   73   72                        0.00078466521814786287                                                    
a_ia   23   29                                                      0.00589497014424243421                                                    
op     19   25   67   73   25   19   67   73                       -0.10033916993330035949                                                    
a_ia   71   74                                                      0.00673175145483754199                                                    
mvp2   13   26   67   73   26   13   67   73                       -0.07983798591485799512   -0.69496674129119284657                          
mvp2   16   25   65   72   25   16   65   72                       -0.00407402269121050729   -1.09739863987989472172                          
mvp2   19   25   65   73   25   19   65   73                        0.01105499069196029700   -0.13400296559160410070                          
mvp2   13   26   71   72   26   13   71   72                        0.00781858331357111747   -0.09663932215422162131                          
mvp2   17   26   67   73   26   17   67   73                        0.05064462593629901616    0.42571761164495602880                          
a_ia   71   72                                                      0.00825987357658633861                                                    
mvp2   19   25   61   74   25   19   61   74                       -0.01967262221180276008    0.35867698182062135448                          
mvp2   17   25   67   73   25   17   67   73                        0.03186195637276042353    0.30417668527525726363                          
mvp2   18   25   66   73   25   18   66   73                       -0.00350775796881589884   -0.67728537371905350728                          
a_ia   65   72                                                     -0.00119038170801762967                                                    
mvp2   17   25   65   73   25   17   65   73                       -0.01261103167754909493   -0.21440150089858761584                          
op     18   26   64   73   26   18   64   73                        0.00121616381812346668                                                    
mvp2   64   73   68   74   64   68   74   73                        0.01039013224700530494    0.00959941895942749597                          
mvp2   13   26   65   74   26   13   65   74                        0.04219628881085227962   -0.93320870031011615708                          
a_ia   18   25                                                      0.00116466205090239548                                                    
mvp2   23   26   61   72   26   23   61   72                        0.00411313572773246844   -0.22513065908156987271                          
a_ia   23   26                                                     -0.01106706643215564848                                                    
mvp2   20   26   61   72   26   20   61   72                       -0.01198504855467607752    0.19617520395699211688                          
mvp2   16   25   67   73   25   16   67   73                       -0.04302539764550999263   -0.71939000260589047731                          
a_ia   20   26                                                      0.00509344143831649311                                                    
mvp2   17   25   66   73   25   17   66   73                       -0.00610493955296990271    0.15747218364044704431                          
mvp3   64   73   65   74   64   65   74   73   64   65   73   74    0.03191006502079882234    0.95704910980039181734    0.18829321640392993054
mvp2   18   25   64   73   25   18   64   73                        0.02513412685165005225    0.73342458224521456245                          
a_ia   66   67                                                      0.55821828563681874513                                                    
a_ia   64   73                                                     -0.00274391485641234216                                                    
mvp2   13   24   61   72   24   13   61   72                       -0.02778158259240472508    0.18777530735137060169                          
a_ia   64   65                                                     -0.14581284663310756233                                                    
a_ia   24   26                                                      0.48218196517404843249                                                    
mvp2   13   26   65   72   26   13   65   72                       -0.01460220870854568587    0.89106813160469466872                          
a_ia   21   23                                                     -0.34375741025601952439                                                    
mvp2   23   26   67   73   26   23   67   73                       -0.01964668315993442493   -0.41023128502001993123                          
a_ia   23   24                                                     -0.01224300636384846597                                                    
a_ia   67   73                                                     -0.00497070113973097777                                                    
mvp2   18   26   66   73   26   18   66   73                        0.00957777586897939036    0.43003254889550251994                          
mvp2   23   26   71   74   26   23   71   74                       -0.02094135559230765956    0.85437898958183666753                          
a_ia   73   74                                                     -0.08584459955198479875                                                    
a_ia   73   75                                                     -0.16937247727707333000                                                    
a_ia   74   88                                                      0.31227171393074065753                                                    
