op     23   24   71   72   24   23   71   72                       -0.07322132657160242142                                                    
a_ia   71   72                                                      0.00280175254358098601                                                    
op     16   25   17   26   16   17   26   25                        0.00049985367072168801                                                    
op     65   72   66   73   65   66   73   72                        0.03427610747456424217                                                    
a_ia   23   29                                                      0.00489112749735410354                                                    
op     19   25   67   73   25   19   67   73                       -0.07778253406218769983                                                    
a_ia   71   74                                                     -0.00488902226281078250                                                    
mvp2   13   26   67   73   26   13   67   73                       -0.04289415647081727678   -0.62081675160724958396                          
mvp2   16   25   65   72   25   16   65   72                       -0.00080039125658925658   -0.78795361842248390349                          
mvp2   19   25   65   73   25   19   65   73                        0.01922094716474277362   -0.15212120844736060077                          
mvp2   13   26   71   72   26   13   71   72                       -0.00415952730055047654   -0.08893330111083547207                          
mvp2   17   26   67   73   26   17   67   73                        0.03475558081219608242    0.63280534523470355346                          
a_ia   71   72                                                     -0.02106342587529743196                                                    
mvp2   19   25   61   74   25   19   61   74                       -0.02165901435958848473    0.52361436836569563713                          
mvp2   17   25   67   73   25   17   67   73                        0.02136765016503278450    0.34069027510727001307                          
mvp2   18   25   66   73   25   18   66   73                       -0.02400798468661699547   -0.41693534388528480372                          
a_ia   65   72                                                     -0.00119612261590066292                                                    
mvp2   17   25   65   73   25   17   65   73                       -0.01661447527349960152   -0.12840811388112524649                          
op     18   26   64   73   26   18   64   73                       -0.00957622443583220490                                                    
mvp2   64   73   68   74   64   68   74   73                        0.00699223695806270619   -0.06176324616331779066                          
mvp2   13   26   65   74   26   13   65   74                        0.01963544111107606155   -0.99952155895753813653                          
a_ia   18   25                                                      0.00044746794750240586                                                    
mvp2   23   26   61   72   26   23   61   72                        0.02532764326388650677   -0.00573560428899100565                          
a_ia   23   26                                                     -0.00437626575379821813                                                    
mvp2   20   26   61   72   26   20   61   72                       -0.02067285052325896003   -0.00115546795694058935                          
mvp2   16   25   67   73   25   16   67   73                       -0.04045596516208367632   -0.70626904241320753730                          
