op     23   24   71   72   24   23   71   72                       -0.07443470985818963215                                                    
a_ia   71   72                                                     -0.01701215753070991002                                                    
op     16   25   17   26   16   17   26   25                        0.02311214722154710660                                                    
op     65   72   66   73   65   66   73   72                        0.01785550871738824513                                                    
a_ia   23   29                                                      0.00474771015847422293                                                    
op     19   25   67   73   25   19   67   73                       -0.05286372257323900675                                                    
a_ia   71   74                                                     -0.00145678987217887058                                                    
mvp2   13   26   67   73   26   13   67   73                       -0.02419234452149252729   -0.28243854363096315696                          
mvp2   16   25   65   72   25   16   65   72                       -0.01971442656919927122    0.01292320311357410788                          
mvp2   19   25   65   73   25   19   65   73                        0.02312586829834187979    0.00253213286436159172                          
mvp2   13   26   71   72   26   13   71   72                        0.01611857530496750915   -0.13574560438378266425                          
mvp2   17   26   67   73   26   17   67   73                        0.03070132398818392616    0.00092548434480726593                          
