op     23   24   71   72   24   23   71   72                       -0.07309852457674846649                                                    
a_ia   71   72                                                      0.00358071007887293853                                                    
op     16   25   17   26   16   17   26   25                       -0.00771334159620351220                                                    
op     65   72   66   73   65   66   73   72                        0.03339852483578357317                                                    
a_ia   23   29                                                      0.00436825051352745554                                                    
op     19   25   67   73   25   19   67   73                       -0.07341844354858476085                                                    
a_ia   71   74                                                     -0.00565260297777116227                                                    
mvp2   13   26   67   73   26   13   67   73                       -0.03490550022625163451   -0.69353250587430848029                          
mvp2   16   25   65   72   25   16   65   72                       -0.02129360635913032929   -0.85895261513878140569                          
mvp2   19   25   65   73   25   19   65   73                        0.01939949909103985681   -0.08602796072378297854                          
mvp2   13   26   71   72   26   13   71   72                       -0.00268037350122058999   -0.00277187082611348584                          
mvp2   17   26   67   73   26   17   67   73                        0.02811586310498484162    0.58840734295073271465                          
a_ia   71   72                                                     -0.02477286822301256325                                                    
mvp2   19   25   61   74   25   19   61   74                       -0.02143885161695672018    0.59561179016350807025                          
mvp2   17   25   67   73   25   17   67   73                        0.02083964475941425809    0.28301252582693642301                          
mvp2   18   25   66   73   25   18   66   73                       -0.02368165265630272492   -0.30297651259799612822                          
a_ia   65   72                                                     -0.00074289975237094201                                                    
mvp2   17   25   65   73   25   17   65   73                       -0.01715360977606687418   -0.12739973040995267173                          
op     18   26   64   73   26   18   64   73                       -0.00975287697772092219                                                    
mvp2   64   73   68   74   64   68   74   73                        0.00699884515771935240   -0.04036871356625484908                          
mvp2   13   26   65   74   26   13   65   74                        0.02095205057433121784   -0.99011916072827421686                          
