op     23   24   71   72   24   23   71   72                       -0.07427801811753469152                                                    
a_ia   71   72                                                     -0.01765863099808093889                                                    
op     16   25   17   26   16   17   26   25                       -0.02551396577901892185                                                    
op     65   72   66   73   65   66   73   72                        0.00073806385502915128                                                    
a_ia   23   29                                                      0.00585903398903260542                                                    
op     19   25   67   73   25   19   67   73                       -0.10250052393753862623                                                    
a_ia   71   74                                                      0.00666746786559660378                                                    
mvp2   13   26   67   73   26   13   67   73                       -0.08010936199716658934   -0.69499425468752251689                          
mvp2   16   25   65   72   25   16   65   72                       -0.00376483018269747373   -1.10864144323188407171                          
mvp2   19   25   65   73   25   19   65   73                        0.01119111762707568347   -0.12909545668465841062                          
mvp2   13   26   71   72   26   13   71   72                        0.00793832695756158981   -0.09667417815232742795                          
mvp2   17   26   67   73   26   17   67   73                        0.05066453309621456180    0.42969865968337539464                          
a_ia   71   72                                                      0.00760401098875386310                                                    
mvp2   19   25   61   74   25   19   61   74                       -0.02008385589635370769    0.35514535965796484307                          
mvp2   17   25   67   73   25   17   67   73                        0.03218065980515904395    0.30439600211118478246                          
mvp2   18   25   66   73   25   18   66   73                       -0.00250997863416564573   -0.70645325751060972230                          
a_ia   65   72                                                     -0.00117638208784482312                                                    
mvp2   17   25   65   73   25   17   65   73                       -0.01262225042239662094   -0.21922948341873685352                          
op     18   26   64   73   26   18   64   73                        0.00215329973478495078                                                    
mvp2   64   73   68   74   64   68   74   73                        0.01082597667139695123    0.03130659189088737249                          
mvp2   13   26   65   74   26   13   65   74                        0.04235259869393312449   -0.93651094409343460523                          
a_ia   18   25                                                      0.00121173774741419873                                                    
mvp2   23   26   61   72   26   23   61   72                        0.00392274332429973921   -0.20359307591067421495                          
a_ia   23   26                                                     -0.01121690326421123478                                                    
mvp2   20   26   61   72   26   20   61   72                       -0.01208023421499261792    0.25966314993788286447                          
mvp2   16   25   67   73   25   16   67   73                       -0.04476302260861749621   -0.72384877487936760687                          
a_ia   20   26                                                      0.00505577924770866417                                                    
mvp2   17   25   66   73   25   17   66   73                       -0.00563942243143583308    0.15453059852449826939                          
mvp3   64   73   65   74   64   65   74   73   64   65   73   74    0.03205793996469932794    0.95374076361052040340    0.22476001518024665837
mvp2   18   25   64   73   25   18   64   73                        0.02564721082888663309    0.73663181902786489808                          
a_ia   66   67                                                      0.56326140485239295508                                                    
a_ia   64   73                                                     -0.00286273387443482111                                                    
mvp2   13   24   61   72   24   13   61   72                       -0.02782619140851348705    0.22737591243568081034                          
a_ia   64   65                                                     -0.14024542938789480440                                                    
a_ia   24   26                                                      0.48376799667812164785                                                    
mvp2   13   26   65   72   26   13   65   72                       -0.01444390535714197739    0.88036114520468500277                          
a_ia   21   23                                                     -0.34425329818276745319                                                    
mvp2   23   26   67   73   26   23   67   73                       -0.01954556299336420583   -0.41060918625438641572                          
a_ia   23   24                                                     -0.01212796536697258003                                                    
a_ia   67   73                                                     -0.00520100731259579268                                                    
mvp2   18   26   66   73   26   18   66   73                        0.01048422126078740226    0.42727840372318276474                          
mvp2   23   26   71   74   26   23   71   74                       -0.02108642760332520363    0.85542064178708132616                          
a_ia   73   74                                                     -0.10664472510999899180                                                    
a_ia   73   75                                                     -0.18010536372201446653                                                    
a_ia   74   88                                                      0.30607770565907560512                                                    
a_ia   25   27                                                     -0.18318479636524587217                                                    
