op     23   24   71   72   24   23   71   72                       -0.07451619180185069247                                                    
a_ia   71   72                                                     -0.01384038292334161674                                                    
op     16   25   17   26   16   17   26   25                       -0.00850675161044131718                                                    
op     65   72   66   73   65   66   73   72                        0.02936952612689417916                                                    
a_ia   23   29                                                      0.00458618087208750597                                                    
op     19   25   67   73   25   19   67   73                       -0.06681910875620947210                                                    
a_ia   71   74                                                     -0.00311295900422101611                                                    
mvp2   13   26   67   73   26   13   67   73                       -0.02324469235956066332   -0.52638027133270881563                          
mvp2   16   25   65   72   25   16   65   72                       -0.01981792407940489650   -0.59548621905831833345                          
mvp2   19   25   65   73   25   19   65   73                        0.02066465173466438751   -0.11240217014208177260                          
mvp2   13   26   71   72   26   13   71   72                        0.01593710563330637611   -0.09671038196296488643                          
mvp2   17   26   67   73   26   17   67   73                        0.02956280306999989338    0.68183246398849917114                          
a_ia   71   72                                                     -0.00594379121032730627                                                    
mvp2   19   25   61   74   25   19   61   74                       -0.01789325392115409877    0.51425132117890470784                          
mvp2   17   25   67   73   25   17   67   73                        0.02084919782106199951    0.35037877413842738461                          
mvp2   18   25   66   73   25   18   66   73                       -0.02245250306825898046   -0.00236448083809092172                          
