op     23   24   71   72   24   23   71   72                       -0.07451448059255073864                                                    
a_ia   71   72                                                     -0.01358158402928811605                                                    
op     16   25   17   26   16   17   26   25                       -0.00852750297163057565                                                    
op     65   72   66   73   65   66   73   72                        0.02979495585191660467                                                    
a_ia   23   29                                                      0.00458772935331620488                                                    
op     19   25   67   73   25   19   67   73                       -0.06686430371901223857                                                    
a_ia   71   74                                                     -0.00311259714427943339                                                    
mvp2   13   26   67   73   26   13   67   73                       -0.02333087965681844567   -0.52627032754475433496                          
mvp2   16   25   65   72   25   16   65   72                       -0.01980177092313262222   -0.59616338866893636705                          
mvp2   19   25   65   73   25   19   65   73                        0.02056887380225835837   -0.11229115398259115199                          
mvp2   13   26   71   72   26   13   71   72                        0.01593410448673989593   -0.09697903089122913989                          
mvp2   17   26   67   73   26   17   67   73                        0.02962053158038329206    0.68150256835126121757                          
a_ia   71   72                                                     -0.00622493183772338411                                                    
mvp2   19   25   61   74   25   19   61   74                       -0.01810466708235725086    0.51503292909745257422                          
mvp2   17   25   67   73   25   17   67   73                        0.02076332656530500628    0.35006071642358843610                          
mvp2   18   25   66   73   25   18   66   73                       -0.02240985013618523869   -0.00305855704406475049                          
a_ia   65   72                                                     -0.00227529071523686422                                                    
