op     23   24   71   72   24   23   71   72                       -0.07314668958296545453                                                    
a_ia   71   72                                                     -0.01186819251528941320                                                    
op     16   25   17   26   16   17   26   25                       -0.02662649903712710833                                                    
op     65   72   66   73   65   66   73   72                       -0.00068557395599809067                                                    
a_ia   23   29                                                      0.00587429571768775718                                                    
op     19   25   67   73   25   19   67   73                       -0.10285533460249421389                                                    
a_ia   71   74                                                      0.00708781344616436250                                                    
mvp2   13   26   67   73   26   13   67   73                       -0.08392247129028988784   -0.71278806988624598961                          
mvp2   16   25   65   72   25   16   65   72                       -0.00420407104464337860   -1.18029879520588143471                          
mvp2   19   25   65   73   25   19   65   73                        0.00933169498912019349   -0.11554547041831210452                          
mvp2   13   26   71   72   26   13   71   72                        0.00792171345916708319   -0.10219776638443094086                          
mvp2   17   26   67   73   26   17   67   73                        0.05060606757626543578    0.41984224814319343055                          
a_ia   71   72                                                      0.00228013088932875734                                                    
mvp2   19   25   61   74   25   19   61   74                       -0.01982627368058718226    0.35072815291431319595                          
mvp2   17   25   67   73   25   17   67   73                        0.03152632082799679963    0.29171883619624827677                          
mvp2   18   25   66   73   25   18   66   73                       -0.00311459806564882372   -0.74618726118240163991                          
a_ia   65   72                                                     -0.00261332849965213547                                                    
mvp2   17   25   65   73   25   17   65   73                       -0.01250854471487351793   -0.23918165217753226126                          
op     18   26   64   73   26   18   64   73                       -0.00000455889183302409                                                    
mvp2   64   73   68   74   64   68   74   73                       -0.00201417415311646404    0.10620615090982835071                          
mvp2   13   26   65   74   26   13   65   74                        0.04534298962792618348   -0.94889945088795046857                          
a_ia   18   25                                                      0.00141353444403046293                                                    
mvp2   23   26   61   72   26   23   61   72                        0.00469408851702406583   -0.04081264628595809157                          
a_ia   23   26                                                     -0.01155346807934226269                                                    
mvp2   20   26   61   72   26   20   61   72                       -0.01880621523610066445    0.68236924421815481345                          
mvp2   16   25   67   73   25   16   67   73                       -0.04402815675335939455   -0.71112742193867639617                          
a_ia   20   26                                                      0.00511352221767138928                                                    
mvp2   17   25   66   73   25   17   66   73                       -0.00484449596909540016    0.11961764521533602146                          
mvp3   64   73   65   74   64   65   74   73   64   65   73   74    0.03330085381365968655    0.90210596392565545187    0.49713682485925869692
mvp2   18   25   64   73   25   18   64   73                        0.02419901356361802910    0.76456172316222248408                          
a_ia   66   67                                                      0.58483364967197781770                                                    
a_ia   64   73                                                     -0.00333263411949316505                                                    
mvp2   13   24   61   72   24   13   61   72                       -0.02884247272218218999    0.60341304942957119106                          
a_ia   64   65                                                     -0.10591802010277645563                                                    
a_ia   24   26                                                      0.48586735914012729731                                                    
mvp2   13   26   65   72   26   13   65   72                       -0.01846484297368896493    0.90412815324137674189                          
a_ia   21   23                                                     -0.34680658850099133073                                                    
mvp2   23   26   67   73   26   23   67   73                       -0.01957044775620957536   -0.41706666728098418240                          
a_ia   23   24                                                     -0.01263205622092011815                                                    
a_ia   67   73                                                     -0.00523258665758690161                                                    
mvp2   18   26   66   73   26   18   66   73                        0.00871806580022466832    0.40180166064553490823                          
mvp2   23   26   71   74   26   23   71   74                       -0.02182014493950477918    0.86489843434210522677                          
a_ia   73   74                                                     -0.13310173074110526192                                                    
a_ia   73   75                                                     -0.19028522318737262076                                                    
a_ia   74   88                                                      0.31012384441446005923                                                    
a_ia   25   27                                                     -0.17924044325761778751                                                    
a_ia   65   68                                                      0.42838656836832111896                                                    
