op     23   24   71   72   24   23   71   72                       -0.07141178460292603447                                                    
a_ia   71   72                                                     -0.01360754635436363727                                                    
op     16   25   17   26   16   17   26   25                       -0.02769994109549438199                                                    
op     65   72   66   73   65   66   73   72                       -0.00016455928753710778                                                    
a_ia   23   29                                                      0.00580612023135552730                                                    
op     19   25   67   73   25   19   67   73                       -0.10270101644865536894                                                    
a_ia   71   74                                                      0.00526190720178619509                                                    
mvp2   13   26   67   73   26   13   67   73                       -0.08456826863010999396   -0.70629895412069487737                          
mvp2   16   25   65   72   25   16   65   72                       -0.00504826049890173042   -1.24220519754356129027                          
mvp2   19   25   65   73   25   19   65   73                        0.01086789583240949618   -0.13898496577929925211                          
mvp2   13   26   71   72   26   13   71   72                        0.00959367908807189779   -0.11250915038100872678                          
mvp2   17   26   67   73   26   17   67   73                        0.05151580057158305914    0.45416772584016790182                          
a_ia   71   72                                                      0.00571384228592592466                                                    
mvp2   19   25   61   74   25   19   61   74                       -0.01988491310270789833    0.36061500267731455560                          
mvp2   17   25   67   73   25   17   67   73                        0.03188929597463240062    0.28186505970881370331                          
mvp2   18   25   66   73   25   18   66   73                       -0.00315498424284129135   -0.90644331610368256147                          
a_ia   65   72                                                     -0.00463336429810114712                                                    
mvp2   17   25   65   73   25   17   65   73                       -0.01313337544982484846   -0.24790162229901804847                          
op     18   26   64   73   26   18   64   73                        0.00236609499968919558                                                    
mvp2   64   73   68   74   64   68   74   73                       -0.00200682382870369207    0.23125130643303559719                          
mvp2   13   26   65   74   26   13   65   74                        0.04702535992952796423   -0.92533335582701303768                          
a_ia   18   25                                                      0.00182661280852715042                                                    
mvp2   23   26   61   72   26   23   61   72                        0.00738547964645760308   -0.02484897159584401050                          
a_ia   23   26                                                     -0.00963213818216006844                                                    
mvp2   20   26   61   72   26   20   61   72                       -0.02186029066307625807    0.48315148103010607805                          
mvp2   16   25   67   73   25   16   67   73                       -0.04319313583319944749   -0.69383458612377024721                          
a_ia   20   26                                                      0.00422887291075542317                                                    
mvp2   17   25   66   73   25   17   66   73                       -0.00648447919031268274    0.14876370475620107059                          
mvp3   64   73   65   74   64   65   74   73   64   65   73   74    0.03381470196713668580    0.89388181339915806500    0.30368104301913095844
mvp2   18   25   64   73   25   18   64   73                        0.02425692045739459915    0.75098867778582978350                          
a_ia   66   67                                                      0.56532835169036521616                                                    
a_ia   64   73                                                     -0.00387335518132606678                                                    
mvp2   13   24   61   72   24   13   61   72                       -0.02850607322386653278    0.95421432996906263568                          
a_ia   64   65                                                     -0.10375048362333702534                                                    
a_ia   24   26                                                      0.46680006876032753560                                                    
mvp2   13   26   65   72   26   13   65   72                       -0.01872457962792703143    0.98154720764620617679                          
a_ia   21   23                                                     -0.36118266662550113644                                                    
mvp2   23   26   67   73   26   23   67   73                       -0.01953839700804749571   -0.44942297129702218905                          
a_ia   23   24                                                     -0.01346743440189629090                                                    
a_ia   67   73                                                     -0.00487680318576332560                                                    
mvp2   18   26   66   73   26   18   66   73                        0.01004508090548040730    0.43299072094369595032                          
mvp2   23   26   71   74   26   23   71   74                       -0.02118662515241877611    0.84192323793502799045                          
a_ia   73   74                                                     -0.09660420499548860729                                                    
a_ia   73   75                                                     -0.18208701134721910764                                                    
a_ia   74   88                                                      0.31515418723575744364                                                    
a_ia   25   27                                                     -0.18047986940321106286                                                    
a_ia   65   68                                                      0.42254250485441208207                                                    
a_ia   26   40                                                      0.28574585234833865810                                                    
a_ia   74   87                                                      0.16363508776756238716                                                    
