op     23   24   71   72   24   23   71   72                       -0.09499746418754778654                                                    
a_ia   71   72                                                      0.01306743198897398171                                                    
op     16   25   17   26   16   17   26   25                       -0.02638009058447730176                                                    
op     65   72   66   73   65   66   73   72                        0.00558495522596026261                                                    
a_ia   23   29                                                      0.00863004518083300247                                                    
op     19   25   67   73   25   19   67   73                       -0.10995155031174283500                                                    
a_ia   71   74                                                     -0.00282695648995829121                                                    
mvp2   13   26   67   73   26   13   67   73                       -0.08892380735630828203   -0.70637443654115816827                          
mvp2   16   25   65   72   25   16   65   72                       -0.00458228983816517856   -1.40269182758239319142                          
mvp2   19   25   65   73   25   19   65   73                        0.01010894538147482161   -0.16641863546123747408                          
mvp2   13   26   71   72   26   13   71   72                       -0.01521884797509032161    0.07687934263965544301                          
mvp2   17   26   67   73   26   17   67   73                        0.05683408611387057163    0.53308347050382420829                          
a_ia   71   72                                                     -0.00971911784364820966                                                    
mvp2   19   25   61   74   25   19   61   74                       -0.02589123942423213545    0.52991901273537800332                          
mvp2   17   25   67   73   25   17   67   73                        0.02319838819950357720    0.27173155865645143292                          
mvp2   18   25   66   73   25   18   66   73                       -0.02591174493973009627   -1.13890626335016920123                          
a_ia   65   72                                                      0.00706472049646903952                                                    
mvp2   17   25   65   73   25   17   65   73                       -0.01306367221085292032   -0.26392926555347151485                          
op     18   26   64   73   26   18   64   73                        0.00223389026299740650                                                    
mvp2   64   73   68   74   64   68   74   73                       -0.00046526029628520704   -0.05290092834829603768                          
mvp2   13   26   65   74   26   13   65   74                        0.05168081942737617895   -0.82439611974880222522                          
a_ia   18   25                                                     -0.00140257972930290641                                                    
mvp2   23   26   61   72   26   23   61   72                        0.00508996316420493727   -0.06490035873899442642                          
a_ia   23   26                                                     -0.00687871711577845660                                                    
mvp2   20   26   61   72   26   20   61   72                       -0.00202674222819731369   -0.04885850398398278172                          
mvp2   16   25   67   73   25   16   67   73                       -0.04491865137447269979   -0.62324804526505073188                          
a_ia   20   26                                                      0.00053402691536638778                                                    
mvp2   17   25   66   73   25   17   66   73                       -0.00118725016868932330    0.22123589482606653700                          
mvp3   64   73   65   74   64   65   74   73   64   65   73   74    0.02364565583863968354    0.81158620984493390349    0.35846117382776326865
mvp2   18   25   64   73   25   18   64   73                        0.02862455356548270977   -0.01960633385990927235                          
a_ia   66   67                                                      0.52087490618469711734                                                    
a_ia   64   73                                                     -0.00357433916404037173                                                    
mvp2   13   24   61   72   24   13   61   72                       -0.00660589053912900154    0.37801788357839283261                          
a_ia   64   65                                                     -0.17146151709987780820                                                    
a_ia   24   26                                                      0.51599575535589126130                                                    
mvp2   13   26   65   72   26   13   65   72                       -0.02301872723329920212    0.72781522424026146023                          
a_ia   21   23                                                     -0.41117458549022484204                                                    
mvp2   23   26   67   73   26   23   67   73                       -0.00316401701598592600   -0.06559014342331077885                          
a_ia   23   24                                                     -0.00203826969548325139                                                    
a_ia   67   73                                                     -0.00610768972589109151                                                    
mvp2   18   26   66   73   26   18   66   73                        0.00985248839661077326    0.34640115036133001247                          
mvp2   23   26   71   74   26   23   71   74                       -0.02332298334005143345    0.13360405424971733002                          
a_ia   73   74                                                     -0.07486512078398713244                                                    
a_ia   73   75                                                     -0.16554780985107550584                                                    
a_ia   74   88                                                      0.30913896406485485979                                                    
a_ia   25   27                                                     -0.16140963532224081312                                                    
a_ia   65   68                                                      0.36913024646995151734                                                    
a_ia   26   40                                                      0.28402200160733198642                                                    
a_ia   74   87                                                      0.16188524607471524441                                                    
mvp2   18   25   67   73   25   18   67   73                        0.04619826220415516188    0.63853874780485198048                          
a_ia   64   68                                                      0.14166168638414178282                                                    
a_ia   72   86                                                      0.18489972050203332121                                                    
a_ia   13   20                                                     -0.42243268166933761742                                                    
a_ia   13   23                                                      0.48567875211824379500                                                    
a_ia   61   71                                                      0.67303470686246380517                                                    
a_ia   13   23                                                      0.11565634147106018670                                                    
