op     23   24   71   72   24   23   71   72                       -0.09284128002919000977                                                    
a_ia   71   72                                                     -0.00962738887401051562                                                    
op     16   25   17   26   16   17   26   25                       -0.02663939210669285726                                                    
op     65   72   66   73   65   66   73   72                        0.00496198856014339485                                                    
a_ia   23   29                                                      0.00869976138872087003                                                    
op     19   25   67   73   25   19   67   73                       -0.11085596250116339090                                                    
a_ia   71   74                                                     -0.00251282102754795235                                                    
mvp2   13   26   67   73   26   13   67   73                       -0.09125188968586471494   -0.71172159449332494940                          
mvp2   16   25   65   72   25   16   65   72                       -0.00464039391991911705   -1.40764999969792170553                          
mvp2   19   25   65   73   25   19   65   73                        0.01017054743329435379   -0.16472459591303642568                          
mvp2   13   26   71   72   26   13   71   72                       -0.02203972336800313903    0.17965229311114405686                          
mvp2   17   26   67   73   26   17   67   73                        0.05754960933504139897    0.53969854258139460246                          
a_ia   71   72                                                      0.01694075648280549823                                                    
mvp2   19   25   61   74   25   19   61   74                       -0.02581933054925917778    0.54717374702445886747                          
mvp2   17   25   67   73   25   17   67   73                        0.02327873069824352992    0.26850708003718687378                          
mvp2   18   25   66   73   25   18   66   73                       -0.02612534934785532004   -0.91882009386188356892                          
a_ia   65   72                                                      0.00648363077408473359                                                    
mvp2   17   25   65   73   25   17   65   73                       -0.01310436684032157718   -0.27157083928965980446                          
op     18   26   64   73   26   18   64   73                        0.00287598505747740495                                                    
mvp2   64   73   68   74   64   68   74   73                       -0.00095356672910690038    0.05242900591187700521                          
mvp2   13   26   65   74   26   13   65   74                        0.05221660525549878806   -0.81202508520618599253                          
a_ia   18   25                                                     -0.00106156742979304363                                                    
mvp2   23   26   61   72   26   23   61   72                        0.00944953550858615432   -1.26904781651930709252                          
a_ia   23   26                                                     -0.00787844743303394227                                                    
mvp2   20   26   61   72   26   20   61   72                       -0.00082824494534233740   -0.68077436200744922967                          
mvp2   16   25   67   73   25   16   67   73                       -0.04487558287927431722   -0.60831280287773437099                          
a_ia   20   26                                                     -0.00057224254763235823                                                    
mvp2   17   25   66   73   25   17   66   73                       -0.00145699534328009163    0.23282435974680817936                          
mvp3   64   73   65   74   64   65   74   73   64   65   73   74    0.02437440274359038705    0.80897681426169543162    0.33611563647386433207
mvp2   18   25   64   73   25   18   64   73                        0.02828023055511274392    0.01096844446163223324                          
a_ia   66   67                                                      0.52431042023846541333                                                    
a_ia   64   73                                                     -0.00559173548486684418                                                    
mvp2   13   24   61   72   24   13   61   72                       -0.01423942270565438720    0.33167511584790410062                          
a_ia   64   65                                                     -0.17642153085465739348                                                    
a_ia   24   26                                                      0.54736361569851232911                                                    
mvp2   13   26   65   72   26   13   65   72                       -0.02292331999342024640    0.75212397036132705441                          
a_ia   21   23                                                     -0.38721262610198020626                                                    
mvp2   23   26   67   73   26   23   67   73                       -0.00712040112960054747   -0.14158187100948430026                          
a_ia   23   24                                                     -0.00383743459851778289                                                    
a_ia   67   73                                                     -0.00706686182839806696                                                    
mvp2   18   26   66   73   26   18   66   73                        0.01120383401323583362    0.40834047614292129369                          
mvp2   23   26   71   74   26   23   71   74                       -0.02767857281794785726   -0.04929940131808419751                          
a_ia   73   74                                                     -0.07251936841869807693                                                    
a_ia   73   75                                                     -0.16737181877992313161                                                    
a_ia   74   88                                                      0.30685506669935547208                                                    
a_ia   25   27                                                     -0.16604720315909413109                                                    
a_ia   65   68                                                      0.37547043736339974496                                                    
a_ia   26   40                                                      0.28522862228495016179                                                    
a_ia   74   87                                                      0.15948415411703462108                                                    
mvp2   18   25   67   73   25   18   67   73                        0.04496857989078844459    0.60753414432635632902                          
a_ia   64   68                                                      0.15015993025081697532                                                    
a_ia   72   86                                                      0.18173730349219102687                                                    
a_ia   13   20                                                     -0.89125270630274555650                                                    
a_ia   13   23                                                      0.45893535433424786918                                                    
a_ia   61   71                                                      0.81774898868802525786                                                    
a_ia   13   23                                                      0.20715465705625940585                                                    
a_ia   13   20                                                      0.32182914325701317271                                                    
a_ia   18   21                                                      0.15617399153466859918                                                    
a_ia   13   20                                                      0.25209617942485462727                                                    
