op     23   24   71   72   24   23   71   72                       -0.07192862365265079161                                                    
a_ia   71   72                                                     -0.00387301816725928822                                                    
op     16   25   17   26   16   17   26   25                       -0.02686219024840907563                                                    
op     65   72   66   73   65   66   73   72                        0.00529917186834005793                                                    
a_ia   23   29                                                      0.00588451896304982222                                                    
op     19   25   67   73   25   19   67   73                       -0.10424788826299555278                                                    
a_ia   71   74                                                      0.00519633840591604817                                                    
mvp2   13   26   67   73   26   13   67   73                       -0.08834321700876583694   -0.67121777670655635717                          
mvp2   16   25   65   72   25   16   65   72                       -0.00348187868011627134   -1.32558009861763159698                          
mvp2   19   25   65   73   25   19   65   73                        0.00954743413759980356   -0.13773209810713119006                          
mvp2   13   26   71   72   26   13   71   72                        0.00902401640601901457   -0.12744150604433829299                          
mvp2   17   26   67   73   26   17   67   73                        0.05719932765014825587    0.47644217168146579811                          
a_ia   71   72                                                     -0.00666680504277408423                                                    
mvp2   19   25   61   74   25   19   61   74                       -0.02049135420277226061    0.37700031473685824412                          
mvp2   17   25   67   73   25   17   67   73                        0.02513114301673602391    0.27776871816656334424                          
mvp2   18   25   66   73   25   18   66   73                       -0.02538058103124059967   -1.49357661632867810830                          
a_ia   65   72                                                     -0.00312934983653564589                                                    
mvp2   17   25   65   73   25   17   65   73                       -0.01307582842559369858   -0.25781388340427857653                          
op     18   26   64   73   26   18   64   73                        0.00419338782294542689                                                    
mvp2   64   73   68   74   64   68   74   73                       -0.00142086017396615954    0.21679155888110659967                          
mvp2   13   26   65   74   26   13   65   74                        0.04160558797144832399   -0.91074179658385445713                          
a_ia   18   25                                                     -0.00073665118658908528                                                    
mvp2   23   26   61   72   26   23   61   72                        0.00740885482200125990    0.06823181249877016685                          
a_ia   23   26                                                     -0.00872608016542362856                                                    
mvp2   20   26   61   72   26   20   61   72                       -0.02153737910438172087    0.44915183188371349265                          
mvp2   16   25   67   73   25   16   67   73                       -0.04799874700044307052   -0.62544596630160065320                          
a_ia   20   26                                                      0.00403971844386865567                                                    
mvp2   17   25   66   73   25   17   66   73                       -0.00117106169273299720    0.22203954617948545858                          
mvp3   64   73   65   74   64   65   74   73   64   65   73   74    0.02445325552620866011    0.87282896092720574366    0.33522505659525092536
mvp2   18   25   64   73   25   18   64   73                        0.02928166671964501852    0.01738995423355723866                          
a_ia   66   67                                                      0.48559326920687145845                                                    
a_ia   64   73                                                     -0.00410472930393327145                                                    
mvp2   13   24   61   72   24   13   61   72                       -0.02956437026076718863    0.95203431499169755003                          
a_ia   64   65                                                     -0.19061184155035248988                                                    
a_ia   24   26                                                      0.47573301852975558024                                                    
mvp2   13   26   65   72   26   13   65   72                       -0.01885562501274063232    0.98016342599896644217                          
a_ia   21   23                                                     -0.36105391748817172726                                                    
mvp2   23   26   67   73   26   23   67   73                       -0.02420425716617376904   -0.41450904418926698414                          
a_ia   23   24                                                     -0.01239937495698770556                                                    
a_ia   67   73                                                     -0.00660562016497169124                                                    
mvp2   18   26   66   73   26   18   66   73                        0.00993021451515647621    0.34161163799150473519                          
mvp2   23   26   71   74   26   23   71   74                       -0.02166720022268462872    0.84943441291764509860                          
a_ia   73   74                                                     -0.06838945597181977920                                                    
a_ia   73   75                                                     -0.16375470300247318978                                                    
a_ia   74   88                                                      0.31501170766349984032                                                    
a_ia   25   27                                                     -0.16109437511584015490                                                    
a_ia   65   68                                                      0.41791801906187259208                                                    
a_ia   26   40                                                      0.29148830191072711004                                                    
a_ia   74   87                                                      0.16406654878122736707                                                    
mvp2   18   25   67   73   25   18   67   73                        0.04351045094824490533    0.64122364147382771016                          
a_ia   64   68                                                      0.15918182245684756038                                                    
a_ia   72   86                                                      0.16966792474361774845                                                    
