op     23   24   71   72   24   23   71   72                       -0.07387409322652356558                                                    
a_ia   71   72                                                      0.00298405820647136945                                                    
op     16   25   17   26   16   17   26   25                       -0.00312973544145596664                                                    
op     65   72   66   73   65   66   73   72                        0.03436394791298760798                                                    
a_ia   23   29                                                      0.00491106841647200639                                                    
op     19   25   67   73   25   19   67   73                       -0.07759816442655335933                                                    
a_ia   71   74                                                     -0.00526479268678191337                                                    
mvp2   13   26   67   73   26   13   67   73                       -0.04349815427572176207   -0.67040943986189271975                          
mvp2   16   25   65   72   25   16   65   72                        0.00025852001230145622   -0.80697451180402746118                          
mvp2   19   25   65   73   25   19   65   73                        0.01806481155633104380   -0.12969497859685044650                          
mvp2   13   26   71   72   26   13   71   72                       -0.00446203294449906175   -0.02648755031273472560                          
mvp2   17   26   67   73   26   17   67   73                        0.03419334407914007001    0.54467318771158024227                          
a_ia   71   72                                                     -0.02139450037393933468                                                    
mvp2   19   25   61   74   25   19   61   74                       -0.02215820847245769318    0.61619149984504340001                          
mvp2   17   25   67   73   25   17   67   73                        0.02341220709076406725    0.31678352660598002588                          
mvp2   18   25   66   73   25   18   66   73                       -0.02350750204448429775   -0.46185167648345570868                          
a_ia   65   72                                                     -0.00049918846098853968                                                    
mvp2   17   25   65   73   25   17   65   73                       -0.01643656172859489159   -0.13209984098426288956                          
op     18   26   64   73   26   18   64   73                       -0.00937772274752338326                                                    
mvp2   64   73   68   74   64   68   74   73                        0.00711720331102994562   -0.07199386051307751777                          
mvp2   13   26   65   74   26   13   65   74                        0.02052181199896777400   -1.01257565954373141004                          
a_ia   18   25                                                      0.00011193425868658637                                                    
mvp2   23   26   61   72   26   23   61   72                        0.02527726463772639320   -0.04114119446064147534                          
a_ia   23   26                                                     -0.00403887110906701440                                                    
mvp2   20   26   61   72   26   20   61   72                       -0.02092166813141240270    0.00170664319754912299                          
mvp2   16   25   67   73   25   16   67   73                       -0.03915229679756074277   -0.73529027163466786909                          
a_ia   20   26                                                      0.00456420856891318408                                                    
mvp2   17   25   66   73   25   17   66   73                       -0.01300902606650544691    0.10001974272419528189                          
