op     23   24   71   72   24   23   71   72                       -0.07130659731424016101                                                    
a_ia   71   72                                                     -0.00473790259483281712                                                    
op     16   25   17   26   16   17   26   25                       -0.02638803131355662440                                                    
op     65   72   66   73   65   66   73   72                        0.00554233003088004921                                                    
a_ia   23   29                                                      0.00577757880173174806                                                    
op     19   25   67   73   25   19   67   73                       -0.10435151732799055613                                                    
a_ia   71   74                                                      0.00539655433974965681                                                    
mvp2   13   26   67   73   26   13   67   73                       -0.08796119731213430937   -0.66904168198027513803                          
mvp2   16   25   65   72   25   16   65   72                       -0.00351473183550252014   -1.33128883523060714822                          
mvp2   19   25   65   73   25   19   65   73                        0.00958961388682930821   -0.13129764717918018802                          
mvp2   13   26   71   72   26   13   71   72                        0.00812169551489332585   -0.12618979316980716288                          
mvp2   17   26   67   73   26   17   67   73                        0.05741799066525353490    0.47880489770241557723                          
a_ia   71   72                                                     -0.00451451988565335690                                                    
mvp2   19   25   61   74   25   19   61   74                       -0.02054143624407631791    0.37786212639964816828                          
mvp2   17   25   67   73   25   17   67   73                        0.02535263990948656565    0.27895209065515713664                          
mvp2   18   25   66   73   25   18   66   73                       -0.02528542756289652027   -1.49277183100102606161                          
a_ia   65   72                                                     -0.00396665708785772127                                                    
mvp2   17   25   65   73   25   17   65   73                       -0.01313495227805031376   -0.24923513896328830519                          
op     18   26   64   73   26   18   64   73                        0.00426544854771987014                                                    
mvp2   64   73   68   74   64   68   74   73                       -0.00189843628400267910    0.25132132348838887026                          
mvp2   13   26   65   74   26   13   65   74                        0.04166435316847757336   -0.91437337291091491664                          
a_ia   18   25                                                     -0.00082616951836302554                                                    
mvp2   23   26   61   72   26   23   61   72                        0.00570071282744162838    0.06998880715889622961                          
a_ia   23   26                                                     -0.00879910169321052212                                                    
mvp2   20   26   61   72   26   20   61   72                       -0.02089011063495023121    0.43360552532044227547                          
mvp2   16   25   67   73   25   16   67   73                       -0.04820618405889837144   -0.62962630894805815540                          
a_ia   20   26                                                      0.00397935903935035806                                                    
mvp2   17   25   66   73   25   17   66   73                       -0.00125934043477970645    0.23008543261033873040                          
mvp3   64   73   65   74   64   65   74   73   64   65   73   74    0.02439785703630481875    0.87466132160976250987    0.31322753234434391745
mvp2   18   25   64   73   25   18   64   73                        0.02942507917241644205    0.02183453310090461771                          
a_ia   66   67                                                      0.48290225299388456204                                                    
a_ia   64   73                                                     -0.00404466586346029309                                                    
mvp2   13   24   61   72   24   13   61   72                       -0.02860551298398267273    0.95582488093137152330                          
a_ia   64   65                                                     -0.19071467548542325732                                                    
a_ia   24   26                                                      0.47979478425613264481                                                    
mvp2   13   26   65   72   26   13   65   72                       -0.01833739152474892289    0.96168844562621980110                          
a_ia   21   23                                                     -0.35165719986149895915                                                    
mvp2   23   26   67   73   26   23   67   73                       -0.02422434570157297809   -0.41538246018722863040                          
a_ia   23   24                                                     -0.01322844323501780849                                                    
a_ia   67   73                                                     -0.00653828845425664506                                                    
mvp2   18   26   66   73   26   18   66   73                        0.01007326487386457116    0.33767499860638261477                          
mvp2   23   26   71   74   26   23   71   74                       -0.02175039386605433916    0.85038460174850671880                          
a_ia   73   74                                                     -0.07060903441284195614                                                    
a_ia   73   75                                                     -0.16159102849121267931                                                    
a_ia   74   88                                                      0.31317148490346891077                                                    
a_ia   25   27                                                     -0.15838139904628928400                                                    
a_ia   65   68                                                      0.41532178187881813036                                                    
a_ia   26   40                                                      0.28931999769636790321                                                    
a_ia   74   87                                                      0.16505057448790383390                                                    
mvp2   18   25   67   73   25   18   67   73                        0.04354816407180227278    0.64087241179357024023                          
a_ia   64   68                                                      0.16149602818630381940                                                    
