op     23   24   71   72   24   23   71   72                       -0.07464720566033891669                                                    
a_ia   71   72                                                     -0.01944592537843845698                                                    
op     16   25   17   26   16   17   26   25                       -0.02546638255051093813                                                    
op     65   72   66   73   65   66   73   72                        0.00096030294677999393                                                    
a_ia   23   29                                                      0.00601718467724549500                                                    
op     19   25   67   73   25   19   67   73                       -0.09891060206764207274                                                    
a_ia   71   74                                                      0.00562287605361337130                                                    
mvp2   13   26   67   73   26   13   67   73                       -0.07771285840773187181   -0.69742769665712922578                          
mvp2   16   25   65   72   25   16   65   72                       -0.00389826113558260252   -1.01929095206012365615                          
mvp2   19   25   65   73   25   19   65   73                        0.01140581949049031089   -0.13485019409835213855                          
mvp2   13   26   71   72   26   13   71   72                        0.00709195606703507796   -0.09716437692889313971                          
mvp2   17   26   67   73   26   17   67   73                        0.04980541005442414709    0.45333878952068351609                          
a_ia   71   72                                                      0.00954921080878534147                                                    
mvp2   19   25   61   74   25   19   61   74                       -0.01855798758641350951    0.33728485113919243199                          
mvp2   17   25   67   73   25   17   67   73                        0.03214451216576004466    0.30373187298866805017                          
mvp2   18   25   66   73   25   18   66   73                       -0.00362047512489142766   -0.63635882526475096022                          
a_ia   65   72                                                     -0.00139733222427770366                                                    
mvp2   17   25   65   73   25   17   65   73                       -0.01328766062946731656   -0.17765158398189104250                          
op     18   26   64   73   26   18   64   73                       -0.00145285438535598687                                                    
mvp2   64   73   68   74   64   68   74   73                        0.00950191967053916342    0.04295930931336382902                          
mvp2   13   26   65   74   26   13   65   74                        0.04166423068579401534   -0.93239070116348599093                          
a_ia   18   25                                                     -0.00009502445893317584                                                    
mvp2   23   26   61   72   26   23   61   72                        0.00496689492852539754   -0.25829464799207924042                          
a_ia   23   26                                                     -0.01197715721301311105                                                    
mvp2   20   26   61   72   26   20   61   72                       -0.01186724058602489293    0.08173175882639950596                          
mvp2   16   25   67   73   25   16   67   73                       -0.04106303216844330028   -0.75909768417531042761                          
a_ia   20   26                                                      0.00495937853344190736                                                    
mvp2   17   25   66   73   25   17   66   73                       -0.00683022668850539940    0.16665473310239486970                          
mvp3   64   73   65   74   64   65   74   73   64   65   73   74    0.03000494671893231408    0.95611261029895233676    0.17873776457312326449
mvp2   18   25   64   73   25   18   64   73                        0.02576585232649455243    0.73707132583858392394                          
a_ia   66   67                                                      0.55290493843937293938                                                    
a_ia   64   73                                                     -0.00152696243659747213                                                    
mvp2   13   24   61   72   24   13   61   72                       -0.02746381205411909873    0.18043659522835678310                          
a_ia   64   65                                                     -0.18612801214611635059                                                    
a_ia   24   26                                                      0.48830532034169976674                                                    
mvp2   13   26   65   72   26   13   65   72                       -0.01455329842620804899    0.89662356835185930137                          
a_ia   21   23                                                     -0.35825089307491470025                                                    
mvp2   23   26   67   73   26   23   67   73                       -0.01945666405117699171   -0.37967656095084939549                          
a_ia   23   24                                                     -0.01226093177575901527                                                    
a_ia   67   73                                                     -0.00500269941257892349                                                    
mvp2   18   26   66   73   26   18   66   73                        0.00972891087463268953    0.45999650997791408091                          
mvp2   23   26   71   74   26   23   71   74                       -0.02227023457441431806    0.85040171870680203448                          
