op     23   24   71   72   24   23   71   72                       -0.08486779360708458786                                                    
a_ia   71   72                                                      0.01015811336263637045                                                    
op     16   25   17   26   16   17   26   25                       -0.02715763116235263980                                                    
op     65   72   66   73   65   66   73   72                        0.00577502284039326571                                                    
a_ia   23   29                                                      0.00738423121092434982                                                    
op     19   25   67   73   25   19   67   73                       -0.10472598454429520032                                                    
a_ia   71   74                                                      0.00578763713454299219                                                    
mvp2   13   26   67   73   26   13   67   73                       -0.08989171135123082135   -0.71133253450137012841                          
mvp2   16   25   65   72   25   16   65   72                       -0.00408278124335568343   -1.36370460473565779935                          
mvp2   19   25   65   73   25   19   65   73                        0.00994661612493408752   -0.16676113401052719554                          
mvp2   13   26   71   72   26   13   71   72                        0.01512046895437602588   -0.09911811750122451192                          
mvp2   17   26   67   73   26   17   67   73                        0.05805787364088570851    0.50351309756684670127                          
a_ia   71   72                                                     -0.02162252594218672455                                                    
mvp2   19   25   61   74   25   19   61   74                       -0.02027051867918495259    0.39299977374080724557                          
mvp2   17   25   67   73   25   17   67   73                        0.02420710687862965421    0.27282426849029328686                          
mvp2   18   25   66   73   25   18   66   73                       -0.02483127403626497406   -1.38451613606749290852                          
a_ia   65   72                                                      0.00306217917220928410                                                    
mvp2   17   25   65   73   25   17   65   73                       -0.01305335542295585523   -0.25571288911877443351                          
op     18   26   64   73   26   18   64   73                        0.00365901417320624051                                                    
mvp2   64   73   68   74   64   68   74   73                       -0.00087719960922846005   -0.06130426121689713792                          
mvp2   13   26   65   74   26   13   65   74                        0.05064192990052727994   -0.82652241225341516184                          
a_ia   18   25                                                     -0.00139413518808400487                                                    
mvp2   23   26   61   72   26   23   61   72                       -0.00300288657219630658   -0.04330948390325130987                          
a_ia   23   26                                                     -0.00815168492372383632                                                    
mvp2   20   26   61   72   26   20   61   72                       -0.00801905160951436879    0.37878972047253262057                          
mvp2   16   25   67   73   25   16   67   73                       -0.04717906720363378159   -0.62353126196328267916                          
a_ia   20   26                                                      0.00153064342198259420                                                    
mvp2   17   25   66   73   25   17   66   73                       -0.00098341603670234687    0.22519056757710556593                          
mvp3   64   73   65   74   64   65   74   73   64   65   73   74    0.02404649126029421297    0.81483864691128804481    0.37222267541514009181
mvp2   18   25   64   73   25   18   64   73                        0.02921091363193824980   -0.02334740276434509390                          
a_ia   66   67                                                      0.50407524058466612882                                                    
a_ia   64   73                                                     -0.00500740929090129610                                                    
mvp2   13   24   61   72   24   13   61   72                       -0.00954153454953125119    1.15335138830264116727                          
a_ia   64   65                                                     -0.17683978569849748141                                                    
a_ia   24   26                                                      0.50412532550530997355                                                    
mvp2   13   26   65   72   26   13   65   72                       -0.02223073800857557417    0.76558167960753098491                          
a_ia   21   23                                                     -0.31799704325306804575                                                    
mvp2   23   26   67   73   26   23   67   73                       -0.01940771702309786531   -0.29055172076983121210                          
a_ia   23   24                                                     -0.01088164791911002197                                                    
a_ia   67   73                                                     -0.00671805481910348577                                                    
mvp2   18   26   66   73   26   18   66   73                        0.00994842325981865755    0.34145914504820989999                          
mvp2   23   26   71   74   26   23   71   74                       -0.02052443804213980108    1.03833146813143173404                          
a_ia   73   74                                                     -0.07902578049433441054                                                    
a_ia   73   75                                                     -0.16435840081237049204                                                    
a_ia   74   88                                                      0.31920769739982235436                                                    
a_ia   25   27                                                     -0.16040916318227702031                                                    
a_ia   65   68                                                      0.38680863668459508631                                                    
a_ia   26   40                                                      0.29430395961750155376                                                    
a_ia   74   87                                                      0.16763567529830428193                                                    
mvp2   18   25   67   73   25   18   67   73                        0.04481357508075903967    0.64420492744038682087                          
a_ia   64   68                                                      0.15932700175248662444                                                    
a_ia   72   86                                                      0.17493331398009068223                                                    
a_ia   13   20                                                     -0.40731596325464991537                                                    
a_ia   13   23                                                      0.35177861354214501333                                                    
