9.999995885761074899e-01
9.999970012903570682e-01
9.999904229524784194e-01
9.999889256839020746e-01
9.967110063528994424e-01
9.960315240035277906e-01
9.954173873186041854e-01
9.942368806374809465e-01
9.950774637399740774e-01
9.936782674723365627e-01
9.946912239057041916e-01
9.933895583539773533e-01
9.939294120990174175e-01
9.915160850974336082e-01
9.927592898856402170e-01
9.943302517592138567e-01
9.981122528454093867e-01
9.921691342992123852e-01
9.958343666108286918e-01
9.922542794663485877e-01
9.954943407207349493e-01
9.930228393809905629e-01
9.356942634911262491e-03
9.816464388901994381e-03
9.667988953105721706e-03
6.927031394763204925e-03
5.456053199385569458e-03
5.386601817560524898e-03
5.986262821209412111e-03
4.173865524776665392e-03
2.523724198834355423e-03
2.412981508108782286e-03
4.345445894186629118e-03
5.461932412236967724e-03
2.170855086528495487e-03
4.230490779258114578e-03
3.375760159456246169e-03
1.397640224928737435e-03
2.392302214535747904e-03
3.975069783245173925e-03
2.107644666571511192e-03
4.649089431443576524e-03
2.415865936419385289e-03
3.138484513276690660e-03
