-2.617604917196811130e+02
-2.617658479717803743e+02
-2.617730109577216808e+02
-2.617778500669937785e+02
-2.617837384976479029e+02
-2.617872784017457093e+02
-2.617907716777453970e+02
-2.617944805671601216e+02
-2.617957143881671982e+02
-2.617977358259856260e+02
-2.618004146216013055e+02
-2.618055411176219991e+02
-2.618117380616681089e+02
-2.618151434895181069e+02
-2.618173444004038970e+02
-2.618202639292322260e+02
-2.618205323418475245e+02
-2.618256488682164900e+02
-2.618283481894023907e+02
-2.618317414711505080e+02
-2.618353661964458183e+02
-2.618376385501152868e+02
-2.618413799039693117e+02
-2.618414596117266910e+02
-2.618427167604629062e+02
-2.618462440722323095e+02
-2.618485127761388185e+02
-2.618492199692411191e+02
-2.618496104656102261e+02
-2.618507675197056983e+02
-2.618508781277819821e+02
-2.618529310002484181e+02
-2.618534070926589266e+02
-2.618537065843245841e+02
-2.618540182973516721e+02
-2.618546626400503783e+02
-2.618557558798083278e+02
-2.618558002889826071e+02
-2.618561151922435783e+02
-2.618565963063970798e+02
-2.618580777868796190e+02
-2.618591285814461003e+02
-2.618617620124613268e+02
-2.618618479598146109e+02
-2.618634645694149867e+02
-2.618635944369011099e+02
-2.618684697593852775e+02
-2.618719830448371226e+02
-2.618739623263517160e+02
-2.618741308390414133e+02
-2.618750058474174125e+02
-2.618783372827987250e+02
-2.618797415260481216e+02
-2.618797887742010744e+02
-2.618806436311646166e+02
-2.618815485308148254e+02
-2.618820094409687158e+02
-2.618827355403013826e+02
-2.618828164655466253e+02
-2.618829005206443981e+02
-2.618833041473608887e+02
-2.618842186122844851e+02
-2.618842634855234905e+02
-2.618854194410449736e+02
-2.618855442715980075e+02
-2.618855781630754223e+02
-2.618869111028848806e+02
-2.618869427156021743e+02
-2.618869770840482261e+02
-2.618870524446352874e+02
-2.618882644858118169e+02
-2.618884333992896813e+02
-2.618912581168982001e+02
-2.618913423671514238e+02
-2.618913492096206141e+02
-2.618915439185082050e+02
-2.618916250542948774e+02
-2.618938001293809066e+02
-2.618939447932493181e+02
-2.618939956586099242e+02
-2.618940298856359732e+02
-2.618952813692072823e+02
-2.618954239434016813e+02
-2.618963394095600279e+02
-2.618963967944565070e+02
-2.618988511281015121e+02
-2.618996694636443863e+02
-2.618997334193555844e+02
-2.618997722706163813e+02
-2.618999237209351918e+02
-2.619000413846114839e+02
-2.619000862941704781e+02
-2.619001088619043003e+02
-2.619001367335404780e+02
-2.619001578387342875e+02
-2.619004861477607164e+02
-2.619007040252699881e+02
-2.619007994463345881e+02
-2.619011797840828990e+02
-2.619012306285978866e+02
-2.619012892449749188e+02
-2.619012930803617110e+02
-2.619013019267476921e+02
-2.619014798256142171e+02
-2.619014987727704806e+02
-2.619015190728832181e+02
-2.619015508712847122e+02
-2.619015546645990185e+02
-2.619020833413827063e+02
-2.619021723584908727e+02
-2.619042938820351196e+02
-2.619043121111199071e+02
-2.619043801113217000e+02
-2.619044052863919205e+02
-2.619044093296571987e+02
-2.619045387939543730e+02
-2.619045627294580072e+02
-2.619046090556822151e+02
-2.619046298482252837e+02
-2.619046934670827227e+02
-2.619049308466148887e+02
-2.619058327783122877e+02
-2.619058751121842192e+02
-2.619058983800409806e+02
-2.619059257519111270e+02
-2.619059698717455831e+02
-2.619059726908433845e+02
-2.619059895676259089e+02
-2.619060465637542165e+02
-2.619061377807229860e+02
-2.619063512174255948e+02
-2.619063512624051100e+02
-2.619064813484134220e+02
-2.619064959614161126e+02
-2.619067675155557140e+02
-2.619067776359319168e+02
-2.619068008873795748e+02
-2.619068337872523102e+02
-2.619069356443454808e+02
-2.619069580012152869e+02
-2.619069803713726969e+02
-2.619069924062570749e+02
-2.619069950284239212e+02
-2.619070403245924012e+02
-2.619070748132062931e+02
-2.619070941819289828e+02
-2.619071035463331896e+02
-2.619071237609970808e+02
-2.619071753225140924e+02
-2.619071785367353868e+02
-2.619071918633046039e+02
-2.619071999686943855e+02
-2.619073490513516163e+02
-2.619073804140307971e+02
-2.619073885940904916e+02
-2.619074090435407243e+02
-2.619074107918207233e+02
-2.619085022190902237e+02
-2.619085092646204203e+02
-2.619085162370507192e+02
-2.619085187322368142e+02
-2.619086491641767793e+02
-2.619089459465818095e+02
-2.619089715565771144e+02
-2.619090012365534790e+02
-2.619090363112513273e+02
-2.619092197370712825e+02
-2.619092419209445097e+02
-2.619092638209721144e+02
-2.619092706366001835e+02
-2.619092737154247743e+02
-2.619093281053721967e+02
-2.619098113184750218e+02
-2.619098329103205174e+02
-2.619098506289001875e+02
-2.619098513049166854e+02
-2.619098607407439090e+02
-2.619099058033604024e+02
-2.619099086263439062e+02
-2.619099284216922001e+02
-2.619099337257421780e+02
-2.619099360504720835e+02
-2.619099471713271896e+02
-2.619103107382280768e+02
-2.619103140563876195e+02
-2.619103459709530171e+02
-2.619103488729309106e+02
-2.619103771984197806e+02
-2.619103833240621952e+02
-2.619103892635818056e+02
-2.619104947482821899e+02
-2.619105062336404899e+02
-2.619105074044878165e+02
-2.619120740351858103e+02
-2.619120750434514093e+02
-2.619122998118228907e+02
-2.619123029956022037e+02
-2.619123420850090156e+02
-2.619123445671112904e+02
-2.619123446419945935e+02
-2.619123467008441821e+02
-2.619123554238602765e+02
-2.619123651214941901e+02
-2.619123670571946718e+02
-2.619123974384136204e+02
-2.619123986590140021e+02
-2.619124240107707919e+02
-2.619124397608837853e+02
-2.619124672192618846e+02
-2.619125006761345276e+02
-2.619125068039423923e+02
-2.619125112546370246e+02
-2.619125215357486809e+02
-2.619126644808159767e+02
-2.619127137961850167e+02
-2.619131855509264142e+02
-2.619132180266489058e+02
-2.619132211947953124e+02
-2.619132286299582120e+02
-2.619132451915402271e+02
-2.619132580838943909e+02
-2.619133016577766284e+02
-2.619133026498653862e+02
-2.619133052324010009e+02
-2.619133108299337778e+02
-2.619133756081538991e+02
-2.619134130703262144e+02
-2.619134134163663816e+02
-2.619134320789236767e+02
-2.619134405751171926e+02
-2.619134435421827902e+02
-2.619134611887914161e+02
-2.619134733013984260e+02
-2.619134756586327057e+02
-2.619134977337694750e+02
-2.619135223792968077e+02
-2.619136152437108080e+02
-2.619136154086796182e+02
-2.619136242827408978e+02
-2.619136282427388096e+02
-2.619136295181917831e+02
-2.619136710004232214e+02
-2.619136814540977980e+02
-2.619136817493363196e+02
-2.619136918288925244e+02
-2.619137135803578076e+02
-2.619138097314332185e+02
-2.619138447140264816e+02
-2.619138500682573749e+02
-2.619138674673189939e+02
-2.619138873457030172e+02
-2.619139263515879179e+02
-2.619139388263125738e+02
-2.619139973556091832e+02
-2.619140049939721280e+02
-2.619140106623476072e+02
-2.619140345938163819e+02
-2.619140364441461202e+02
-2.619141658450787986e+02
-2.619141748409953721e+02
-2.619141979336474719e+02
-2.619141987982694104e+02
-2.619142138331563956e+02
-2.619142312919419737e+02
-2.619142328904288206e+02
-2.619142414234669900e+02
-2.619142470356238164e+02
-2.619142554278121224e+02
-2.619142579906369974e+02
-2.619142846850621140e+02
-2.619142859594662127e+02
-2.619142902653950955e+02
-2.619143255347182730e+02
-2.619143261889619794e+02
-2.619143882225325797e+02
-2.619143933553464763e+02
-2.619144199740018735e+02
-2.619144214006456082e+02
-2.619144312953214921e+02
-2.619144433943571926e+02
-2.619145261332607220e+02
-2.619145272806596267e+02
-2.619145282258295993e+02
-2.619145323856636765e+02
-2.619145328701943072e+02
-2.619145436797981006e+02
-2.619145438882648023e+02
-2.619145655590701267e+02
-2.619146185898651993e+02
-2.619146286035984872e+02
-2.619146421629421866e+02
-2.619146511349337061e+02
-2.619146523826846078e+02
-2.619146676668269720e+02
-2.619147151484403935e+02
-2.619147733795240924e+02
-2.619147938086463228e+02
-2.619148008049829741e+02
-2.619148166399252204e+02
-2.619148263246999022e+02
-2.619150464728072052e+02
-2.619150503398427077e+02
-2.619150513424431779e+02
-2.619150688576635275e+02
-2.619150756588251170e+02
-2.619150792665720928e+02
-2.619150799962694123e+02
-2.619150836632791766e+02
-2.619150899403932726e+02
-2.619150909428856266e+02
-2.619150966595199748e+02
-2.619151420840915989e+02
-2.619151728913212196e+02
-2.619152494496905774e+02
-2.619152897186626205e+02
-2.619153076229276280e+02
-2.619153495112623204e+02
-2.619153552883566931e+02
-2.619153627072549284e+02
-2.619153633689056733e+02
-2.619153638378563187e+02
-2.619153694685729192e+02
-2.619153718669850264e+02
-2.619153756980447270e+02
-2.619154069902809852e+02
-2.619154097869546263e+02
-2.619154183538901748e+02
-2.619154368783471227e+02
-2.619154603635309968e+02
-2.619154616773964221e+02
-2.619154826373592755e+02
-2.619154832279559173e+02
-2.619155277120254937e+02
-2.619155834051462080e+02
-2.619155889070609078e+02
-2.619155889424370116e+02
-2.619155948979604887e+02
-2.619155957932882188e+02
-2.619156093480552840e+02
-2.619156153169997197e+02
-2.619156543486017767e+02
-2.619156691675709112e+02
-2.619156722433536970e+02
-2.619156952199799093e+02
-2.619156992209827877e+02
-2.619157283664752072e+02
-2.619157304486408862e+02
-2.619157426731479745e+02
-2.619157436766200249e+02
-2.619157825752498070e+02
-2.619157879508724136e+02
-2.619158356205805944e+02
-2.619158457446425814e+02
-2.619158585598602258e+02
-2.619159025301299835e+02
-2.619159032234218785e+02
-2.619159032667607789e+02
-2.619159318805909038e+02
-2.619160010392802747e+02
-2.619160161823448902e+02
-2.619160163234491279e+02
-2.619160179479563908e+02
-2.619160431660591826e+02
-2.619160664899313815e+02
-2.619160742189101825e+02
-2.619160746621113844e+02
-2.619160803267412234e+02
-2.619161329740991846e+02
-2.619161411954966070e+02
-2.619161427916268963e+02
-2.619161464592546054e+02
-2.619161491195289955e+02
-2.619161502121290823e+02
-2.619161658081778796e+02
-2.619161936229380103e+02
-2.619162265177425866e+02
-2.619163001617191071e+02
-2.619163332157380069e+02
-2.619163380445248777e+02
-2.619163390188630842e+02
-2.619163403103057135e+02
-2.619163409313285911e+02
-2.619164133955026728e+02
-2.619164136545257975e+02
-2.619164651001490824e+02
-2.619164942481635876e+02
-2.619165014574952011e+02
-2.619165033409049101e+02
-2.619165040609730113e+02
-2.619165043473748824e+02
-2.619165058697138875e+02
-2.619165108445392889e+02
-2.619165110176078883e+02
-2.619165593488775130e+02
-2.619165622767962986e+02
-2.619165803647413213e+02
-2.619165816221258751e+02
-2.619165922418205810e+02
-2.619165953674440743e+02
-2.619165959179874790e+02
-2.619166073905265080e+02
-2.619166102800850808e+02
-2.619166119775397874e+02
-2.619166121349896912e+02
-2.619166387012605810e+02
-2.619166456953316242e+02
-2.619166661300841952e+02
-2.619166677419186726e+02
-2.619166680826302809e+02
-2.619166780117491840e+02
-2.619166927747273235e+02
-2.619166951128428877e+02
-2.619166954191157970e+02
-2.619167405035807974e+02
-2.619167425185386833e+02
-2.619167438379129749e+02
-2.619167515052503177e+02
-2.619167556234555718e+02
-2.619167617470058076e+02
-2.619167618964395956e+02
-2.619167651929532212e+02
-2.619167680391701083e+02
-2.619167708879392080e+02
-2.619167745520103949e+02
-2.619167964287643144e+02
-2.619167964515092990e+02
-2.619168046938797829e+02
-2.619168250349499090e+02
-2.619168250062963921e+02
-2.619168260486299005e+02
-2.619169494393261175e+02
-2.619169640496825764e+02
-2.619169643850842135e+02
-2.619169646144400758e+02
-2.619169676138159844e+02
-2.619169676421523150e+02
-2.619169680115404049e+02
-2.619169685155159186e+02
-2.619169698781340117e+02
-2.619170388656360160e+02
-2.619170391563337148e+02
-2.619170393949260074e+02
-2.619170594691444762e+02
-2.619170596548822232e+02
-2.619170614762011269e+02
-2.619170719940739218e+02
-2.619170726043903983e+02
-2.619170727914597023e+02
-2.619170935407278193e+02
-2.619170938526846726e+02
-2.619170970242599878e+02
-2.619170973198673096e+02
-2.619170978451268752e+02
-2.619171338930950128e+02
-2.619171340176492890e+02
-2.619172693573599986e+02
-2.619172693550833060e+02
-2.619172696205642978e+02
-2.619172727260358897e+02
-2.619172729116261280e+02
-2.619173467071109940e+02
-2.619173473238918746e+02
-2.619174009630696105e+02
-2.619174052764939802e+02
-2.619174547397919923e+02
-2.619174555498727273e+02
-2.619174601635688191e+02
-2.619174611464907230e+02
-2.619174621171321178e+02
-2.619174635167398151e+02
-2.619174876903185805e+02
-2.619174881343092807e+02
-2.619174991582369785e+02
-2.619175404396074782e+02
-2.619175525062493080e+02
-2.619175527219754258e+02
-2.619175527934204979e+02
-2.619175538518530857e+02
-2.619176233572599131e+02
-2.619176672078165780e+02
-2.619176775270345843e+02
-2.619176848423152251e+02
-2.619176856000161138e+02
-2.619176862815947970e+02
-2.619176948421886095e+02
-2.619176949485682258e+02
-2.619176949897774875e+02
-2.619177007916611046e+02
-2.619177015638546777e+02
-2.619177103990791124e+02
-2.619177104700526115e+02
-2.619177111228697754e+02
-2.619177738779583819e+02
-2.619177749710369199e+02
-2.619178110420778012e+02
-2.619178334177594820e+02
-2.619178333873604174e+02
-2.619178339355966045e+02
-2.619178490629652174e+02
-2.619178492304616839e+02
-2.619178549916932752e+02
-2.619178667119796273e+02
-2.619178680445754139e+02
-2.619178689398615916e+02
-2.619178701966998801e+02
-2.619178738893343166e+02
-2.619178780468536729e+02
-2.619178783290581123e+02
-2.619178784696504749e+02
-2.619179762731869232e+02
-2.619179764722455843e+02
-2.619179779284767164e+02
-2.619179781288834761e+02
-2.619179967432141893e+02
-2.619179983788857839e+02
-2.619180202664929880e+02
-2.619180204831516221e+02
-2.619180320407243130e+02
-2.619180353027065848e+02
-2.619180358237612154e+02
-2.619180378421687010e+02
-2.619180420864672101e+02
-2.619180429967441910e+02
-2.619180442833546181e+02
-2.619180559044161782e+02
-2.619180655137183749e+02
-2.619180656945217152e+02
-2.619180795595520976e+02
-2.619180845375670970e+02
-2.619181457113230067e+02
-2.619181485404525915e+02
-2.619181839504748837e+02
-2.619181840005534809e+02
-2.619182153870146976e+02
-2.619182193526538072e+02
-2.619182199457383717e+02
-2.619182283345936071e+02
-2.619182290904225852e+02
-2.619182293255344121e+02
-2.619182296951511262e+02
-2.619182307139722070e+02
-2.619182373399260086e+02
-2.619182376515806254e+02
-2.619182829079300063e+02
-2.619182029821175206e+02
-2.619181344769201019e+02
-2.619180777615840157e+02
-2.619180231889213815e+02
-2.619179664209552243e+02
-2.619179175490991724e+02
-2.619178552872975274e+02
-2.619177944695434803e+02
-2.619177906909134776e+02
-2.619177327215318769e+02
-2.619176914339756195e+02
-2.619176540651296250e+02
-2.619176181507464776e+02
-2.619176707302294176e+02
-2.619176549174521256e+02
-2.619176241293080807e+02
-2.619176247227242129e+02
-2.619176064843501877e+02
-2.619175671912366852e+02
-2.619175673896713761e+02
-2.619175490143239813e+02
-2.619175892899351084e+02
-2.619176083158707797e+02
-2.619176188007884889e+02
-2.619176255735109180e+02
-2.619176405872881901e+02
-2.619176596257192955e+02
-2.619177229060604191e+02
-2.619177314440888154e+02
-2.619177532147356260e+02
-2.619177617249687842e+02
-2.619177669783186957e+02
-2.619177780864786200e+02
-2.619177845767706003e+02
-2.619177918913018743e+02
-2.619177985048490882e+02
-2.619178060594973090e+02
-2.619178112201295221e+02
-2.619178221919714247e+02
-2.619178285579508838e+02
-2.619178341701742170e+02
-2.619178512335610094e+02
-2.619178563254296819e+02
-2.619178642931485115e+02
-2.619178701768158248e+02
-2.619178786344169225e+02
-2.619178819856441010e+02
-2.619178858961229821e+02
-2.619178900427078815e+02
-2.619179858068520730e+02
-2.619179888834029271e+02
-2.619179924754400872e+02
-2.619180009567892853e+02
-2.619180040638146920e+02
-2.619180104946374854e+02
-2.619180146775710796e+02
-2.619180156251196081e+02
-2.619180297043395171e+02
-2.619180378493301760e+02
-2.619181428685678270e+02
-2.619181469358211984e+02
-2.619181534978678769e+02
-2.619181592358145281e+02
-2.619181639702418920e+02
-2.619181654152632746e+02
-2.619181769944822236e+02
-2.619181809513914914e+02
-2.619183104991270170e+02
-2.619183166865257135e+02
-2.619183199385655030e+02
-2.619183242041307835e+02
-2.619183334388047797e+02
-2.619183771436830739e+02
-2.619183840567704920e+02
-2.619183856237106056e+02
-2.619183893679638118e+02
-2.619183939305934814e+02
-2.619183969982096869e+02
-2.619183981680707802e+02
-2.619184161289448980e+02
-2.619184185052944258e+02
-2.619184219215691769e+02
-2.619184249338566133e+02
-2.619184453695073103e+02
-2.619186221750464938e+02
-2.619186288348673770e+02
-2.619186334746216858e+02
-2.619186367324252274e+02
-2.619186550449080073e+02
-2.619186560387059899e+02
-2.619186593746525773e+02
-2.619186623112458960e+02
-2.619186785937029072e+02
-2.619186937892720834e+02
-2.619187085082448903e+02
-2.619187111277963140e+02
-2.619187125116903871e+02
-2.619187182724907075e+02
-2.619187211999237093e+02
-2.619187489820549217e+02
-2.619187494602343804e+02
-2.619187502149384272e+02
-2.619187824030453271e+02
-2.619188082350631248e+02
-2.619188122871469773e+02
-2.619188126426864187e+02
-2.619188137183073195e+02
-2.619188178627293837e+02
-2.619188185163021103e+02
-2.619188213208623779e+02
-2.619188260059993922e+02
-2.619189270109462200e+02
-2.619189292096552890e+02
-2.619189410411851213e+02
-2.619189425627266132e+02
-2.619189448375659026e+02
-2.619189485817811942e+02
-2.619189513378806851e+02
-2.619189687113482137e+02
-2.619189708624181776e+02
-2.619189740107477746e+02
-2.619189821056565961e+02
-2.619189860843999895e+02
-2.619189876238215220e+02
-2.619189892748681814e+02
-2.619190133270487877e+02
-2.619190144168554184e+02
-2.619190158293492914e+02
-2.619190244642671246e+02
-2.619190264184305761e+02
-2.619190274744314024e+02
-2.619190289840558989e+02
-2.619190294353757054e+02
-2.619190303083437925e+02
-2.619190428807596049e+02
-2.619190453910674137e+02
-2.619190497372275104e+02
-2.619190524994414773e+02
-2.619190537533887095e+02
-2.619190572205657190e+02
-2.619190603539336735e+02
-2.619190609057395136e+02
-2.619190635733751833e+02
-2.619190823989115984e+02
-2.619190862352783142e+02
-2.619190972773685075e+02
-2.619190979319544113e+02
-2.619190991516188092e+02
-2.619191038349731002e+02
-2.619191079743217188e+02
-2.619191128118740721e+02
-2.619191153272726069e+02
-2.619191159844025947e+02
-2.619191199489633846e+02
-2.619191221746024212e+02
-2.619191242729291957e+02
-2.619191264152846088e+02
-2.619191303604263226e+02
-2.619191425226339902e+02
-2.619191441067732171e+02
-2.619191458329289048e+02
-2.619191494740634880e+02
-2.619191528905204223e+02
-2.619191669498621877e+02
-2.619191673796876785e+02
-2.619191780363643147e+02
-2.619191804832581170e+02
-2.619191856438308719e+02
-2.619191892580976742e+02
-2.619191902510597743e+02
-2.619191911873567733e+02
-2.619191943891282790e+02
-2.619192016439372992e+02
-2.619192044145135014e+02
-2.619192419933997940e+02
-2.619192445997318828e+02
-2.619192860911280150e+02
-2.619192866547591052e+02
-2.619192873384806717e+02
-2.619192886813996211e+02
-2.619192934501684249e+02
-2.619192949106079027e+02
-2.619192970205696724e+02
-2.619193215701794202e+02
-2.619193263937199845e+02
-2.619193291987875227e+02
-2.619193326485674902e+02
-2.619193408021902201e+02
-2.619193422259315867e+02
-2.619193432200946177e+02
-2.619193443886746877e+02
-2.619193451398734851e+02
-2.619193474240934734e+02
-2.619193481678224202e+02
-2.619193493198251872e+02
-2.619193531942178765e+02
-2.619193536024084210e+02
-2.619193559519395080e+02
-2.619193605710822794e+02
-2.619193617539132788e+02
-2.619193636049865859e+02
-2.619193687222718268e+02
-2.619193725875849168e+02
-2.619193800652905111e+02
-2.619193900937585795e+02
-2.619193910770392790e+02
-2.619193965454807085e+02
-2.619193981792099066e+02
-2.619194026103596116e+02
-2.619194369761164012e+02
-2.619194377822407773e+02
-2.619194401734516759e+02
-2.619194407673297178e+02
-2.619194428725124908e+02
-2.619194445634444151e+02
-2.619194473389309792e+02
-2.619194495210899163e+02
-2.619194558688848815e+02
-2.619194560489970058e+02
-2.619194589700862252e+02
-2.619194597993828211e+02
-2.619194622005866790e+02
-2.619194624321767719e+02
-2.619194627462027256e+02
-2.619196159336772780e+02
-2.619197069022956157e+02
-2.619197109355026214e+02
-2.619197128762260149e+02
-2.619197143277730788e+02
-2.619197171662506776e+02
-2.619197182047493015e+02
-2.619197335286352768e+02
-2.619197340815013035e+02
-2.619197348645324723e+02
-2.619197353262929937e+02
-2.619197364829174717e+02
-2.619197643147152803e+02
-2.619197798847887952e+02
-2.619197883578170263e+02
-2.619198196531173721e+02
-2.619198243530502737e+02
-2.619198256886418221e+02
-2.619198424028758154e+02
-2.619198455821095877e+02
-2.619198461702981717e+02
-2.619198568881523101e+02
-2.619198585300890159e+02
