-2.617653761700225914e+02
-2.617688567670093107e+02
-2.617725128813322044e+02
-2.617768768579269931e+02
-2.617819587335993106e+02
-2.617837474409727179e+02
-2.617894171893527755e+02
-2.617948932239200985e+02
-2.617959274947669996e+02
-2.617966594790967747e+02
-2.617995981502385234e+02
-2.618012072101915919e+02
-2.618024427763518247e+02
-2.618089340656599120e+02
-2.618095945364294721e+02
-2.618116290317872199e+02
-2.618177886389150899e+02
-2.618184916155324800e+02
-2.618219314567759852e+02
-2.618250945095729776e+02
-2.618261038416318911e+02
-2.618294587590966103e+02
-2.618301759053823048e+02
-2.618304327001038132e+02
-2.618313390673552021e+02
-2.618362096497085076e+02
-2.618386624448073121e+02
-2.618398322535459783e+02
-2.618444267757345187e+02
-2.618453480187124001e+02
-2.618475578932955727e+02
-2.618493724039702784e+02
-2.618523124289160933e+02
-2.618525360019024220e+02
-2.618548463118556811e+02
-2.618551811143609029e+02
-2.618579305520506182e+02
-2.618599720707326810e+02
-2.618609533246993806e+02
-2.618611999897287888e+02
-2.618626225212315148e+02
-2.618637558779063284e+02
-2.618646284008149223e+02
-2.618665149053331902e+02
-2.618666398650348128e+02
-2.618671721631529863e+02
-2.618686459582347084e+02
-2.618693714415846898e+02
-2.618698167582276142e+02
-2.618701899635611881e+02
-2.618730283123621803e+02
-2.618751327703064931e+02
-2.618753314802152090e+02
-2.618753467441973726e+02
-2.618764168049232808e+02
-2.618764367888596212e+02
-2.618765344360899121e+02
-2.618773638538443720e+02
-2.618779651968795861e+02
-2.618782613650070061e+02
-2.618783399909178797e+02
-2.618784525881458762e+02
-2.618806937839590887e+02
-2.618818789155602076e+02
-2.618830166079242190e+02
-2.618845434914638872e+02
-2.618846278059830865e+02
-2.618846491653724797e+02
-2.618870751443698168e+02
-2.618872401638682277e+02
-2.618875167529798205e+02
-2.618875944871189745e+02
-2.618892760699208111e+02
-2.618902644755769984e+02
-2.618902722259007874e+02
-2.618909087390364903e+02
-2.618909527620933204e+02
-2.618916589668002075e+02
-2.618916946592653971e+02
-2.618917211866543084e+02
-2.618926478861238252e+02
-2.618926705606878045e+02
-2.618927292018561843e+02
-2.618927659967948784e+02
-2.618927863347499283e+02
-2.618928552267275904e+02
-2.618928970136961993e+02
-2.618929869624714115e+02
-2.618930240333808115e+02
-2.618930344078336248e+02
-2.618937374516701198e+02
-2.618937454044315132e+02
-2.618937632149089723e+02
-2.618938424553622895e+02
-2.618938643521632912e+02
-2.618938949748959999e+02
-2.618939477385425221e+02
-2.618939664143904906e+02
-2.618940372261874927e+02
-2.618940500321593845e+02
-2.618941156316221850e+02
-2.618943352923097905e+02
-2.618943651308072162e+02
-2.618943860307572891e+02
-2.618944055085734135e+02
-2.618944621277805140e+02
-2.618945188588718906e+02
-2.618945230356480920e+02
-2.618945252429821267e+02
-2.618963477774091189e+02
-2.618964415229715996e+02
-2.618968610185145849e+02
-2.618971942433331037e+02
-2.618972090524990222e+02
-2.618972589320770794e+02
-2.618973516431880171e+02
-2.618989406817411236e+02
-2.618989546412494178e+02
-2.618989557373269008e+02
-2.618990361560504994e+02
-2.618990967223157895e+02
-2.618991080854693223e+02
-2.618991234098078849e+02
-2.619006072020644069e+02
-2.619006178821629192e+02
-2.619007537510091197e+02
-2.619007652836040165e+02
-2.619008068665251017e+02
-2.619008586488292849e+02
-2.619008644963524830e+02
-2.619030915715243850e+02
-2.619031126742610809e+02
-2.619031161973655912e+02
-2.619031269005786271e+02
-2.619031517535742069e+02
-2.619031620060326873e+02
-2.619031869365920215e+02
-2.619031896093877094e+02
-2.619060092516099871e+02
-2.619060204998866084e+02
-2.619060649219181869e+02
-2.619060870041469116e+02
-2.619062823819970163e+02
-2.619063329274405874e+02
-2.619063503846135745e+02
-2.619090600217843985e+02
-2.619091343937355987e+02
-2.619091545456092263e+02
-2.619092241178162794e+02
-2.619097972286066920e+02
-2.619098174603782923e+02
-2.619098302526987254e+02
-2.619099380281580807e+02
-2.619099617288208037e+02
-2.619099855691608809e+02
-2.619101210517848131e+02
-2.619104375690113216e+02
-2.619104667596192257e+02
-2.619104721803872167e+02
-2.619104930769120756e+02
-2.619112254384498897e+02
-2.619114684829067983e+02
-2.619115094009083009e+02
-2.619115167375371129e+02
-2.619115414787863756e+02
-2.619115424118311921e+02
-2.619115559031386056e+02
-2.619115805991812067e+02
-2.619115906289680993e+02
-2.619116375404266819e+02
-2.619116382433450099e+02
-2.619117331092585914e+02
-2.619117667912555021e+02
-2.619117683415472015e+02
-2.619118028591494749e+02
-2.619118719818628733e+02
-2.619118720978449915e+02
-2.619118836582508152e+02
-2.619118946452451837e+02
-2.619119311896009776e+02
-2.619119893554873215e+02
-2.619120021770211224e+02
-2.619120109325206727e+02
-2.619120143735004831e+02
-2.619120168206588914e+02
-2.619120538762069259e+02
-2.619120935885957806e+02
-2.619120937434908001e+02
-2.619121184438673140e+02
-2.619121347395304724e+02
-2.619121841256118159e+02
-2.619121884707469121e+02
-2.619121966018298053e+02
-2.619122012452463082e+02
-2.619122781315172119e+02
-2.619123544649630730e+02
-2.619123839971662164e+02
-2.619124536780627182e+02
-2.619124557332480094e+02
-2.619124572361092760e+02
-2.619124980124882995e+02
-2.619125026071114917e+02
-2.619125216638200868e+02
-2.619125435150546082e+02
-2.619125469478696004e+02
-2.619125597263275722e+02
-2.619125686831953885e+02
-2.619125818250898874e+02
-2.619125832039496800e+02
-2.619125911024930247e+02
-2.619125921995001249e+02
-2.619126158692956210e+02
-2.619126694826697985e+02
-2.619127269040616284e+02
-2.619128964741551044e+02
-2.619128970767757778e+02
-2.619129424734916824e+02
-2.619129751132816182e+02
-2.619130025392419725e+02
-2.619130252772291101e+02
-2.619131956333088169e+02
-2.619131967957147253e+02
-2.619133406899463807e+02
-2.619133613876576874e+02
-2.619133634867795877e+02
-2.619133755088595876e+02
-2.619133847312215266e+02
-2.619133868478702993e+02
-2.619134144454354214e+02
-2.619134216736039207e+02
-2.619134342065610781e+02
-2.619134347349922223e+02
-2.619134391344429105e+02
-2.619134406618255753e+02
-2.619134414282902981e+02
-2.619134713067372786e+02
-2.619134839267750863e+02
-2.619134853583208837e+02
-2.619134903115224802e+02
-2.619135051873519160e+02
-2.619135476369625053e+02
-2.619135482919003834e+02
-2.619135522771707087e+02
-2.619136987313546001e+02
-2.619136997781213836e+02
-2.619137166533852792e+02
-2.619137316414148131e+02
-2.619137340540967784e+02
-2.619137787147678864e+02
-2.619137803365795207e+02
-2.619137906923954233e+02
-2.619137986692164191e+02
-2.619138005554830215e+02
-2.619138089422701796e+02
-2.619138192535987741e+02
-2.619138199969918901e+02
-2.619138772025236221e+02
-2.619138832489221045e+02
-2.619138990022435109e+02
-2.619139286902175741e+02
-2.619139349200079891e+02
-2.619139350834320794e+02
-2.619139768204736924e+02
-2.619139874566732828e+02
-2.619140339372540893e+02
-2.619140506019272721e+02
-2.619140602651340828e+02
-2.619141018702508745e+02
-2.619141163866024726e+02
-2.619142785276346217e+02
-2.619142949885563780e+02
-2.619142965612592207e+02
-2.619142991784510173e+02
-2.619143597231117155e+02
-2.619143607478687841e+02
-2.619143613743133869e+02
-2.619143641147916242e+02
-2.619143643214388817e+02
-2.619143746094092080e+02
-2.619143747116531245e+02
-2.619143891575370162e+02
-2.619143906619150926e+02
-2.619143917748360195e+02
-2.619143925362408822e+02
-2.619144313244394766e+02
-2.619144608604709106e+02
-2.619144630511838159e+02
-2.619144631050240264e+02
-2.619144699466219777e+02
-2.619144707777763870e+02
-2.619144886262513978e+02
-2.619144977168181754e+02
-2.619145038840591724e+02
-2.619145369415679738e+02
-2.619145395947521138e+02
-2.619145527674688196e+02
-2.619145646403118235e+02
-2.619145829151070188e+02
-2.619146004677160136e+02
-2.619146059523276904e+02
-2.619146295378262721e+02
-2.619146362607634728e+02
-2.619146371631662191e+02
-2.619146812700304849e+02
-2.619146818081347874e+02
-2.619146823549522196e+02
-2.619147047064324170e+02
-2.619147050475652918e+02
-2.619147212692199105e+02
-2.619147788431337744e+02
-2.619148064941650205e+02
-2.619148358707785746e+02
-2.619148376343482028e+02
-2.619148830273949784e+02
-2.619148833774410150e+02
-2.619148856281105964e+02
-2.619148864767075224e+02
-2.619148876526759864e+02
-2.619148943612842118e+02
-2.619149024084293842e+02
-2.619149089290046959e+02
-2.619149091844639088e+02
-2.619149099233474089e+02
-2.619149505089616810e+02
-2.619149574442175208e+02
-2.619150076708639858e+02
-2.619150108506810852e+02
-2.619150110665779039e+02
-2.619150110582809816e+02
-2.619150164971292156e+02
-2.619150169204311283e+02
-2.619150616960851039e+02
-2.619151095206485138e+02
-2.619151209736874080e+02
-2.619151555194172829e+02
-2.619151565454940851e+02
-2.619151703499626933e+02
-2.619151719716717253e+02
-2.619152037238513913e+02
-2.619152041827293829e+02
-2.619152072279778736e+02
-2.619153066136599932e+02
-2.619153248242045038e+02
-2.619153249492021018e+02
-2.619153286587574030e+02
-2.619153381861179923e+02
-2.619153579401183833e+02
-2.619153589356506018e+02
-2.619153596130582855e+02
-2.619154196668711165e+02
-2.619154214566397059e+02
-2.619154228963237756e+02
-2.619154309684537907e+02
-2.619154348156388892e+02
-2.619154541818753046e+02
-2.619154633428057082e+02
-2.619154670192584717e+02
-2.619154679145120781e+02
-2.619154717639619889e+02
-2.619154739379733883e+02
-2.619154780884583147e+02
-2.619154802079992805e+02
-2.619154809664472054e+02
-2.619154933695439240e+02
-2.619155180084492827e+02
-2.619155226234291263e+02
-2.619155236861511185e+02
-2.619155287813899236e+02
-2.619155289815158767e+02
-2.619155322072974741e+02
-2.619155322376780077e+02
-2.619155325201758728e+02
-2.619155363925689812e+02
-2.619155703505397241e+02
-2.619156244866447878e+02
-2.619156777907749074e+02
-2.619156788502318136e+02
-2.619157683949966895e+02
-2.619158058052422007e+02
-2.619158165236714240e+02
-2.619158522911271234e+02
-2.619158572223835790e+02
-2.619158588546147257e+02
-2.619158620370048993e+02
-2.619158841508905766e+02
-2.619159242687807136e+02
-2.619159243958216052e+02
-2.619159245089302885e+02
-2.619159252308556916e+02
-2.619159352313694740e+02
-2.619159380217104740e+02
-2.619159419225072725e+02
-2.619159457058855196e+02
-2.619159501095791143e+02
-2.619159920823333891e+02
-2.619160261461902905e+02
-2.619160458525265085e+02
-2.619160472525122145e+02
-2.619160484438107233e+02
-2.619160686980088144e+02
-2.619160857839124219e+02
-2.619160872370047741e+02
-2.619161600252414246e+02
-2.619161612579503071e+02
-2.619161615604924123e+02
-2.619161662070080752e+02
-2.619161733699161800e+02
-2.619161933560253033e+02
-2.619161934274512191e+02
-2.619162206412619867e+02
-2.619162405851890867e+02
-2.619162971075580231e+02
-2.619162975212400966e+02
-2.619162975731736083e+02
-2.619163040445712909e+02
-2.619163145741176777e+02
-2.619163262678421802e+02
-2.619163273899774254e+02
-2.619163274023633221e+02
-2.619163276316450037e+02
-2.619163429438909816e+02
-2.619163430992235817e+02
-2.619163440030329184e+02
-2.619163519694595834e+02
-2.619163524147415956e+02
-2.619163562593120105e+02
-2.619163694440271115e+02
-2.619163703401337102e+02
-2.619163716984734833e+02
-2.619163720140355736e+02
-2.619163747616141791e+02
-2.619163910227292149e+02
-2.619163913389751883e+02
-2.619163987980278989e+02
-2.619163988722552858e+02
-2.619164047599850278e+02
-2.619164182761568895e+02
-2.619164228721459722e+02
-2.619164230268485198e+02
-2.619164241908973736e+02
-2.619164279114457941e+02
-2.619164290760882068e+02
-2.619164419363457910e+02
-2.619164997858053994e+02
-2.619165069538734087e+02
-2.619165074492494227e+02
-2.619165089246204730e+02
-2.619165095983190099e+02
-2.619165097074397863e+02
-2.619165099568323853e+02
-2.619165252985641814e+02
-2.619165282062260758e+02
-2.619165593822389724e+02
-2.619165595969333822e+02
-2.619165823319850119e+02
-2.619165824893506738e+02
-2.619165831374937170e+02
-2.619165844504000233e+02
-2.619165851785235759e+02
-2.619166454218992044e+02
-2.619166541837906834e+02
-2.619166542412941112e+02
-2.619166542678739802e+02
-2.619166580854226254e+02
-2.619166897135601744e+02
-2.619167035659742737e+02
-2.619167047819777281e+02
-2.619167077237227090e+02
-2.619167526487078135e+02
-2.619167532343836911e+02
-2.619167557516306033e+02
-2.619167560962155221e+02
-2.619167705170078193e+02
-2.619168264360557146e+02
-2.619168302175011718e+02
-2.619168308773673743e+02
-2.619168314808234186e+02
-2.619168318597136249e+02
-2.619168539691266915e+02
-2.619168593892239869e+02
-2.619168605997186887e+02
-2.619168606228981275e+02
-2.619168610143756837e+02
-2.619168610653641736e+02
-2.619168617089150075e+02
-2.619168648355508822e+02
-2.619168652803239183e+02
-2.619168657584996822e+02
-2.619168803334636095e+02
-2.619169776363700066e+02
-2.619169789505165227e+02
-2.619169851852291799e+02
-2.619169859421954243e+02
-2.619169867961508089e+02
-2.619169876336886773e+02
-2.619170040073054224e+02
-2.619170040809777902e+02
-2.619170041238579074e+02
-2.619170055388012770e+02
-2.619170147214138069e+02
-2.619170155073451838e+02
-2.619170157141602999e+02
-2.619170158284031800e+02
-2.619170188156443260e+02
-2.619170202271973267e+02
-2.619170206896744162e+02
-2.619170474920480842e+02
-2.619170567755468824e+02
-2.619170589002615088e+02
-2.619172307270723081e+02
-2.619172315155100250e+02
-2.619172394534006116e+02
-2.619172399528645769e+02
-2.619172405491809741e+02
-2.619172409968392117e+02
-2.619172419794671214e+02
-2.619172492215278112e+02
-2.619172530147495763e+02
-2.619172532219798768e+02
-2.619172538416017915e+02
-2.619172562022420152e+02
-2.619172935343265749e+02
-2.619172936796750832e+02
-2.619173636426045277e+02
-2.619173642898900880e+02
-2.619173644677521793e+02
-2.619174393238072867e+02
-2.619174393938741900e+02
-2.619174825066207859e+02
-2.619174868070667799e+02
-2.619174881024082993e+02
-2.619174881426886827e+02
-2.619174882487374134e+02
-2.619174883397976146e+02
-2.619174883130286275e+02
-2.619174950911250903e+02
-2.619174951743921724e+02
-2.619174964010026088e+02
-2.619174964107895107e+02
-2.619174973159480260e+02
-2.619175120335211204e+02
-2.619175164464377872e+02
-2.619175166351856205e+02
-2.619175167169332781e+02
-2.619175298341298230e+02
-2.619175438890632108e+02
-2.619175443578071736e+02
-2.619175519623967148e+02
-2.619175940617114975e+02
-2.619175944351916883e+02
-2.619175945732147852e+02
-2.619175949469009197e+02
-2.619175995756754105e+02
-2.619176038954631167e+02
-2.619176067465194251e+02
-2.619176092796914759e+02
-2.619176109548266140e+02
-2.619176976036160909e+02
-2.619177028362324791e+02
-2.619177122310364894e+02
-2.619177444471324065e+02
-2.619177443941180741e+02
-2.619177799588943003e+02
-2.619178297226239920e+02
-2.619178357491699103e+02
-2.619178377746717956e+02
-2.619178385163065741e+02
-2.619178460982649881e+02
-2.619178461386084109e+02
-2.619178516448258165e+02
-2.619178516320582730e+02
-2.619178518056315284e+02
-2.619179160530205195e+02
-2.619179215285686837e+02
-2.619179342919665032e+02
-2.619179344649834889e+02
-2.619179359276204764e+02
-2.619179367988378999e+02
-2.619179377301006753e+02
-2.619179412192578980e+02
-2.619179413478913148e+02
-2.619179509583228764e+02
-2.619179673288589925e+02
-2.619179675442854887e+02
-2.619179680743766880e+02
-2.619179813844946239e+02
-2.619179838798730771e+02
-2.619179852993717077e+02
-2.619179880394568727e+02
-2.619179881348977119e+02
-2.619179881298936721e+02
-2.619179881941681174e+02
-2.619179883220298848e+02
-2.619179884413558170e+02
-2.619179884586746994e+02
-2.619179929158046889e+02
-2.619179930910145231e+02
-2.619180091358775826e+02
-2.619180355935947091e+02
-2.619181078579060227e+02
-2.619181135341564186e+02
-2.619181648143260759e+02
-2.619181648944415883e+02
-2.619181650729457260e+02
-2.619181671637354043e+02
-2.619181672933361824e+02
-2.619181674827269148e+02
-2.619182101206367861e+02
-2.619182101678384811e+02
-2.619182110939416930e+02
-2.619182363969591165e+02
-2.619182393258108164e+02
-2.619182392520274902e+02
-2.619182533703298077e+02
-2.619182539514919767e+02
-2.619182546953597921e+02
-2.619182546979723156e+02
-2.619182548305674914e+02
-2.619182550856281182e+02
-2.619182551984250722e+02
-2.619182567137638102e+02
-2.619182597906955721e+02
-2.619182598183820119e+02
-2.619182598634595820e+02
-2.619182631291291159e+02
-2.619182633160194769e+02
-2.619182636563264168e+02
-2.619182637382257894e+02
-2.619183204595647112e+02
-2.619183204864723962e+02
-2.619183204634634876e+02
-2.619183236269537929e+02
-2.619183237108314870e+02
-2.619183254676610204e+02
-2.619183255149624188e+02
-2.619183294676266200e+02
-2.619183324179841179e+02
-2.619183751935581768e+02
-2.619183758388987258e+02
-2.619183759491330079e+02
-2.619183862945890837e+02
-2.619183863908015155e+02
-2.619183494360697182e+02
-2.619182790364611151e+02
-2.619182199288438255e+02
-2.619181590131526036e+02
-2.619181027621121984e+02
-2.619180561343862905e+02
-2.619179932699544224e+02
-2.619179408421517792e+02
-2.619179126003613760e+02
-2.619178818093031964e+02
-2.619178183783116083e+02
-2.619177927325230257e+02
-2.619177547558991819e+02
-2.619177184778715741e+02
-2.619176875445692758e+02
-2.619176705710964939e+02
-2.619176393014877817e+02
-2.619176205298736022e+02
-2.619175885005299165e+02
-2.619175760383159854e+02
-2.619175633145550819e+02
-2.619175814303754919e+02
-2.619175910425586835e+02
-2.619176018329770272e+02
-2.619176134197966235e+02
-2.619176188549303106e+02
-2.619176279964958098e+02
-2.619176655180270927e+02
-2.619176832137486031e+02
-2.619177005527154733e+02
-2.619177074190840813e+02
-2.619177150077592273e+02
-2.619177315233238801e+02
-2.619177375233970793e+02
-2.619177473564573120e+02
-2.619177514287292183e+02
-2.619177768318958215e+02
-2.619177958882806934e+02
-2.619178000401201984e+02
-2.619178083460150788e+02
-2.619178115379802989e+02
-2.619178158854666094e+02
-2.619178214069306136e+02
-2.619178267177691737e+02
-2.619178309981068082e+02
-2.619180402690749929e+02
-2.619180457987428099e+02
-2.619180521788895248e+02
-2.619180585539619983e+02
-2.619180622998480885e+02
-2.619180862392017843e+02
-2.619180926623748178e+02
-2.619180976925653113e+02
-2.619181328516219764e+02
-2.619181379458589731e+02
-2.619181427041929737e+02
-2.619181479959588046e+02
-2.619181523704821757e+02
-2.619181567816846155e+02
-2.619181600572483717e+02
-2.619181614002358174e+02
-2.619181655157598811e+02
-2.619181716050223940e+02
-2.619181920477171843e+02
-2.619181947149069742e+02
-2.619181973473278049e+02
-2.619182064682656232e+02
-2.619182117451883869e+02
-2.619182137047035894e+02
-2.619182303415510091e+02
-2.619182320284796788e+02
-2.619182337071413258e+02
-2.619184356938309861e+02
-2.619184375688109867e+02
-2.619184621175700158e+02
-2.619184663226300245e+02
-2.619184707865637733e+02
-2.619184765573318145e+02
-2.619184788825212991e+02
-2.619184836288300744e+02
-2.619184856819680931e+02
-2.619185385486297832e+02
-2.619185632466541165e+02
-2.619185652869794012e+02
-2.619185697412330001e+02
-2.619185707008209079e+02
-2.619185752263769018e+02
-2.619185780925070048e+02
-2.619185803180280914e+02
-2.619185821945235944e+02
-2.619185829957827991e+02
-2.619185862556515758e+02
-2.619185896751371274e+02
-2.619186057837763997e+02
-2.619186156593295891e+02
-2.619186184542256228e+02
-2.619186254396564095e+02
-2.619186271588657178e+02
-2.619186276412094116e+02
-2.619186305923103077e+02
-2.619186306644302817e+02
-2.619186398560660791e+02
-2.619186413597128080e+02
-2.619186528780476237e+02
-2.619186546229532837e+02
-2.619186552870191917e+02
-2.619186576212072168e+02
-2.619186592024800007e+02
-2.619186897408400796e+02
-2.619186947864096737e+02
-2.619186965384283781e+02
-2.619187053717307094e+02
