op     29   30   89   90   30   29   89   90                       -0.10471529107596021235                                                    
op     29   31   89   91   31   29   89   91                       -0.06578644821487288075                                                    
op     87   90   88   91   87   88   91   90                        0.07689664218246186622                                                    
mvp2   81   90   87  103   81   87   90  103                       -0.01090836810751228542    0.12606467882950336823                          
a_ia   27   30                                                      0.00257468262191773911                                                    
mvp2   27   30   88   91   30   27   88   91                        0.01835430461520756382    1.41101132260381034733                          
a_ia   27   30                                                     -0.00725430146920424783                                                    
mvp2   19   39   87   91   39   19   87   91                        0.01150615986967744656    0.01353571844167763064                          
mvp2   81   90   87   97   81   87   90   97                        0.01041548985809905015   -0.14375642136133653937                          
mvp3   81   91   87   98   81   87   98   91   81   87   91   98   -0.01172406251991698310    0.00016221830976870136    0.01942250677466876921
op     27   37   87   97   37   27   87   97                       -0.00433421797888682968                                                    
om     28   30   89   90   30   28   89   90                        0.03226427736816539493                                                    
mvp2   13   30   89   91   30   13   89   91                        0.02426678860002791718   -0.09106972518743096379                          
mvp2   19   37   87   90   37   19   87   90                       -0.01355513037182132924   -0.16292214658909889846                          
a_ia   83   89                                                      0.07479873951727497583                                                    
mvp2   29   31   81   97   31   29   81   97                       -0.00909304593948792594   -0.01451765687749433445                          
op     19   50   87  105   50   19   87  105                       -0.00585421517051964990                                                    
op     27   31   73   91   31   27   73   91                        0.01205881583804441042                                                    
mvp2   19   31   27   41   19   27   31   41                        0.00889989976657283056   -0.00108746516843651942                          
mvp2    0   39   89   90   39    0   89   90                        0.00612884821508865706    0.03536276861989889192                          
mvp2   19   37   79   97   37   19   79   97                       -0.00999954636564046213    0.00689433087652573367                          
a_ia   79   97                                                     -0.00127230302727725209                                                    
mvp2   13   31   73   91   31   13   73   91                       -0.00882679981419457957    0.00199541330333248036                          
mvp2   14   31   89   90   31   14   89   90                        0.01638099970119960905    0.00259544964915150262                          
mvp2    0   39   60   99   39    0   60   99                       -0.00486536679065308585    0.00002354277496224103                          
