op     29   30   89   90   30   29   89   90                       -0.10469553527834304929                                                    
op     29   31   89   91   31   29   89   91                       -0.06576214941624025645                                                    
op     87   90   88   91   87   88   91   90                        0.07686282627314526550                                                    
mvp2   81   90   87  103   81   87   90  103                       -0.01091322454004500613    0.12606311092601760193                          
a_ia   27   30                                                      0.00257100523291520699                                                    
mvp2   27   30   88   91   30   27   88   91                        0.01835435431480294394    1.41100961086881082629                          
a_ia   27   30                                                     -0.00727161479153882930                                                    
mvp2   19   39   87   91   39   19   87   91                        0.01150626969630213006    0.01355282336586392453                          
mvp2   81   90   87   97   81   87   90   97                        0.01042331532148527487   -0.14377850360161159582                          
mvp3   81   91   87   98   81   87   98   91   81   87   91   98   -0.01172446544619999698    0.00016254264040847799    0.01945752990737015936
op     27   37   87   97   37   27   87   97                       -0.00433501121747765887                                                    
om     28   30   89   90   30   28   89   90                        0.03226163519838062821                                                    
mvp2   13   30   89   91   30   13   89   91                        0.02427856593850238887   -0.09112103130292048547                          
mvp2   19   37   87   90   37   19   87   90                       -0.01356025900433905328   -0.16290293762012933443                          
a_ia   83   89                                                      0.07479254199542778592                                                    
mvp2   29   31   81   97   31   29   81   97                       -0.00909079844452230848   -0.01462255158293186176                          
op     19   50   87  105   50   19   87  105                       -0.00588833063994367422                                                    
op     27   31   73   91   31   27   73   91                        0.01203369288958556355                                                    
mvp2   19   31   27   41   19   27   31   41                        0.00890345073899775040   -0.00109763982349287683                          
mvp2    0   39   89   90   39    0   89   90                        0.00606684735194294982    0.03529929929905911007                          
mvp2   19   37   79   97   37   19   79   97                       -0.01000185416974250577    0.00715010993687750698                          
a_ia   79   97                                                     -0.00127340613737455415                                                    
mvp2   13   31   73   91   31   13   73   91                       -0.00883228637059638340    0.00209689625645865900                          
mvp2   14   31   89   90   31   14   89   90                        0.01628871587889433453    0.00278214929368949095                          
mvp2    0   39   60   99   39    0   60   99                       -0.00484631389632427228    0.00008236438907829280                          
mvp2    0   30   60   90   30    0   60   90                       -0.00378468434692867325   -0.00001422375646900848                          
op      0   35   60   95   35    0   60   95                       -0.00634070602762342762                                                    
