op     29   30   89   90   30   29   89   90                       -0.10433237808282302961                                                    
op     29   31   89   91   31   29   89   91                       -0.06548997987256591213                                                    
op     87   90   88   91   87   88   91   90                        0.07649956147305340959                                                    
mvp2   81   90   87  103   81   87   90  103                       -0.01073424516697496674    0.12919279559811627789                          
a_ia   27   30                                                      0.00260551804219895421                                                    
mvp2   27   30   88   91   30   27   88   91                        0.01832361789891772189    1.41432008370663142571                          
a_ia   27   30                                                     -0.00720357808902842654                                                    
mvp2   19   39   87   91   39   19   87   91                        0.01161240949987620182    0.00497561991857505340                          
mvp2   81   90   87   97   81   87   90   97                        0.01071000669494649206   -0.13936858077784461396                          
mvp3   81   91   87   98   81   87   98   91   81   87   91   98   -0.01178873555356458463    0.00000511499689405991    0.00064885760953447018
op     27   37   87   97   37   27   87   97                       -0.00437307080643837675                                                    
om     28   30   89   90   30   28   89   90                        0.03214299049672645486                                                    
mvp2   13   30   89   91   30   13   89   91                        0.02346361980651427009   -0.00215095430224237442                          
