op     29   30   89   90   30   29   89   90                       -0.10444413568511905221                                                    
op     29   31   89   91   31   29   89   91                       -0.06630277400891954054                                                    
op     87   90   88   91   87   88   91   90                        0.07724716445508417184                                                    
mvp2   81   90   87  103   81   87   90  103                       -0.01072812034696721262    0.12637296236002415473                          
a_ia   27   30                                                      0.00266301593246887416                                                    
mvp2   27   30   88   91   30   27   88   91                        0.01824713672310641910    1.41117853995299746828                          
a_ia   27   30                                                     -0.00730475430755904345                                                    
mvp2   19   39   87   91   39   19   87   91                        0.01177412918333195328    0.01155278403872886731                          
mvp2   81   90   87   97   81   87   90   97                        0.01016786284337195534   -0.14306732107844005730                          
mvp3   81   91   87   98   81   87   98   91   81   87   91   98   -0.01201375367472801679    0.00012502710590296567    0.01531039463548844633
op     27   37   87   97   37   27   87   97                       -0.00447889605378409567                                                    
om     28   30   89   90   30   28   89   90                        0.03227887789595106083                                                    
mvp2   13   30   89   91   30   13   89   91                        0.02379398305346728387   -0.08311635992090374292                          
mvp2   19   37   87   90   37   19   87   90                       -0.01361447443582916930   -0.16550367145247801837                          
a_ia   83   89                                                      0.07667383733790252009                                                    
