op     29   30   89   90   30   29   89   90                       -0.10466042635500411029                                                    
op     29   31   89   91   31   29   89   91                       -0.06573750544409610874                                                    
op     87   90   88   91   87   88   91   90                        0.07678700113308704889                                                    
mvp2   81   90   87  103   81   87   90  103                       -0.01091623053615479663    0.12606063571227729692                          
a_ia   27   30                                                      0.00256072295384517958                                                    
mvp2   27   30   88   91   30   27   88   91                        0.01835309975725086043    1.41100403378849081903                          
a_ia   27   30                                                     -0.00733528870328416932                                                    
mvp2   19   39   87   91   39   19   87   91                        0.01150660791831723852    0.01359747779846417690                          
mvp2   81   90   87   97   81   87   90   97                        0.01043194101826825336   -0.14383791037249385458                          
mvp3   81   91   87   98   81   87   98   91   81   87   91   98   -0.01172423063214962646    0.00016338943696991276    0.01954904831661198605
op     27   37   87   97   37   27   87   97                       -0.00429705062372629475                                                    
om     28   30   89   90   30   28   89   90                        0.03225478677289180668                                                    
mvp2   13   30   89   91   30   13   89   91                        0.02428462158489187381   -0.09125534801314690025                          
mvp2   19   37   87   90   37   19   87   90                       -0.01357119488439119219   -0.16285488298227421278                          
a_ia   83   89                                                      0.07477673788271681221                                                    
mvp2   29   31   81   97   31   29   81   97                       -0.00908977293363180498   -0.01489591578619819251                          
op     19   50   87  105   50   19   87  105                       -0.00588953922050981273                                                    
op     27   31   73   91   31   27   73   91                        0.01201870306331480343                                                    
mvp2   19   31   27   41   19   27   31   41                        0.00890520024528579889   -0.00112417434520431275                          
mvp2    0   39   89   90   39    0   89   90                        0.00606267611237086123    0.03514100956229387202                          
mvp2   19   37   79   97   37   19   79   97                       -0.00994724485349550956    0.00781802933060557655                          
a_ia   79   97                                                     -0.00128905277350565401                                                    
mvp2   13   31   73   91   31   13   73   91                       -0.00883250576114526752    0.00236217799274290353                          
mvp2   14   31   89   90   31   14   89   90                        0.01620933017328289247    0.00326487884253302309                          
mvp2    0   39   60   99   39    0   60   99                       -0.00496092294096066311    0.00023557843452920153                          
mvp2    0   30   60   90   30    0   60   90                       -0.00374698767296198455   -0.00005129335627988548                          
op      0   35   60   95   35    0   60   95                       -0.00656671075980964480                                                    
om      0   37   60   97   37    0   60   97                       -0.00228556276374819369                                                    
op      0   35   60   99   35    0   60   99                       -0.00520648395850265271                                                    
op      0   35   60   97   35    0   60   97                       -0.00172371195540944292                                                    
op      0   36   60   96   36    0   60   96                       -0.00511642405924180813                                                    
om      0   41   60   96   41    0   60   96                       -0.00139741260654115541                                                    
