op     29   30   89   90   30   29   89   90                       -0.10301137773228405403                                                    
op     29   31   89   91   31   29   89   91                       -0.06537587471124373106                                                    
op     87   90   88   91   87   88   91   90                        0.07654926401136673275                                                    
mvp2   81   90   87  103   81   87   90  103                       -0.01053114550176696348    0.12928959390800992546                          
a_ia   27   30                                                      0.00223354487594710441                                                    
mvp2   27   30   88   91   30   27   88   91                        0.01842774655375212928    1.41440718031629297791                          
a_ia   27   30                                                     -0.00788741424708141320                                                    
mvp2   19   39   87   91   39   19   87   91                        0.01160143623041026521    0.00483156819565641084                          
mvp2   81   90   87   97   81   87   90   97                        0.01069785597128483472   -0.13925417953547411520                          
mvp3   81   91   87   98   81   87   98   91   81   87   91   98   -0.01175594734645082733    0.00000256678972619844    0.00032393384374861350
op     27   37   87   97   37   27   87   97                       -0.00437088455940916245                                                    
om     28   30   89   90   30   28   89   90                        0.03168440567874045849                                                    
