op     29   30   89   90   30   29   89   90                       -0.10445986528307159291                                                    
op     29   31   89   91   31   29   89   91                       -0.06640455947869255970                                                    
op     87   90   88   91   87   88   91   90                        0.07700353935800469118                                                    
mvp2   81   90   87  103   81   87   90  103                       -0.01095406910453815448    0.12636702311975270274                          
a_ia   27   30                                                      0.00267442022726114854                                                    
mvp2   27   30   88   91   30   27   88   91                        0.01820052001138945316    1.41117551941923591308                          
a_ia   27   30                                                     -0.00729872757747895926                                                    
mvp2   19   39   87   91   39   19   87   91                        0.01150347325316327871    0.01157655299632189341                          
mvp2   81   90   87   97   81   87   90   97                        0.01016625782299282292   -0.14306348250444972381                          
mvp3   81   91   87   98   81   87   98   91   81   87   91   98   -0.01171003418081384417    0.00012546782052693672    0.01536078198724957072
op     27   37   87   97   37   27   87   97                       -0.00440087298352490053                                                    
om     28   30   89   90   30   28   89   90                        0.03226509386969373533                                                    
mvp2   13   30   89   91   30   13   89   91                        0.02389703626178352192   -0.08321773423739872722                          
mvp2   19   37   87   90   37   19   87   90                       -0.01361768863993474514   -0.16547214054425746221                          
a_ia   83   89                                                      0.07664465045459580017                                                    
mvp2   29   31   81   97   31   29   81   97                       -0.00903842992526945888   -0.00016342986581738974                          
