op     29   30   89   90   30   29   89   90                       -0.10465872361975980809                                                    
op     29   31   89   91   31   29   89   91                       -0.06573599177826013051                                                    
op     87   90   88   91   87   88   91   90                        0.07678318010783659331                                                    
mvp2   81   90   87  103   81   87   90  103                       -0.01091637961250856506    0.12606034793816536799                          
a_ia   27   30                                                      0.00256009435395040171                                                    
mvp2   27   30   88   91   30   27   88   91                        0.01835295527115830480    1.41100324566308188423                          
a_ia   27   30                                                     -0.00734058461814372093                                                    
mvp2   19   39   87   91   39   19   87   91                        0.01150665635404299683    0.01360363334670959372                          
mvp2   81   90   87   97   81   87   90   97                        0.01043363942751771717   -0.14384617942484279052                          
mvp3   81   91   87   98   81   87   98   91   81   87   91   98   -0.01172417411284472008    0.00016350618808441556    0.01956166906876581277
op     27   37   87   97   37   27   87   97                       -0.00429602083079719862                                                    
om     28   30   89   90   30   28   89   90                        0.03225450465873038602                                                    
mvp2   13   30   89   91   30   13   89   91                        0.02428462381391241834   -0.09127389810262959147                          
mvp2   19   37   87   90   37   19   87   90                       -0.01357257773202781397   -0.16284843185841144098                          
a_ia   83   89                                                      0.07477459517936348166                                                    
mvp2   29   31   81   97   31   29   81   97                       -0.00908982193490852700   -0.01493350033646817510                          
op     19   50   87  105   50   19   87  105                       -0.00588953086412264629                                                    
op     27   31   73   91   31   27   73   91                        0.01201826406807455366                                                    
mvp2   19   31   27   41   19   27   31   41                        0.00890525320471492222   -0.00112783207108375981                          
mvp2    0   39   89   90   39    0   89   90                        0.00606272462004064840    0.03511973053132064204                          
mvp2   19   37   79   97   37   19   79   97                       -0.00994673260437783056    0.00791011389164570332                          
a_ia   79   97                                                     -0.00129122949094834195                                                    
mvp2   13   31   73   91   31   13   73   91                       -0.00883245182168576788    0.00239878839266146259                          
mvp2   14   31   89   90   31   14   89   90                        0.01620552704343655379    0.00333080260739304374                          
mvp2    0   39   60   99   39    0   60   99                       -0.00496093752087684806    0.00025667754750391452                          
mvp2    0   30   60   90   30    0   60   90                       -0.00374579334830141665   -0.00005639135951096073                          
op      0   35   60   95   35    0   60   95                       -0.00656612043954806282                                                    
om      0   37   60   97   37    0   60   97                       -0.00228381143958629332                                                    
op      0   35   60   99   35    0   60   99                       -0.00520458211923309835                                                    
op      0   35   60   97   35    0   60   97                       -0.00172285042055097008                                                    
op      0   36   60   96   36    0   60   96                       -0.00513063631742849500                                                    
om      0   41   60   96   41    0   60   96                       -0.00138386371509666042                                                    
op      0   44   60  104   44    0   60  104                       -0.00331514800428088507                                                    
