op     29   30   89   90   30   29   89   90                       -0.10468643058971006943                                                    
op     29   31   89   91   31   29   89   91                       -0.06575595713208140514                                                    
op     87   90   88   91   87   88   91   90                        0.07684291210639568326                                                    
mvp2   81   90   87  103   81   87   90  103                       -0.01091405864119871817    0.12606266327813131500                          
a_ia   27   30                                                      0.00256854982483791742                                                    
mvp2   27   30   88   91   30   27   88   91                        0.01835414823287980293    1.41100877939461732957                          
a_ia   27   30                                                     -0.00728422947244155607                                                    
mvp2   19   39   87   91   39   19   87   91                        0.01150627489831754398    0.01355963901717218388                          
mvp2   81   90   87   97   81   87   90   97                        0.01042593845266529679   -0.14378749675381971573                          
mvp3   81   91   87   98   81   87   98   91   81   87   91   98   -0.01172446670179807388    0.00016267187513508959    0.01947149066080682694
op     27   37   87   97   37   27   87   97                       -0.00433546564215635689                                                    
om     28   30   89   90   30   28   89   90                        0.03225978832143230890                                                    
mvp2   13   30   89   91   30   13   89   91                        0.02428079344436749609   -0.09114149623538070344                          
mvp2   19   37   87   90   37   19   87   90                       -0.01356197982491000494   -0.16289555735477492804                          
a_ia   83   89                                                      0.07479009722040952379                                                    
mvp2   29   31   81   97   31   29   81   97                       -0.00909038479387550176   -0.01466435330904424135                          
op     19   50   87  105   50   19   87  105                       -0.00588912867011562400                                                    
op     27   31   73   91   31   27   73   91                        0.01202885405976752975                                                    
mvp2   19   31   27   41   19   27   31   41                        0.00890399728502793038   -0.00110169023569960697                          
mvp2    0   39   89   90   39    0   89   90                        0.00606471281829235563    0.03527469433342982769                          
mvp2   19   37   79   97   37   19   79   97                       -0.01000202551168788423    0.00725203674685540294                          
a_ia   79   97                                                     -0.00127312861423467300                                                    
mvp2   13   31   73   91   31   13   73   91                       -0.00883260038151435084    0.00213735083152347821                          
mvp2   14   31   89   90   31   14   89   90                        0.01626686808745930052    0.00285627818510257028                          
mvp2    0   39   60   99   39    0   60   99                       -0.00477300399257355248    0.00010576136766107935                          
mvp2    0   30   60   90   30    0   60   90                       -0.00377396482315826409   -0.00001989088061571183                          
op      0   35   60   95   35    0   60   95                       -0.00633837501266435680                                                    
om      0   37   60   97   37    0   60   97                       -0.00230722204477309695                                                    
