op     29   30   89   90   30   29   89   90                       -0.10465486762729585279                                                    
op     29   31   89   91   31   29   89   91                       -0.06573047497424988617                                                    
op     87   90   88   91   87   88   91   90                        0.07677064360724898673                                                    
mvp2   81   90   87  103   81   87   90  103                       -0.01091683557657366355    0.12605277318453420032                          
a_ia   27   30                                                      0.00255848338829550584                                                    
mvp2   27   30   88   91   30   27   88   91                        0.01835204023716211635    1.41094616764617253324                          
a_ia   27   30                                                     -0.00736235224199764497                                                    
mvp2   19   39   87   91   39   19   87   91                        0.01150682582246298317    0.01363808666880484202                          
mvp2   81   90   87   97   81   87   90   97                        0.01044345163858817309   -0.14389266479122975184                          
mvp3   81   91   87   98   81   87   98   91   81   87   91   98   -0.01172381482563317201    0.00016415976384541315    0.01963229909581668681
op     27   37   87   97   37   27   87   97                       -0.00429427670125715616                                                    
om     28   30   89   90   30   28   89   90                        0.03225421340989260977                                                    
mvp2   13   30   89   91   30   13   89   91                        0.02428418565189857312   -0.09137779539860640954                          
mvp2   19   37   87   90   37   19   87   90                       -0.01357970642225578457   -0.16281290030064057839                          
a_ia   83   89                                                      0.07472018054719939406                                                    
mvp2   29   31   81   97   31   29   81   97                       -0.00909018624869079722   -0.01514358458777742902                          
op     19   50   87  105   50   19   87  105                       -0.00588944066300747544                                                    
op     27   31   73   91   31   27   73   91                        0.01201712436119365714                                                    
mvp2   19   31   27   41   19   27   31   41                        0.00890540178587123123   -0.00114830288169005660                          
mvp2    0   39   89   90   39    0   89   90                        0.00606862334752425805    0.03500367157760776032                          
mvp2   19   37   79   97   37   19   79   97                       -0.00994632300970126927    0.00842546959730387443                          
a_ia   79   97                                                     -0.00129505004246540040                                                    
mvp2   13   31   73   91   31   13   73   91                       -0.00883220312029202141    0.00260382227337108054                          
mvp2   14   31   89   90   31   14   89   90                        0.01619289895441342053    0.00369732672342495006                          
mvp2    0   39   60   99   39    0   60   99                       -0.00491016401332470404    0.00037468593504667912                          
mvp2    0   30   60   90   30    0   60   90                       -0.00373455577676596760   -0.00008487518935884989                          
op      0   35   60   95   35    0   60   95                       -0.00653056996436732987                                                    
om      0   37   60   97   37    0   60   97                       -0.00225809944603317173                                                    
op      0   35   60   99   35    0   60   99                       -0.00518355248819354388                                                    
op      0   35   60   97   35    0   60   97                       -0.00172649003465205121                                                    
op      0   36   60   96   36    0   60   96                       -0.00511335475238014307                                                    
om      0   41   60   96   41    0   60   96                       -0.00138088978737931447                                                    
op      0   44   60  104   44    0   60  104                       -0.00330475101456173710                                                    
a_ia    0   44                                                     -0.00060213022972845944                                                    
op      0   33   60   93   33    0   60   93                       -0.00184680458168518728                                                    
op     27   47   87  107   47   27   87  107                       -0.00658162040580950649                                                    
