op     29   30   89   90   30   29   89   90                       -0.10465510996369513375                                                    
op     29   31   89   91   31   29   89   91                       -0.06573173843878148126                                                    
op     87   90   88   91   87   88   91   90                        0.07677320219257117995                                                    
mvp2   81   90   87  103   81   87   90  103                       -0.01091674709947657376    0.12605931074149828719                          
a_ia   27   30                                                      0.00255864311624684395                                                    
mvp2   27   30   88   91   30   27   88   91                        0.01835236936245636385    1.41096486166171564136                          
a_ia   27   30                                                     -0.00735645409147315729                                                    
mvp2   19   39   87   91   39   19   87   91                        0.01150678360021805714    0.01362657326940365336                          
mvp2   81   90   87   97   81   87   90   97                        0.01044018557303058592   -0.14387708735287660367                          
mvp3   81   91   87   98   81   87   98   91   81   87   91   98   -0.01172393599367065747    0.00016394132912870107    0.01960870049264890405
op     27   37   87   97   37   27   87   97                       -0.00429441786076896828                                                    
om     28   30   89   90   30   28   89   90                        0.03225407749609652402                                                    
mvp2   13   30   89   91   30   13   89   91                        0.02428437061875573372   -0.09134306172993043871                          
mvp2   19   37   87   90   37   19   87   90                       -0.01357743645736730377   -0.16282464273143976152                          
a_ia   83   89                                                      0.07474981857149516629                                                    
mvp2   29   31   81   97   31   29   81   97                       -0.00909006519453571700   -0.01507344558664310517                          
op     19   50   87  105   50   19   87  105                       -0.00588946389699142574                                                    
op     27   31   73   91   31   27   73   91                        0.01201728080020182665                                                    
mvp2   19   31   27   41   19   27   31   41                        0.00890537227024411002   -0.00114146279796704811                          
mvp2    0   39   89   90   39    0   89   90                        0.00606644689749032996    0.03504173633155484302                          
mvp2   19   37   79   97   37   19   79   97                       -0.00994647483825174782    0.00825327085803975909                          
a_ia   79   97                                                     -0.00129518049456480442                                                    
mvp2   13   31   73   91   31   13   73   91                       -0.00883226809478923278    0.00253527949334569295                          
mvp2   14   31   89   90   31   14   89   90                        0.01619555869269563228    0.00357542440915311309                          
mvp2    0   39   60   99   39    0   60   99                       -0.00492638566822800692    0.00033526803098760186                          
mvp2    0   30   60   90   30    0   60   90                       -0.00373846097654453131   -0.00007536832053427626                          
op      0   35   60   95   35    0   60   95                       -0.00653666178618700095                                                    
om      0   37   60   97   37    0   60   97                       -0.00226873040714707392                                                    
op      0   35   60   99   35    0   60   99                       -0.00518013582651516511                                                    
op      0   35   60   97   35    0   60   97                       -0.00172497972369813589                                                    
op      0   36   60   96   36    0   60   96                       -0.00512234987900117220                                                    
om      0   41   60   96   41    0   60   96                       -0.00138120928314320311                                                    
op      0   44   60  104   44    0   60  104                       -0.00331971211862196539                                                    
a_ia    0   44                                                     -0.00064538906848864977                                                    
op      0   33   60   93   33    0   60   93                       -0.00186759631979177879                                                    
