op     29   30   89   90   30   29   89   90                       -0.10069517467620843487                                                    
op     29   31   89   91   31   29   89   91                       -0.06550303455078482218                                                    
op     87   90   88   91   87   88   91   90                        0.07758116898471459355                                                    
mvp2   81   90   87  103   81   87   90  103                       -0.01076483124699602334    0.12942404001821303239                          
a_ia   27   30                                                      0.00238165751113805779                                                    
mvp2   27   30   88   91   30   27   88   91                        0.01846062709158726237    1.41445063265754233939                          
a_ia   27   30                                                     -0.00715860258445887975                                                    
mvp2   19   39   87   91   39   19   87   91                        0.01167385613108597175    0.00470937513828000986                          
mvp2   81   90   87   97   81   87   90   97                        0.01085637738732120501   -0.13919273336153600851                          
mvp3   81   91   87   98   81   87   98   91   81   87   91   98   -0.01175919289905036878    0.00000040458562380730    0.00005204384480619175
