op     19   23   47   51   23   19   47   51                       -0.02734291286759697043                                                    
op     18   24   46   52   24   18   46   52                       -0.03129479127418242218                                                    
op     18   22   46   52   22   18   46   52                        0.00982166833558265756                                                    
op     19   25   47   53   25   19   47   53                       -0.01028090548152246937                                                    
a_ia   47   53                                                      0.00585009328334623255                                                    
a_ia   46   52                                                      0.01188530927608925924                                                    
a_ia   47   51                                                      0.00185621367004429631                                                    
mvp2   46   51   47   52   46   47   51   52                        0.01321986900808476591    0.31378381119691650669                          
a_ia   19   23                                                      0.01959567151069323970                                                    
a_ia   15   24                                                      0.00760373030056793551                                                    
a_ia   15   25                                                      0.00234068746906802416                                                    
mvp2   18   23   19   24   18   19   23   24                        0.01174054758492718356   -0.26016855191284499194                          
op     14   20   42   48   20   14   42   48                       -0.00798635104519193617                                                    
a_ia   19   25                                                      0.00556053492605445947                                                    
mvp2   18   23   46   51   23   18   46   51                       -0.00616989754402790750    0.00271157197425589153                          
a_ia   47   50                                                     -0.00339296080786170720                                                    
mvp2   19   23   46   52   23   19   46   52                       -0.03143435093419846144   -0.02766291535579185751                          
a_ia   19   23                                                     -0.01316821056865130450                                                    
