op     19   23   47   51   23   19   47   51                       -0.02756049618461857073                                                    
op     18   24   46   52   24   18   46   52                       -0.03122037325676199279                                                    
op     18   22   46   52   22   18   46   52                        0.00978701072811860064                                                    
op     19   25   47   53   25   19   47   53                       -0.01025870491443391617                                                    
a_ia   47   53                                                      0.00591006980008071826                                                    
a_ia   46   52                                                      0.01152292346469568039                                                    
a_ia   47   51                                                      0.00186691483551208281                                                    
mvp2   46   51   47   52   46   47   51   52                        0.01316361104315187831    0.31388425739252223678                          
a_ia   19   23                                                      0.00756498751091485514                                                    
a_ia   15   24                                                      0.00757287655053337852                                                    
a_ia   15   25                                                      0.00235069890924474939                                                    
mvp2   18   23   19   24   18   19   23   24                        0.01172137289869916096   -0.26037688771592393255                          
op     14   20   42   48   20   14   42   48                       -0.00798653292591840203                                                    
a_ia   19   25                                                      0.00556241875776434386                                                    
mvp2   18   23   46   51   23   18   46   51                       -0.00629453903347672317    0.00260656529302730330                          
a_ia   47   50                                                     -0.00338779995842736648                                                    
mvp2   19   23   46   52   23   19   46   52                       -0.03142464657731292715   -0.02654878244167002688                          
