op     19   23   47   51   23   19   47   51                       -0.02366323397797349265                                                    
op     18   24   46   52   24   18   46   52                       -0.02652515315776202837                                                    
op     18   22   46   52   22   18   46   52                        0.00851007237194604561                                                    
op     19   25   47   53   25   19   47   53                       -0.01032968309047472243                                                    
a_ia   47   53                                                      0.00578194921098006392                                                    
a_ia   46   52                                                      0.00929078738010377832                                                    
a_ia   47   51                                                      0.00485999503910826067                                                    
mvp2   46   51   47   52   46   47   51   52                        0.01337858286347384622    0.00237110390049251503                          
a_ia   19   23                                                      0.00453873868364831640                                                    
a_ia   15   24                                                      0.00735424269626799680                                                    
a_ia   15   25                                                      0.00235324799467969943                                                    
mvp2   18   23   19   24   18   19   23   24                        0.01313937873954575293    0.00038470662754936627                          
op     14   20   42   48   20   14   42   48                       -0.00798582763094708020                                                    
a_ia   19   25                                                      0.00566015622662698926                                                    
mvp2   18   23   46   51   23   18   46   51                       -0.00606859929563883030    0.00000423800461135507                          
a_ia   47   50                                                     -0.00399415283858106998                                                    
