-2.617367255702412194e+02
-2.617591194906876240e+02
-2.617672179070780771e+02
-2.617739049067509995e+02
-2.617790535739019901e+02
-2.617805771548627263e+02
-2.617842930598765747e+02
-2.617873051502064072e+02
-2.617907737450673835e+02
-2.617912568529030182e+02
-2.617918250529141915e+02
-2.617929680227201743e+02
-2.617945733252961986e+02
-2.617947735328119165e+02
-2.617949276985015103e+02
-2.617953637279484838e+02
-2.617965137266996862e+02
-2.617970194571348088e+02
-2.617980410632258099e+02
-2.618011360003600885e+02
-2.618037543317614109e+02
-2.618045432699253752e+02
-2.618046891950992858e+02
-2.618054862737366193e+02
-2.618060276256001089e+02
-2.618074132497650908e+02
-2.618074221904261094e+02
-2.618074842713540988e+02
-2.618083193889830795e+02
-2.618083194252914154e+02
-2.618089883952035848e+02
-2.618096519572561078e+02
-2.618099860409456028e+02
-2.618109677527995132e+02
-2.618118229728708002e+02
-2.618118229744479777e+02
