op     18   21   46   49   21   18   46   49                       -0.05178419837793894753                                                    
op     17   21   45   49   21   17   45   49                       -0.04065522776418747236                                                    
op      0   22   28   50   22    0   28   50                       -0.01045530808617891293                                                    
a_ia   40   49                                                     -0.02478899138684937872                                                    
mvp2   46   49   47   54   46   47   54   49                        0.01211900333477447175   -0.27717145319242514345                          
a_ia   40   48                                                     -0.00190308586793673236                                                    
a_ia   48   49                                                      0.34934107045730045105                                                    
mvp2   19   26   47   54   26   19   47   54                       -0.01066367942313278458   -0.07047175626864343734                          
a_ia   44   54                                                     -0.00748722980660750537                                                    
mvp2   18   21   19   26   18   19   26   21                        0.00918563875721106760   -0.26447414957397891166                          
mvp2   17   21   19   26   17   19   26   21                        0.00861754090400711041   -0.00804303294117520232                          
op      6   27   34   55   27    6   34   55                       -0.02750896563704955181                                                    
a_ia   34   55                                                      0.00151207319312955842                                                    
op     13   22   41   50   22   13   41   50                       -0.00862542504183212363                                                    
mvp2    5   27   34   55   27    5   34   55                       -0.01104147984677643357   -0.00001571751229540522                          
a_ia   39   55                                                      0.00083130704952364635                                                    
