op     18   21   46   49   21   18   46   49                       -0.05175679754697042750                                                    
op     17   21   45   49   21   17   45   49                       -0.04063361372885748724                                                    
op      0   22   28   50   22    0   28   50                       -0.01086290779842548002                                                    
a_ia   40   49                                                     -0.02480929466183132495                                                    
mvp2   46   49   47   54   46   47   54   49                        0.01212420394550609015   -0.27446112703716807335                          
a_ia   40   48                                                     -0.00187895788547886330                                                    
a_ia   48   49                                                      0.34909255185604820548                                                    
mvp2   19   26   47   54   26   19   47   54                       -0.01074926213534550118   -0.07031362076917344051                          
a_ia   44   54                                                     -0.00746335851776195290                                                    
mvp2   18   21   19   26   18   19   26   21                        0.00918652841675254503   -0.26420045227957328349                          
mvp2   17   21   19   26   17   19   26   21                        0.00863367536469229931   -0.00058660566043414230                          
op      6   27   34   55   27    6   34   55                       -0.02732727188045519159                                                    
