op     18   21   46   49   21   18   46   49                       -0.05178816956534023491                                                    
op     17   21   45   49   21   17   45   49                       -0.04058716223983780541                                                    
op      0   22   28   50   22    0   28   50                       -0.01084536089358236616                                                    
a_ia   40   49                                                     -0.02480475508126307391                                                    
mvp2   46   49   47   54   46   47   54   49                        0.01211994426906478316   -0.27495536099341782998                          
a_ia   40   48                                                     -0.00189892679999583282                                                    
a_ia   48   49                                                      0.34913813081486255729                                                    
mvp2   19   26   47   54   26   19   47   54                       -0.01073268119573762315   -0.07034161635056990214                          
a_ia   44   54                                                     -0.00747456975591453705                                                    
mvp2   18   21   19   26   18   19   26   21                        0.00919106837643713162   -0.26424637920803839553                          
mvp2   17   21   19   26   17   19   26   21                        0.00862846731571953983   -0.00193750290674768932                          
op      6   27   34   55   27    6   34   55                       -0.02710712012609435909                                                    
a_ia   34   55                                                      0.00182881066861305484                                                    
