9.999955904957363861e-01
9.999884296186782873e-01
9.999876000349959826e-01
9.957579833265813862e-01
9.956074929916325367e-01
9.947455619306416752e-01
9.954665645848506106e-01
9.942689465507976720e-01
9.960340963537399617e-01
9.929175435319637089e-01
9.938793682059947621e-01
9.867958731733215139e-01
9.925137115703421831e-01
9.921898678406393390e-01
9.792873648878868131e-01
9.744524527181845919e-01
3.339285451626634871e-02
2.047052276095032847e-02
5.623513875818953074e-03
4.487091601195705541e-03
9.147704879960298630e-03
2.462154193497123091e-03
4.791083322112320124e-03
2.815211427531013819e-03
4.031118986629202150e-03
2.855150167304630095e-03
1.118792559300730693e-03
5.647889901468519311e-03
2.990332666689704370e-03
5.800330833801066628e-03
5.581257750432058566e-03
4.896542732580541624e-03
