op     12   15   40   43   15   12   40   43                       -0.02658716031860056811                                                    
a_ia   12   15                                                      0.00243196951088165726                                                    
op      4   15   32   43   15    4   32   43                       -0.02934933675232009875                                                    
a_ia   32   43                                                      0.00464965935401541030                                                    
op      4   14   32   42   14    4   32   42                       -0.02015689139971372709                                                    
a_ia   12   16                                                     -0.00087996891755218990                                                    
om      4   16   32   44   16    4   32   44                       -0.00836540349196336283                                                    
op     10   16   38   44   16   10   38   44                       -0.01179473154734475560                                                    
op      4   25   32   53   25    4   32   53                       -0.01709368485577970193                                                    
a_ia    4   25                                                     -0.00007319283219100654                                                    
op     12   18   40   46   18   12   40   46                       -0.01448736095005083782                                                    
op      4   21   32   49   21    4   32   49                       -0.01746574846920673565                                                    
op      4   23   32   51   23    4   32   51                       -0.00928105714762641337                                                    
om      4   25   32   54   25    4   32   54                       -0.00733006945075437549                                                    
op      4   25   32   43   25    4   32   43                       -0.01742244916381274766                                                    
op      4   19   32   47   19    4   32   47                       -0.00577346898948541583                                                    
mvp2    4   19   32   43   19    4   32   43                        0.00732948327665878478    0.00000695053576276582                          
a_ia    4   19                                                     -0.00107358791622587293                                                    
op      4   23   32   47   23    4   32   47                        0.00521866590921292103                                                    
op      3   16   31   44   16    3   31   44                       -0.02565384617794666186                                                    
a_ia    3   16                                                     -0.00914907688137866180                                                    
a_ia   31   44                                                     -0.00791603297967929942                                                    
mvp2    3   15   31   44   15    3   31   44                       -0.00909132384965226706   -0.00009277954163911054                          
a_ia    3   15                                                     -0.00578161293593472490                                                    
op      4   21   32   42   21    4   32   42                       -0.01246943157572273642                                                    
a_ia    4   21                                                     -0.00094304075384736129                                                    
a_ia   32   42                                                     -0.00258168248195945116                                                    
mvp2    0   14   31   44   14    0   31   44                       -0.01108917255274637775   -0.01243739272949602806                          
a_ia    0   16                                                     -0.00534547055476046473                                                    
a_ia    3   14                                                     -0.00389910815725277816                                                    
om      4   25   32   42   25    4   32   42                        0.00945522434385214459                                                    
mvp2    0   15   31   44   15    0   31   44                       -0.00712540341986315010   -0.00215811540906645947                          
a_ia    0   15                                                     -0.00267243365568088772                                                    
op      6   16   34   44   16    6   34   44                       -0.00999866983550214486                                                    
a_ia   35   44                                                      0.00125924325447015280                                                    
a_ia   34   44                                                      0.00242551083482054741                                                    
