op     12   15   40   43   15   12   40   43                       -0.02189946321401739851                                                    
a_ia   12   15                                                      0.00082994722147489847                                                    
op      4   15   32   43   15    4   32   43                       -0.03506135016647828062                                                    
a_ia   32   43                                                      0.00379296468722538490                                                    
op      4   14   32   42   14    4   32   42                       -0.01989477890629471474                                                    
a_ia   12   16                                                     -0.00066968437222980257                                                    
om      4   16   32   44   16    4   32   44                       -0.00823583355151103966                                                    
op     10   16   38   44   16   10   38   44                       -0.01182659613424132811                                                    
op      4   25   32   53   25    4   32   53                       -0.01056369604754651796                                                    
a_ia    4   25                                                     -0.00042936905536173931                                                    
op     12   18   40   46   18   12   40   46                       -0.01455583676068407557                                                    
op      4   21   32   49   21    4   32   49                       -0.01737922481992060231                                                    
op      4   23   32   51   23    4   32   51                       -0.00907833905569062176                                                    
om      4   25   32   54   25    4   32   54                       -0.00697443387978365775                                                    
op      4   25   32   43   25    4   32   43                       -0.02250197595602392714                                                    
op      4   19   32   47   19    4   32   47                       -0.00562252414245503589                                                    
mvp2    4   19   32   43   19    4   32   43                        0.00741836267934326780    0.00001685406708772955                          
a_ia    4   19                                                     -0.00117754213793922857                                                    
op      4   23   32   47   23    4   32   47                        0.00512151631199299524                                                    
op      3   16   31   44   16    3   31   44                       -0.02660782301643589698                                                    
a_ia    3   16                                                     -0.00904200636448391180                                                    
a_ia   31   44                                                     -0.00801093625515270601                                                    
mvp2    3   15   31   44   15    3   31   44                       -0.00963434851763472072   -0.00065527165681123704                          
a_ia    3   15                                                     -0.00558472193887420837                                                    
op      4   21   32   42   21    4   32   42                       -0.01236919481584469738                                                    
a_ia    4   21                                                     -0.00083196263271091220                                                    
a_ia   32   42                                                     -0.00173357735821138420                                                    
mvp2    0   14   31   44   14    0   31   44                       -0.01087217993778767482   -0.27003772994653846284                          
a_ia    0   16                                                     -0.00529535723643066551                                                    
a_ia    3   14                                                     -0.00413238710100076283                                                    
om      4   25   32   42   25    4   32   42                        0.00931256900310178590                                                    
mvp2    0   15   31   44   15    0   31   44                       -0.00698429413860970211   -0.11787686272232142382                          
a_ia    0   15                                                     -0.00208058707249465574                                                    
op      6   16   34   44   16    6   34   44                       -0.01000596657413365710                                                    
a_ia   35   44                                                      0.00121762730288518827                                                    
a_ia   34   44                                                      0.00198000897192069075                                                    
a_ia    6   16                                                      0.00182241465096370748                                                    
om      4   26   32   54   26    4   32   54                       -0.00657653000340091987                                                    
op      4   24   32   53   24    4   32   53                        0.00572303181845453760                                                    
a_ia   32   49                                                     -0.00049372756874941953                                                    
mvp2    4   26   32   43   26    4   32   43                       -0.01186774098957631488   -0.00186625673209338218                          
mvp2    0   27   32   53   27    0   32   53                       -0.00586743479243972445   -0.29934092534570827526                          
mvp2    0   27   32   43   27    0   32   43                       -0.01064416913219378737   -0.12171559421371248855                          
mvp2    0   27   32   54   27    0   32   54                       -0.00506272924003557060    0.03900103750594613450                          
a_ia   43   53                                                      0.36043670387687321011                                                    
mvp2    0   21   32   53   21    0   32   53                       -0.00740191851671071887   -0.00012954520969880225                          
