op     12   15   40   43   15   12   40   43                       -0.02661638964559696202                                                    
a_ia   12   15                                                      0.00295189018180398027                                                    
op      4   15   32   43   15    4   32   43                       -0.02941652339018048512                                                    
a_ia   32   43                                                      0.00359735969855023768                                                    
op      4   14   32   42   14    4   32   42                       -0.01858230492315644800                                                    
a_ia   12   16                                                     -0.00147310113834850679                                                    
om      4   16   32   44   16    4   32   44                       -0.00900893831168195734                                                    
op     10   16   38   44   16   10   38   44                       -0.01287348075572169147                                                    
op      4   25   32   53   25    4   32   53                       -0.01706485178871156028                                                    
a_ia    4   25                                                     -0.00056454217223946088                                                    
op     12   18   40   46   18   12   40   46                       -0.01448080369705542943                                                    
op      4   21   32   49   21    4   32   49                       -0.01720031110097723290                                                    
op      4   23   32   51   23    4   32   51                       -0.00920795224652912365                                                    
om      4   25   32   54   25    4   32   54                       -0.00737425679795395729                                                    
op      4   25   32   43   25    4   32   43                       -0.01761254822549796969                                                    
op      4   19   32   47   19    4   32   47                       -0.00556373219900631322                                                    
mvp2    4   19   32   43   19    4   32   43                        0.00739904458738770230    0.00000649330987278515                          
a_ia    4   19                                                     -0.00096703290771750115                                                    
