op     12   15   40   43   15   12   40   43                       -0.02041313944406413644                                                    
a_ia   12   15                                                      0.00037562473287533835                                                    
op      4   15   32   43   15    4   32   43                       -0.03678309974834213097                                                    
a_ia   32   43                                                      0.00346926033886065356                                                    
op      4   14   32   42   14    4   32   42                       -0.02304310884819504857                                                    
a_ia   12   16                                                     -0.00067745866442413022                                                    
om      4   16   32   44   16    4   32   44                       -0.00609372927258315308                                                    
op     10   16   38   44   16   10   38   44                       -0.01187263311895807652                                                    
op      4   25   32   53   25    4   32   53                       -0.01061010474461620591                                                    
a_ia    4   25                                                     -0.00032155642489661759                                                    
op     12   18   40   46   18   12   40   46                       -0.01457705736030536804                                                    
op      4   21   32   49   21    4   32   49                       -0.02010716495656633337                                                    
op      4   23   32   51   23    4   32   51                       -0.00822714371285837576                                                    
om      4   25   32   54   25    4   32   54                       -0.00429037865092758187                                                    
op      4   25   32   43   25    4   32   43                       -0.02507808553843811697                                                    
op      4   19   32   47   19    4   32   47                       -0.00496031531372588801                                                    
mvp2    4   19   32   43   19    4   32   43                        0.00675135939442337869    0.00010737557809748166                          
a_ia    4   19                                                     -0.00133272772932629003                                                    
op      4   23   32   47   23    4   32   47                        0.00414172730540415205                                                    
op      3   16   31   44   16    3   31   44                       -0.02749919529366467649                                                    
a_ia    3   16                                                     -0.00883253845427071048                                                    
a_ia   31   44                                                     -0.00771652260690042485                                                    
mvp2    3   15   31   44   15    3   31   44                       -0.00836001600954928287   -0.01380370457460015216                          
a_ia    3   15                                                     -0.00566080656752725002                                                    
op      4   21   32   42   21    4   32   42                       -0.01463298208857094322                                                    
a_ia    4   21                                                     -0.00102484341887040678                                                    
a_ia   32   42                                                     -0.00308859467274564094                                                    
mvp2    0   14   31   44   14    0   31   44                       -0.01195139702798014500   -0.25760255198477616245                          
a_ia    0   16                                                     -0.00533712814817155837                                                    
a_ia    3   14                                                     -0.00412889549043982205                                                    
om      4   25   32   42   25    4   32   42                        0.01113962217504492307                                                    
mvp2    0   15   31   44   15    0   31   44                       -0.00745786918967776893   -0.11422063996159435850                          
a_ia    0   15                                                     -0.00197732087175519870                                                    
op      6   16   34   44   16    6   34   44                       -0.01005575048476117263                                                    
a_ia   35   44                                                      0.00126052211103833264                                                    
a_ia   34   44                                                      0.00192261086151179392                                                    
a_ia    6   16                                                      0.00197367065219990591                                                    
om      4   26   32   54   26    4   32   54                       -0.00510820705402979889                                                    
op      4   24   32   53   24    4   32   53                        0.00647440559955195487                                                    
a_ia   32   49                                                     -0.00082144665355503635                                                    
mvp2    4   26   32   43   26    4   32   43                       -0.01347733578118514262   -0.00255987347320244061                          
mvp2    0   27   32   53   27    0   32   53                       -0.00640586328981295264   -0.30692877202161839012                          
mvp2    0   27   32   43   27    0   32   43                       -0.01185711938282404433   -0.13270628413711238469                          
mvp2    0   27   32   54   27    0   32   54                       -0.00538199480388359790    0.06531806743391106729                          
a_ia   43   53                                                      0.42645926252258226086                                                    
mvp2    0   21   32   53   21    0   32   53                       -0.00874293489900953256   -0.02183634020488585750                          
a_ia   32   53                                                     -0.00178571491883408899                                                    
mvp2    0   21   32   49   21    0   32   49                        0.00895006571768219503   -0.00970576500566706739                          
mvp2    0   21   32   42   21    0   32   42                        0.00715684338413372437    0.05495850845203594653                          
mvp2    0   25   32   42   25    0   32   42                       -0.00747913278257864630    0.08179160801335205733                          
mvp2    0   21   32   43   21    0   32   43                       -0.00579860336749800278   -0.11758365916361601666                          
a_ia    4    5                                                     -0.19582588459601327213                                                    
a_ia   31   32                                                     -0.29580678686197836580                                                    
mvp2    0   27   31   54   27    0   31   54                        0.00730444330793314413   -0.00067326177903984975                          
mvp3   31   53   32   54   31   32   54   53   31   32   53   54   -0.01017775307863707027    0.00001288898086472694    0.00035889623376959568
