op     12   15   40   43   15   12   40   43                       -0.02661400271156046798                                                    
a_ia   12   15                                                      0.00292940366896205688                                                    
op      4   15   32   43   15    4   32   43                       -0.02938549313892079018                                                    
a_ia   32   43                                                      0.00363017928816076856                                                    
op      4   14   32   42   14    4   32   42                       -0.01857871623112654358                                                    
a_ia   12   16                                                     -0.00146438810464872247                                                    
om      4   16   32   44   16    4   32   44                       -0.00899936724228261875                                                    
op     10   16   38   44   16   10   38   44                       -0.01287337436906061360                                                    
op      4   25   32   53   25    4   32   53                       -0.01705793309634245566                                                    
a_ia    4   25                                                     -0.00055058397747244586                                                    
op     12   18   40   46   18   12   40   46                       -0.01448115186904808983                                                    
op      4   21   32   49   21    4   32   49                       -0.01723465570841596975                                                    
op      4   23   32   51   23    4   32   51                       -0.00929053990254327493                                                    
om      4   25   32   54   25    4   32   54                       -0.00735366029318727625                                                    
op      4   25   32   43   25    4   32   43                       -0.01760351109189083746                                                    
op      4   19   32   47   19    4   32   47                       -0.00577325069645661174                                                    
mvp2    4   19   32   43   19    4   32   43                        0.00738883178826097234    0.00000661961423276598                          
a_ia    4   19                                                     -0.00100178879156696842                                                    
op      4   23   32   47   23    4   32   47                        0.00521049609493343807                                                    
