op     12   15   40   43   15   12   40   43                       -0.02671660858028335542                                                    
a_ia   12   15                                                      0.00314668193607867824                                                    
op      4   15   32   43   15    4   32   43                       -0.02849761360037901883                                                    
a_ia   32   43                                                      0.00262616945235723742                                                    
op      4   14   32   42   14    4   32   42                       -0.01881622780374201179                                                    
a_ia   12   16                                                     -0.00160076825952355805                                                    
om      4   16   32   44   16    4   32   44                       -0.00917547770062528828                                                    
op     10   16   38   44   16   10   38   44                       -0.01287191310854719252                                                    
op      4   25   32   53   25    4   32   53                       -0.01685722797446778665                                                    
a_ia    4   25                                                     -0.00065533293724417767                                                    
op     12   18   40   46   18   12   40   46                       -0.01447623719552049854                                                    
op      4   21   32   49   21    4   32   49                       -0.01729039368578258462                                                    
