op     12   15   40   43   15   12   40   43                       -0.02659315388083349080                                                    
a_ia   12   15                                                      0.00250148383259841739                                                    
op      4   15   32   43   15    4   32   43                       -0.02923745694079623453                                                    
a_ia   32   43                                                      0.00444327556608496623                                                    
op      4   14   32   42   14    4   32   42                       -0.02004445021206457261                                                    
a_ia   12   16                                                     -0.00087474120923436264                                                    
om      4   16   32   44   16    4   32   44                       -0.00834026281038101683                                                    
op     10   16   38   44   16   10   38   44                       -0.01182207096090934911                                                    
op      4   25   32   53   25    4   32   53                       -0.01713337445680042023                                                    
a_ia    4   25                                                     -0.00012042776893697810                                                    
op     12   18   40   46   18   12   40   46                       -0.01448668198236558423                                                    
op      4   21   32   49   21    4   32   49                       -0.01735419929119158197                                                    
op      4   23   32   51   23    4   32   51                       -0.00922202844323484830                                                    
om      4   25   32   54   25    4   32   54                       -0.00726362044766734605                                                    
op      4   25   32   43   25    4   32   43                       -0.01735620734125475906                                                    
op      4   19   32   47   19    4   32   47                       -0.00570310986772464609                                                    
mvp2    4   19   32   43   19    4   32   43                        0.00730918854176483297    0.00000704537047279980                          
a_ia    4   19                                                     -0.00108699443775415192                                                    
op      4   23   32   47   23    4   32   47                        0.00516541824907848848                                                    
op      3   16   31   44   16    3   31   44                       -0.02581027489965578847                                                    
a_ia    3   16                                                     -0.00912880634487316794                                                    
a_ia   31   44                                                     -0.00792614037739739971                                                    
mvp2    3   15   31   44   15    3   31   44                       -0.00907249841098602128   -0.00009557447142907639                          
a_ia    3   15                                                     -0.00583606207646963655                                                    
op      4   21   32   42   21    4   32   42                       -0.01240151220577946981                                                    
a_ia    4   21                                                     -0.00091996809489077065                                                    
a_ia   32   42                                                     -0.00249734020886764174                                                    
mvp2    0   14   31   44   14    0   31   44                       -0.01110504841810234893   -0.01483352002145399591                          
a_ia    0   16                                                     -0.00533123896304580312                                                    
a_ia    3   14                                                     -0.00394098526619309289                                                    
om      4   25   32   42   25    4   32   42                        0.00935722190863143288                                                    
mvp2    0   15   31   44   15    0   31   44                       -0.00704870839110981542   -0.00318345028316073270                          
a_ia    0   15                                                     -0.00265017805071669646                                                    
op      6   16   34   44   16    6   34   44                       -0.00999240657155789011                                                    
a_ia   35   44                                                      0.00123556983517895112                                                    
a_ia   34   44                                                      0.00195202175361894868                                                    
a_ia    6   16                                                      0.00184689941617251284                                                    
om      4   26   32   54   26    4   32   54                       -0.00670297802830181842                                                    
op      4   24   32   53   24    4   32   53                        0.00734170077252806110                                                    
a_ia   32   49                                                     -0.00071413010478783455                                                    
