op     12   15   40   43   15   12   40   43                       -0.02658889032363435934                                                    
a_ia   12   15                                                      0.00249475766860236901                                                    
op      4   15   32   43   15    4   32   43                       -0.02933126914956029133                                                    
a_ia   32   43                                                      0.00455918993160227878                                                    
op      4   14   32   42   14    4   32   42                       -0.02014858930563354425                                                    
a_ia   12   16                                                     -0.00087016696770204796                                                    
om      4   16   32   44   16    4   32   44                       -0.00829330998077664611                                                    
op     10   16   38   44   16   10   38   44                       -0.01176769148602528625                                                    
op      4   25   32   53   25    4   32   53                       -0.01707519353903720963                                                    
a_ia    4   25                                                     -0.00011312808035935959                                                    
op     12   18   40   46   18   12   40   46                       -0.01448685353839996443                                                    
op      4   21   32   49   21    4   32   49                       -0.01745921029989444193                                                    
op      4   23   32   51   23    4   32   51                       -0.00927176422147136907                                                    
om      4   25   32   54   25    4   32   54                       -0.00731223980312175389                                                    
op      4   25   32   43   25    4   32   43                       -0.01742410368806956988                                                    
op      4   19   32   47   19    4   32   47                       -0.00576791036575721727                                                    
mvp2    4   19   32   43   19    4   32   43                        0.00732594815203263441    0.00000697087123496181                          
a_ia    4   19                                                     -0.00107288533893443888                                                    
op      4   23   32   47   23    4   32   47                        0.00521997305500797575                                                    
op      3   16   31   44   16    3   31   44                       -0.02562591618179255182                                                    
a_ia    3   16                                                     -0.00912787223394427756                                                    
a_ia   31   44                                                     -0.00792827823409379163                                                    
mvp2    3   15   31   44   15    3   31   44                       -0.00911116585971009918   -0.00009511571739311903                          
a_ia    3   15                                                     -0.00585095590694596594                                                    
op      4   21   32   42   21    4   32   42                       -0.01247190628115670691                                                    
a_ia    4   21                                                     -0.00094579468765545441                                                    
a_ia   32   42                                                     -0.00255680073850268665                                                    
mvp2    0   14   31   44   14    0   31   44                       -0.01106443013608440946   -0.01424876562000588522                          
a_ia    0   16                                                     -0.00534351757323400702                                                    
a_ia    3   14                                                     -0.00393927974235510486                                                    
om      4   25   32   42   25    4   32   42                        0.00945850288653547581                                                    
mvp2    0   15   31   44   15    0   31   44                       -0.00720622893689914969   -0.00293357306642116249                          
a_ia    0   15                                                     -0.00267186924482745161                                                    
op      6   16   34   44   16    6   34   44                       -0.00998793460214634707                                                    
a_ia   35   44                                                      0.00123095250868552621                                                    
a_ia   34   44                                                      0.00186858469913072419                                                    
a_ia    6   16                                                      0.00216116649243801784                                                    
