op     12   15   40   43   15   12   40   43                       -0.02658579470936931963                                                    
a_ia   12   15                                                      0.00244498486568543553                                                    
op      4   15   32   43   15    4   32   43                       -0.02935579095520455747                                                    
a_ia   32   43                                                      0.00466915471119307753                                                    
op      4   14   32   42   14    4   32   42                       -0.02016383262268036519                                                    
a_ia   12   16                                                     -0.00088161924296430725                                                    
om      4   16   32   44   16    4   32   44                       -0.00842007915222936151                                                    
op     10   16   38   44   16   10   38   44                       -0.01181211557598655683                                                    
op      4   25   32   53   25    4   32   53                       -0.01693899541338922052                                                    
a_ia    4   25                                                      0.00001442789254150999                                                    
op     12   18   40   46   18   12   40   46                       -0.01448704549438156047                                                    
op      4   21   32   49   21    4   32   49                       -0.01744711549710606380                                                    
op      4   23   32   51   23    4   32   51                       -0.00927495814008374823                                                    
om      4   25   32   54   25    4   32   54                       -0.00743763988591402553                                                    
op      4   25   32   43   25    4   32   43                       -0.01742628307100096627                                                    
op      4   19   32   47   19    4   32   47                       -0.00577539213449690652                                                    
mvp2    4   19   32   43   19    4   32   43                        0.00733371661418808635    0.00000704384117738097                          
a_ia    4   19                                                     -0.00110236796031825649                                                    
op      4   23   32   47   23    4   32   47                        0.00521338040457199666                                                    
op      3   16   31   44   16    3   31   44                       -0.02564018426899464936                                                    
a_ia    3   16                                                     -0.00919173140681204225                                                    
a_ia   31   44                                                     -0.00803231867621799663                                                    
mvp2    3   15   31   44   15    3   31   44                       -0.00904434551699935703   -0.00008910655463566975                          
a_ia    3   15                                                     -0.00579154301052273515                                                    
op      4   21   32   42   21    4   32   42                       -0.01246902182229329623                                                    
a_ia    4   21                                                     -0.00094907134246424902                                                    
a_ia   32   42                                                     -0.00271454635297546263                                                    
mvp2    0   14   31   44   14    0   31   44                       -0.01108620246023259669   -0.00856806820899841566                          
a_ia    0   16                                                     -0.00533501697408092675                                                    
a_ia    3   14                                                     -0.00394612288065499060                                                    
om      4   25   32   42   25    4   32   42                        0.00946226292835994874                                                    
mvp2    0   15   31   44   15    0   31   44                       -0.00706542716737265132   -0.00050131597092359413                          
a_ia    0   15                                                     -0.00265754757936153413                                                    
op      6   16   34   44   16    6   34   44                       -0.00999270735579190460                                                    
