op     12   15   40   43   15   12   40   43                       -0.02183067949826524023                                                    
a_ia   12   15                                                      0.00081132119837007475                                                    
op      4   15   32   43   15    4   32   43                       -0.03512050033275159605                                                    
a_ia   32   43                                                      0.00485032314949823684                                                    
op      4   14   32   42   14    4   32   42                       -0.01989881184067890385                                                    
a_ia   12   16                                                     -0.00063429655551894249                                                    
om      4   16   32   44   16    4   32   44                       -0.00823070686775039667                                                    
op     10   16   38   44   16   10   38   44                       -0.01183274443522163225                                                    
op      4   25   32   53   25    4   32   53                       -0.01056260798062037126                                                    
a_ia    4   25                                                     -0.00034833606214881846                                                    
op     12   18   40   46   18   12   40   46                       -0.01455899018520476207                                                    
op      4   21   32   49   21    4   32   49                       -0.01779404665044239525                                                    
op      4   23   32   51   23    4   32   51                       -0.00906556547149275568                                                    
om      4   25   32   54   25    4   32   54                       -0.00696470268507752392                                                    
op      4   25   32   43   25    4   32   43                       -0.02256729754834048765                                                    
op      4   19   32   47   19    4   32   47                       -0.00560491220102007307                                                    
mvp2    4   19   32   43   19    4   32   43                        0.00745026787925551302    0.00001684884974671116                          
a_ia    4   19                                                     -0.00122015527035381041                                                    
op      4   23   32   47   23    4   32   47                        0.00510313363727746445                                                    
op      3   16   31   44   16    3   31   44                       -0.02663016931520155450                                                    
a_ia    3   16                                                     -0.00891408666052928567                                                    
a_ia   31   44                                                     -0.00788974514213626639                                                    
mvp2    3   15   31   44   15    3   31   44                       -0.00963761369410038801   -0.00067832075976317332                          
a_ia    3   15                                                     -0.00555084633742055321                                                    
op      4   21   32   42   21    4   32   42                       -0.01276777510788486281                                                    
a_ia    4   21                                                     -0.00075276107648455221                                                    
a_ia   32   42                                                     -0.00160688893294567959                                                    
mvp2    0   14   31   44   14    0   31   44                       -0.01087337621416463798   -0.26996043502777422596                          
a_ia    0   16                                                     -0.00529992674625470207                                                    
a_ia    3   14                                                     -0.00417016566084617984                                                    
om      4   25   32   42   25    4   32   42                        0.00934526796587974336                                                    
mvp2    0   15   31   44   15    0   31   44                       -0.00698373259239384956   -0.11789305941306910119                          
a_ia    0   15                                                     -0.00216308131103857149                                                    
op      6   16   34   44   16    6   34   44                       -0.01001233982864451096                                                    
a_ia   35   44                                                      0.00125310474689593215                                                    
a_ia   34   44                                                      0.00202258653627455931                                                    
a_ia    6   16                                                      0.00188193895860075964                                                    
om      4   26   32   54   26    4   32   54                       -0.00656836369255600887                                                    
op      4   24   32   53   24    4   32   53                        0.00572511573702730921                                                    
a_ia   32   49                                                     -0.00078990317940147361                                                    
mvp2    4   26   32   43   26    4   32   43                       -0.01187124444924961449   -0.00188385736127395461                          
mvp2    0   27   32   53   27    0   32   53                       -0.00589410713689516273   -0.29972943306693655696                          
mvp2    0   27   32   43   27    0   32   43                       -0.01066797797319741885   -0.12301831869829198129                          
mvp2    0   27   32   54   27    0   32   54                       -0.00506135663539066492    0.03969846830716668856                          
a_ia   43   53                                                      0.36043489194547595478                                                    
mvp2    0   21   32   53   21    0   32   53                       -0.00747061566664487635   -0.00440058677429260720                          
a_ia   32   53                                                     -0.00210369521766506353                                                    
mvp2    0   21   32   49   21    0   32   49                        0.00772147713265412903   -0.00000244789495246789                          
mvp2    0   21   32   42   21    0   32   42                        0.00620589191235103917    0.00036671069713479251                          
mvp2    0   25   32   42   25    0   32   42                       -0.00651302586841918767    0.00014203805777975519                          
