op     12   15   40   43   15   12   40   43                       -0.02662783355707029273                                                    
a_ia   12   15                                                      0.00301449738587960007                                                    
op      4   15   32   43   15    4   32   43                       -0.02932405566261163388                                                    
a_ia   32   43                                                      0.00333821398227600796                                                    
op      4   14   32   42   14    4   32   42                       -0.01858965700682988983                                                    
a_ia   12   16                                                     -0.00149439345707136958                                                    
om      4   16   32   44   16    4   32   44                       -0.00907021899812136996                                                    
op     10   16   38   44   16   10   38   44                       -0.01287263391383519119                                                    
op      4   25   32   53   25    4   32   53                       -0.01707061405605149462                                                    
a_ia    4   25                                                     -0.00060831770680872508                                                    
op     12   18   40   46   18   12   40   46                       -0.01447977754323710037                                                    
op      4   21   32   49   21    4   32   49                       -0.01724970780695367356                                                    
op      4   23   32   51   23    4   32   51                       -0.00933841697503796919                                                    
om      4   25   32   54   25    4   32   54                       -0.00736868467830455436                                                    
op      4   25   32   43   25    4   32   43                       -0.01767674466356876015                                                    
