op     12   15   40   43   15   12   40   43                       -0.02658943796015001901                                                    
a_ia   12   15                                                      0.00249574464797194849                                                    
op      4   15   32   43   15    4   32   43                       -0.02934335305631178420                                                    
a_ia   32   43                                                      0.00456387632708744623                                                    
op      4   14   32   42   14    4   32   42                       -0.02015195873158571668                                                    
a_ia   12   16                                                     -0.00087086110223516186                                                    
om      4   16   32   44   16    4   32   44                       -0.00836848272358078557                                                    
op     10   16   38   44   16   10   38   44                       -0.01179076064617065080                                                    
op      4   25   32   53   25    4   32   53                       -0.01702586698085423178                                                    
a_ia    4   25                                                     -0.00008956372606889602                                                    
op     12   18   40   46   18   12   40   46                       -0.01448681204915971965                                                    
op      4   21   32   49   21    4   32   49                       -0.01744977045242010472                                                    
op      4   23   32   51   23    4   32   51                       -0.00927119234043468320                                                    
om      4   25   32   54   25    4   32   54                       -0.00732163926551107971                                                    
op      4   25   32   43   25    4   32   43                       -0.01742454419609109489                                                    
op      4   19   32   47   19    4   32   47                       -0.00577062034997918253                                                    
mvp2    4   19   32   43   19    4   32   43                        0.00732987357134072710    0.00000698831330776158                          
a_ia    4   19                                                     -0.00107643244060231721                                                    
op      4   23   32   47   23    4   32   47                        0.00521697966515073577                                                    
op      3   16   31   44   16    3   31   44                       -0.02570834503717483663                                                    
a_ia    3   16                                                     -0.00912851164029964031                                                    
a_ia   31   44                                                     -0.00792700712450807379                                                    
mvp2    3   15   31   44   15    3   31   44                       -0.00909277867195702229   -0.00009521533289349062                          
a_ia    3   15                                                     -0.00584936030892158152                                                    
op      4   21   32   42   21    4   32   42                       -0.01246806375028857578                                                    
a_ia    4   21                                                     -0.00094784707869708252                                                    
a_ia   32   42                                                     -0.00255845724137807430                                                    
mvp2    0   14   31   44   14    0   31   44                       -0.01108459576387818037   -0.01436306235118107490                          
a_ia    0   16                                                     -0.00533850562501909584                                                    
a_ia    3   14                                                     -0.00394008901026105928                                                    
om      4   25   32   42   25    4   32   42                        0.00945712880497729530                                                    
mvp2    0   15   31   44   15    0   31   44                       -0.00711519784926605871   -0.00298229097018746581                          
a_ia    0   15                                                     -0.00266308867206179779                                                    
op      6   16   34   44   16    6   34   44                       -0.00999211953472954086                                                    
a_ia   35   44                                                      0.00123103817572487589                                                    
a_ia   34   44                                                      0.00189014690840987737                                                    
a_ia    6   16                                                      0.00207706069928961443                                                    
om      4   26   32   54   26    4   32   54                       -0.00664903125437318280                                                    
