op     12   15   40   43   15   12   40   43                       -0.02659341344448399105                                                    
a_ia   12   15                                                      0.00250380759289350018                                                    
op      4   15   32   43   15    4   32   43                       -0.02924398543133010370                                                    
a_ia   32   43                                                      0.00441921966057370452                                                    
op      4   14   32   42   14    4   32   42                       -0.02004262587722101599                                                    
a_ia   12   16                                                     -0.00087458424500794956                                                    
om      4   16   32   44   16    4   32   44                       -0.00833831673920218917                                                    
op     10   16   38   44   16   10   38   44                       -0.01181905809856993554                                                    
op      4   25   32   53   25    4   32   53                       -0.01700719245848864719                                                    
a_ia    4   25                                                     -0.00011715340254390454                                                    
op     12   18   40   46   18   12   40   46                       -0.01448658602657531581                                                    
op      4   21   32   49   21    4   32   49                       -0.01742940655663100316                                                    
op      4   23   32   51   23    4   32   51                       -0.00921027900802471808                                                    
om      4   25   32   54   25    4   32   54                       -0.00727299444854519368                                                    
op      4   25   32   43   25    4   32   43                       -0.01738617966878343302                                                    
op      4   19   32   47   19    4   32   47                       -0.00571976647656361435                                                    
mvp2    4   19   32   43   19    4   32   43                        0.00730729286717175103    0.00000702134704565473                          
a_ia    4   19                                                     -0.00108106108902732904                                                    
op      4   23   32   47   23    4   32   47                        0.00517373869073169124                                                    
op      3   16   31   44   16    3   31   44                       -0.02579922690697808094                                                    
a_ia    3   16                                                     -0.00912346369511202356                                                    
a_ia   31   44                                                     -0.00792095006625560989                                                    
mvp2    3   15   31   44   15    3   31   44                       -0.00907620433794359416   -0.00009573424851981976                          
a_ia    3   15                                                     -0.00583591861329897828                                                    
op      4   21   32   42   21    4   32   42                       -0.01241783005077132067                                                    
a_ia    4   21                                                     -0.00089113584133679400                                                    
a_ia   32   42                                                     -0.00249203781553170890                                                    
mvp2    0   14   31   44   14    0   31   44                       -0.01110185364591567171   -0.01499420461000735595                          
a_ia    0   16                                                     -0.00533458354489625176                                                    
a_ia    3   14                                                     -0.00393606726257735712                                                    
om      4   25   32   42   25    4   32   42                        0.00938361505714554664                                                    
mvp2    0   15   31   44   15    0   31   44                       -0.00706113908553192022   -0.00325224739111374707                          
a_ia    0   15                                                     -0.00264706132092345841                                                    
op      6   16   34   44   16    6   34   44                       -0.00999112486143255082                                                    
a_ia   35   44                                                      0.00123874912293449237                                                    
a_ia   34   44                                                      0.00196295247120668176                                                    
a_ia    6   16                                                      0.00181908302717053664                                                    
om      4   26   32   54   26    4   32   54                       -0.00665293743217592031                                                    
op      4   24   32   53   24    4   32   53                        0.00734372923173998507                                                    
a_ia   32   49                                                     -0.00066300962802131149                                                    
mvp2    4   26   32   43   26    4   32   43                       -0.00896446714061413866   -0.00000040644371803673                          
