op     12   15   40   43   15   12   40   43                       -0.02658157664134059087                                                    
a_ia   12   15                                                      0.00252924266618061817                                                    
op      4   15   32   43   15    4   32   43                       -0.02940921827784430398                                                    
a_ia   32   43                                                      0.00429101986591395954                                                    
op      4   14   32   42   14    4   32   42                       -0.01860112230703979061                                                    
a_ia   12   16                                                     -0.00119046755369538594                                                    
om      4   16   32   44   16    4   32   44                       -0.00870373673352549219                                                    
op     10   16   38   44   16   10   38   44                       -0.01207798600954028065                                                    
op      4   25   32   53   25    4   32   53                       -0.01707630161225184504                                                    
a_ia    4   25                                                     -0.00018025781135984215                                                    
op     12   18   40   46   18   12   40   46                       -0.01448526501016869465                                                    
op      4   21   32   49   21    4   32   49                       -0.01730183694411300752                                                    
op      4   23   32   51   23    4   32   51                       -0.00935589982551253418                                                    
om      4   25   32   54   25    4   32   54                       -0.00735385064427466692                                                    
op      4   25   32   43   25    4   32   43                       -0.01761162661596771609                                                    
op      4   19   32   47   19    4   32   47                       -0.00581548995652594013                                                    
mvp2    4   19   32   43   19    4   32   43                        0.00738151939204646865    0.00000624207697812924                          
a_ia    4   19                                                     -0.00093605802439749295                                                    
op      4   23   32   47   23    4   32   47                        0.00518902542603435178                                                    
op      3   16   31   44   16    3   31   44                       -0.02591717243816464220                                                    
a_ia    3   16                                                     -0.01033759423096521426                                                    
