op     12   15   40   43   15   12   40   43                       -0.02652007393140581523                                                    
a_ia   12   15                                                      0.00245901052730448282                                                    
op      4   15   32   43   15    4   32   43                       -0.02957117671667248981                                                    
a_ia   32   43                                                      0.00426589724163522598                                                    
op      4   14   32   42   14    4   32   42                       -0.02011038135691111534                                                    
a_ia   12   16                                                     -0.00077987406996542067                                                    
om      4   16   32   44   16    4   32   44                       -0.00839194218806301948                                                    
op     10   16   38   44   16   10   38   44                       -0.01183482926535403545                                                    
op      4   25   32   53   25    4   32   53                       -0.01791217554392078581                                                    
a_ia    4   25                                                     -0.00001814740618455839                                                    
op     12   18   40   46   18   12   40   46                       -0.01449049478623436887                                                    
op      4   21   32   49   21    4   32   49                       -0.01741934189347955561                                                    
op      4   23   32   51   23    4   32   51                       -0.00916219818866306768                                                    
om      4   25   32   54   25    4   32   54                       -0.00722089093964487731                                                    
op      4   25   32   43   25    4   32   43                       -0.01709948451848583920                                                    
op      4   19   32   47   19    4   32   47                       -0.00570812425342985715                                                    
mvp2    4   19   32   43   19    4   32   43                        0.00735782116006712152    0.00002610308010771295                          
a_ia    4   19                                                     -0.00124146186951124677                                                    
op      4   23   32   47   23    4   32   47                        0.00522313088884340023                                                    
op      3   16   31   44   16    3   31   44                       -0.02661693773755215847                                                    
a_ia    3   16                                                     -0.00896727749169879199                                                    
a_ia   31   44                                                     -0.00768554442304973402                                                    
mvp2    3   15   31   44   15    3   31   44                       -0.00963790300204321257   -0.00040462446165519635                          
a_ia    3   15                                                     -0.00584158232463547616                                                    
op      4   21   32   42   21    4   32   42                       -0.01242956721805942889                                                    
a_ia    4   21                                                     -0.00121754587667507108                                                    
a_ia   32   42                                                     -0.00221963598736198576                                                    
mvp2    0   14   31   44   14    0   31   44                       -0.01088516140379477276   -0.27971090954264443695                          
a_ia    0   16                                                     -0.00518250329188014308                                                    
a_ia    3   14                                                     -0.00414324035191321067                                                    
om      4   25   32   42   25    4   32   42                        0.00934733836960702398                                                    
mvp2    0   15   31   44   15    0   31   44                       -0.00699994401854546998   -0.11655887307734438818                          
a_ia    0   15                                                     -0.00177922384153088027                                                    
op      6   16   34   44   16    6   34   44                       -0.01000606217016670151                                                    
a_ia   35   44                                                      0.00125125091832354869                                                    
a_ia   34   44                                                      0.00198669611301516107                                                    
a_ia    6   16                                                      0.00186310177222509250                                                    
om      4   26   32   54   26    4   32   54                       -0.00671761948767740473                                                    
op      4   24   32   53   24    4   32   53                        0.00799762867884185220                                                    
a_ia   32   49                                                     -0.00056725411002506740                                                    
mvp2    4   26   32   43   26    4   32   43                       -0.00890760667190153982   -0.00105018063159996932                          
mvp2    0   27   32   53   27    0   32   53                       -0.00926939766641566611   -0.33722659980504160471                          
