-4.224204169710135943e+02
-4.224463707870764893e+02
-4.224661699305556795e+02
-4.224879751713328915e+02
-4.224981935414659802e+02
-4.225093849334141964e+02
-4.225250553046885784e+02
-4.225296995545638197e+02
-4.225425283676984805e+02
-4.225525176642868246e+02
-4.225607448933059800e+02
-4.225697399425353069e+02
-4.225760647792675968e+02
-4.225788267594986110e+02
-4.225824751571104230e+02
-4.225837778687031232e+02
-4.225860303231785906e+02
-4.225892575374430180e+02
-4.225952123905514100e+02
-4.225992165787807835e+02
-4.226015614871345747e+02
-4.226059755488201972e+02
-4.226072766070291209e+02
-4.226073724368145008e+02
-4.226085131421386905e+02
-4.226091666896613219e+02
-4.226103694864056024e+02
-4.226110146820598175e+02
-4.226119035988378982e+02
-4.226130596924800784e+02
-4.226131723599393126e+02
-4.226134774267002854e+02
-4.226135262094721270e+02
-4.226135857344223723e+02
-4.226136544560924904e+02
-4.226143526935313730e+02
-4.226143855007732100e+02
-4.226178663741952732e+02
-4.226179684906073817e+02
-4.226192840014804801e+02
-4.226193340143078103e+02
-4.226206763001890749e+02
-4.226207456834650884e+02
-4.226207871599677901e+02
-4.226208300055409950e+02
-4.226212148505700839e+02
-4.226212468700430804e+02
-4.226213092050048772e+02
-4.226213678834944858e+02
-4.226213988475570886e+02
-4.226214332380687893e+02
-4.226214714658573826e+02
-4.226215051824124203e+02
-4.226215664881270868e+02
-4.226215967617483216e+02
-4.226216356348878094e+02
-4.226216556604442189e+02
-4.226217081757552023e+02
-4.226217372023397161e+02
-4.226220780187708215e+02
-4.226220996724525207e+02
-4.226221354967469210e+02
-4.226221792547564178e+02
-4.226222229938343844e+02
-4.226222742475512177e+02
-4.226223060429683756e+02
-4.226223401126321164e+02
-4.226223761852883172e+02
-4.226223974820596254e+02
-4.226224367599969014e+02
-4.226224801298952798e+02
-4.226225026234334905e+02
-4.226225194812155905e+02
-4.226225469192543756e+02
-4.226225709775787891e+02
-4.226225908551567727e+02
-4.226226054058818136e+02
-4.226226261092126038e+02
-4.226226649824520223e+02
-4.226226887848861793e+02
-4.226227102978226071e+02
-4.226227246853289898e+02
-4.226227633027958746e+02
-4.226228043227479816e+02
-4.226228239080273852e+02
-4.226228429501734922e+02
-4.226228608116181817e+02
-4.226228802110546781e+02
-4.226228984507466180e+02
-4.226229170176221146e+02
-4.226229348524465763e+02
-4.226229496436156978e+02
-4.226229785606162750e+02
-4.226230019458446918e+02
-4.226230309309149220e+02
