op     30   32   94   96   32   30   94   96                       -0.07774855614886061472                                                    
op     30   33   94   97   33   30   94   97                       -0.07127128219041552193                                                    
op      0   35   64   99   35    0   64   99                       -0.01313639273017547932                                                    
op      0   63   64  127   63    0   64  127                       -0.00829862352422699665                                                    
op      0   36   64  100   36    0   64  100                       -0.00421451969827685985                                                    
op      0   37   64  101   37    0   64  101                       -0.00220236783605656187                                                    
op      0   43   64  107   43    0   64  107                       -0.00311267559730542352                                                    
op      0   44   64  108   44    0   64  108                       -0.00292014606305717687                                                    
mvp3   28   32   30   33   28   30   33   32   28   30   32   33    0.05019807320823825580    0.58570284568862662766    0.03074253375438805794
op      0   42   64  106   42    0   64  106                       -0.00250948221871856014                                                    
mvp2   30   33   92   96   33   30   92   96                        0.03718329859086194622   -0.67094050263552540425                          
op     31   34   95   97   34   31   95   97                        0.00607219965061252514                                                    
op      0   41   64  105   41    0   64  105                       -0.00197238148785947595                                                    
op      0   46   64  110   46    0   64  110                       -0.00247836160295281886                                                    
op      0   45   64  109   45    0   64  109                       -0.00184979201496525349                                                    
op      0   48   64  112   48    0   64  112                       -0.00250794926574905057                                                    
op      0   56   64  120   56    0   64  120                       -0.00475578646062921068                                                    
op      0   49   64  113   49    0   64  113                       -0.00178841030640119092                                                    
op      0   63   64  107   63    0   64  107                       -0.00283736930106382075                                                    
op      0   45   64  112   45    0   64  112                       -0.00151169061933643305                                                    
