op     30   32   94   96   32   30   94   96                       -0.07774951267868548954                                                    
op     30   33   94   97   33   30   94   97                       -0.07124747568864753244                                                    
op      0   35   64   99   35    0   64   99                       -0.01319954630053208657                                                    
op      0   63   64  127   63    0   64  127                       -0.00831748582674175958                                                    
op      0   36   64  100   36    0   64  100                       -0.00425169566088283348                                                    
op      0   37   64  101   37    0   64  101                       -0.00223021769990950020                                                    
op      0   43   64  107   43    0   64  107                       -0.00310699283431354082                                                    
op      0   44   64  108   44    0   64  108                       -0.00295454534603276607                                                    
mvp3   28   32   30   33   28   30   33   32   28   30   32   33    0.05018054221653332064    0.58583969620202713813    0.03040204263844006188
op      0   42   64  106   42    0   64  106                       -0.00254038151270510187                                                    
mvp2   30   33   92   96   33   30   92   96                        0.03718598753605423940   -0.67083979291998552252                          
op     31   34   95   97   34   31   95   97                        0.00608234310957732338                                                    
op      0   41   64  105   41    0   64  105                       -0.00199644219382844696                                                    
op      0   46   64  110   46    0   64  110                       -0.00251660600202678001                                                    
op      0   45   64  109   45    0   64  109                       -0.00188545120894824739                                                    
