op     30   32   94   96   32   30   94   96                       -0.07775008883443340624                                                    
op     30   33   94   97   33   30   94   97                       -0.07122984256542162773                                                    
op      0   35   64   99   35    0   64   99                       -0.01323036970478553079                                                    
op      0   63   64  127   63    0   64  127                       -0.00831517367569635166                                                    
op      0   36   64  100   36    0   64  100                       -0.00427820797789702466                                                    
op      0   37   64  101   37    0   64  101                       -0.00224988819579270303                                                    
op      0   43   64  107   43    0   64  107                       -0.00312665477782171804                                                    
op      0   44   64  108   44    0   64  108                       -0.00297505702037616660                                                    
mvp3   28   32   30   33   28   30   33   32   28   30   32   33    0.05016815166466899456    0.58589744174609981187    0.03025821572105561949
op      0   42   64  106   42    0   64  106                       -0.00255428904522762672                                                    
mvp2   30   33   92   96   33   30   92   96                        0.03718665909675614861   -0.67079721728600594233                          
op     31   34   95   97   34   31   95   97                        0.00609188097076728084                                                    
op      0   41   64  105   41    0   64  105                       -0.00200660001591355074                                                    
