op     30   32   94   96   32   30   94   96                       -0.07774884465447030879                                                    
op     30   33   94   97   33   30   94   97                       -0.07126423985862394284                                                    
op      0   35   64   99   35    0   64   99                       -0.01315655137082472406                                                    
op      0   63   64  127   63    0   64  127                       -0.00826126605782900522                                                    
op      0   36   64  100   36    0   64  100                       -0.00422376835428528788                                                    
op      0   37   64  101   37    0   64  101                       -0.00220648564541417241                                                    
op      0   43   64  107   43    0   64  107                       -0.00307625824836214000                                                    
op      0   44   64  108   44    0   64  108                       -0.00292586234127404071                                                    
mvp3   28   32   30   33   28   30   33   32   28   30   32   33    0.05019267745545233361    0.58575624075085719333    0.03060974481578396245
op      0   42   64  106   42    0   64  106                       -0.00251553574759092466                                                    
mvp2   30   33   92   96   33   30   92   96                        0.03718445948444946969   -0.67090123837375315041                          
op     31   34   95   97   34   31   95   97                        0.00607481737369040126                                                    
op      0   41   64  105   41    0   64  105                       -0.00197760214337598574                                                    
op      0   46   64  110   46    0   64  110                       -0.00249095177414140629                                                    
op      0   45   64  109   45    0   64  109                       -0.00186327285264364538                                                    
op      0   48   64  112   48    0   64  112                       -0.00251888653738702910                                                    
op      0   56   64  120   56    0   64  120                       -0.00476068438451256615                                                    
op      0   49   64  113   49    0   64  113                       -0.00179133536534506802                                                    
