op     30   32   94   96   32   30   94   96                       -0.08032356376294458311                                                    
op     30   33   94   97   33   30   94   97                       -0.08236897851871440024                                                    
op      0   35   64   99   35    0   64   99                       -0.01309622606503862106                                                    
op      0   63   64  127   63    0   64  127                       -0.00837833223915740444                                                    
op      0   36   64  100   36    0   64  100                       -0.00420634489446266614                                                    
op      0   37   64  101   37    0   64  101                       -0.00221572588046937838                                                    
op      0   43   64  107   43    0   64  107                       -0.00304346451854157129                                                    
op      0   44   64  108   44    0   64  108                       -0.00306616573821840658                                                    
mvp3   28   32   30   33   28   30   33   32   28   30   32   33    0.04737888932447756329    0.46499520528233034833    0.17436997756544098115
op      0   42   64  106   42    0   64  106                       -0.00249235996051109208                                                    
mvp2   30   33   92   96   33   30   92   96                        0.03287450335988256062   -0.75842584036301741168                          
op     31   34   95   97   34   31   95   97                        0.00607016705627547951                                                    
op      0   41   64  105   41    0   64  105                       -0.00200598788878235271                                                    
op      0   46   64  110   46    0   64  110                       -0.00265430414396243498                                                    
op      0   45   64  109   45    0   64  109                       -0.00194323288720743103                                                    
op      0   48   64  112   48    0   64  112                       -0.00252367545005244102                                                    
op      0   56   64  120   56    0   64  120                       -0.00468034868475016019                                                    
op      0   49   64  113   49    0   64  113                       -0.00189688205408245977                                                    
op      0   63   64  107   63    0   64  107                       -0.00277135576176977148                                                    
op      0   45   64  112   45    0   64  112                       -0.00151128010049795202                                                    
op      0   49   64  110   49    0   64  110                       -0.00161901720808054882                                                    
mvp2   14   34   94   96   34   14   94   96                        0.01840634656688504983   -0.05383703018224419989                          
op     26   32   89   96   32   26   89   96                        0.01505291934230803749                                                    
op     25   32   89   96   32   25   89   96                       -0.01931503341570640561                                                    
op      0   45   64  110   45    0   64  110                        0.00127355264925779104                                                    
mvp2   30   33   94   96   33   30   94   96                        0.05145426003128859838   -0.33972229034399692438                          
a_ia   26   34                                                     -0.00065231414851763046                                                    
mvp3   89   96   94   98   89   94   98   96   89   94   96   98    0.01056233219973528453   -0.87794798716029653907    0.03242960551924971291
mvp2   28   34   92   98   34   28   92   98                       -0.03308940340946722736    0.72994718151485660229                          
a_ia   89   94                                                      0.08231939157986092881                                                    
a_ia   92   94                                                     -0.14174086128940774354                                                    
op      0   46   64  108   46    0   64  108                        0.00178590800303264716                                                    
mvp2   14   33   92   98   33   14   92   98                       -0.00974331354684392949   -0.11093981594377515243                          
op      0   63   64  106   63    0   64  106                        0.00128045504275002423                                                    
a_ia   26   32                                                     -0.00089054100499706159                                                    
op      0   46   64  105   46    0   64  105                       -0.00110099430477772877                                                    
mvp2   22   37   92   98   37   22   92   98                       -0.00835046612659439899   -0.23220551677555947845                          
op      0   45   64  127   45    0   64  127                       -0.00209678635374494111                                                    
mvp2   28   32   92   97   32   28   92   97                        0.02257032037722045414    0.09962504437245892075                          
mvp3   14   33   30   34   14   30   34   33   14   30   33   34    0.01029351767044266695   -0.83402588831553781112   -0.10563770296078599242
