op     25   26   77   78   26   25   77   78                       -0.10674103297037164373                                                    
op     25   27   77   79   27   25   77   79                       -0.14303577474575832063                                                    
mvp2   26   27   75   77   27   26   75   77                       -0.79338820508397900344   -1.13002598885412464114                          
op     12   26   75   97   26   12   75   97                       -0.01783511465159067291                                                    
mvp2   24   26   75   78   26   24   75   78                        0.01681274492867533207    0.16012443717396279697                          
op      0   51   52  103   51    0   52  103                       -0.00888839077824605736                                                    
op      0   29   52   81   29    0   52   81                       -0.01162995931681783460                                                    
op      0   30   52   82   30    0   52   82                       -0.00809607140738205847                                                    
op      0   26   52   78   26    0   52   78                       -0.00791614372798359577                                                    
mvp2   23   27   75   79   27   23   75   79                       -0.08416682892512515612    1.22062321474083401718                          
mvp2   12   26   52   81   26   12   52   81                        0.01391717845687019672    0.63041482807614213080                          
mvp2   52   81   75   97   52   75   97   81                        0.01879373282372239981   -0.00685686920923847532                          
mvp2    0   30   52   81   30    0   52   81                        0.00394189383481842893    0.53057542003836333233                          
op      0   38   52   90   38    0   52   90                       -0.00710477650132607455                                                    
op      0   33   52   85   33    0   52   85                       -0.00360546577860041979                                                    
op      0   34   52   86   34    0   52   86                       -0.00399835339280963861                                                    
op      0   35   52   87   35    0   52   87                       -0.00407891151573026509                                                    
mvp2    0   51   64   97   51    0   64   97                       -0.00968260427683274340    0.66627093873481235686                          
mvp2    0   29   75   97   29    0   75   97                       -0.03420584863173998375    0.43864271691444539636                          
a_ia   64   75                                                     -0.27389231362531307745                                                    
mvp2    0   29   75   97   29    0   75   97                        0.04009029549963248618   -0.07543907642376845857                          
mvp2    0   34   64   97   34    0   64   97                       -0.00582332169585450185    0.14484497683518324229                          
mvp2    0   34   52  103   34    0   52  103                       -0.00309004794636890930   -0.05183332459117168806                          
mvp2   23   26   75   97   26   23   75   97                        0.00944455773013646790    0.00509046387095994646                          
om      0   38   52   82   38    0   52   82                       -0.00465676125518361701                                                    
a_ia    0   28                                                      0.00065048789932338686                                                    
op      0   35   52   82   35    0   52   82                        0.00357769584731679625                                                    
mvp3    0   26   12   34    0   12   34   26    0   12   26   34   -0.00493977051113971260   -0.11060890922015871596   -0.05437149428027993753
a_ia   75   97                                                      0.00124537698720116009                                                    
mvp2   12   26   52  103   26   12   52  103                        0.00767864604244697206   -0.25214378458510361414                          
mvp2   23   51   75  103   51   23   75  103                       -0.00210302110353414356    0.09406815822195670196                          
mvp2    0   34   75   97   34    0   75   97                        0.00474046657143384169    0.07114788697212617863                          
mvp2    0   26   64   81   26    0   64   81                        0.00401748896160798730    0.54748459575488050977                          
mvp2    0   29   52   86   29    0   52   86                       -0.00582292232355061893    0.56048160741215669045                          
a_ia   52   86                                                     -0.00000666699515988689                                                    
mvp3    0   26   12   51    0   12   51   26    0   12   26   51   -0.00718921342547199950   -0.10315933736498181239    0.20187451303796813407
mvp2   23   27   77   78   27   23   77   78                       -0.03740097416273019393   -0.63241939004782987688                          
mvp2    0   29   52   90   29    0   52   90                        0.00567626662709482584   -0.05197513841776166266                          
mvp2    0   28   52   82   28    0   52   82                       -0.00202798451032994067    0.00016425539929453191                          
mvp2    0   51   52   90   51    0   52   90                        0.00253639325431134679   -0.04343525179218317434                          
mvp2    0   30   52  103   30    0   52  103                        0.00279115149763780072    0.02804371531038450660                          
mvp2   12   26   77   79   26   12   77   79                       -0.02691821712460195845    0.02674053154657146658                          
a_ia   64   86                                                      0.00060412751577079129                                                    
