op     25   26   77   78   26   25   77   78                       -0.11871688811879581305                                                    
op     25   27   77   79   27   25   77   79                       -0.15033651201280662235                                                    
mvp2   26   27   75   77   27   26   75   77                       -0.77398910606467141715   -1.14592331016382953379                          
op     12   26   75   97   26   12   75   97                       -0.02226723641934585940                                                    
mvp2   24   26   75   78   26   24   75   78                        0.01458315471133649413    0.14858166364382527358                          
op      0   51   52  103   51    0   52  103                       -0.01026455022928865479                                                    
op      0   29   52   81   29    0   52   81                       -0.01949879847975691249                                                    
op      0   30   52   82   30    0   52   82                       -0.00788905765344200330                                                    
op      0   26   52   78   26    0   52   78                       -0.00773471167995894073                                                    
mvp2   23   27   75   79   27   23   75   79                       -0.08687428545874015251    1.20579192638004006888                          
mvp2   12   26   52   81   26   12   52   81                        0.01410720698237384781    0.85321526693002647246                          
mvp2   52   81   75   97   52   75   97   81                        0.02456474731092311500   -0.05135656385030674259                          
mvp2    0   30   52   81   30    0   52   81                        0.00489349315641931810    0.30054317111829204068                          
op      0   38   52   90   38    0   52   90                       -0.00832117535512159195                                                    
op      0   33   52   85   33    0   52   85                       -0.00347679267237015286                                                    
op      0   34   52   86   34    0   52   86                       -0.00491132647506642428                                                    
op      0   35   52   87   35    0   52   87                       -0.00403137827761971320                                                    
mvp2    0   51   64   97   51    0   64   97                       -0.00941046842415424294    0.80449643469291054476                          
mvp2    0   29   75   97   29    0   75   97                       -0.03353007563461948143    0.73492033899744824144                          
a_ia   64   75                                                     -0.30574570210706814022                                                    
mvp2    0   29   75   97   29    0   75   97                        0.03924171710497749432   -0.59283592529865469789                          
mvp2    0   34   64   97   34    0   64   97                       -0.00714930172107417893   -0.16712994459119148716                          
mvp2    0   34   52  103   34    0   52  103                       -0.00090903445078733777    0.01693195443964472940                          
mvp2   23   26   75   97   26   23   75   97                        0.01009864164920460002    0.00480850341318025867                          
om      0   38   52   82   38    0   52   82                       -0.00564571463202661813                                                    
a_ia    0   28                                                      0.00083112273726038859                                                    
op      0   35   52   82   35    0   52   82                        0.00341659056539760347                                                    
mvp3    0   26   12   34    0   12   34   26    0   12   26   34   -0.00139321658181597785   -0.21687468131914139358   -0.10819794242348988733
a_ia   75   97                                                      0.00129810777584270123                                                    
mvp2   12   26   52  103   26   12   52  103                        0.01164709204695635152   -0.32263698856468997489                          
mvp2   23   51   75  103   51   23   75  103                       -0.00214240935815914304    0.28296473219505702268                          
mvp2    0   34   75   97   34    0   75   97                        0.00575875116263603343    0.36130169597497951983                          
mvp2    0   26   64   81   26    0   64   81                        0.00444305272873660260    0.57354905422104862645                          
mvp2    0   29   52   86   29    0   52   86                       -0.00658430872012408502    0.56661091164971455481                          
a_ia   52   86                                                     -0.00016461084549627901                                                    
mvp3    0   26   12   51    0   12   51   26    0   12   26   51   -0.00712953432201177129   -0.20080552938320775369    0.21498660863027080348
mvp2   23   27   77   78   27   23   77   78                       -0.03870158573354112730   -0.61271372297395410023                          
mvp2    0   29   52   90   29    0   52   90                        0.00703498687057061128   -0.34157124630169599655                          
mvp2    0   28   52   82   28    0   52   82                       -0.00229326867606827276    0.02316768077031952991                          
mvp2    0   51   52   90   51    0   52   90                        0.00314071073312187409   -0.13410982821454256464                          
mvp2    0   30   52  103   30    0   52  103                        0.00342972619029954101    0.44808027126970950693                          
mvp2   12   26   77   79   26   12   77   79                       -0.02756907293106027751    0.02035066993836569249                          
a_ia   64   86                                                      0.00089101468242296176                                                    
mvp2    0   38   52  103   38    0   52  103                        0.00367938111130487917    0.54082537709722666719                          
a_ia   24   25                                                     -0.21313552426744833412                                                    
a_ia   52   69                                                     -0.24951325874417451534                                                    
a_ia   75   76                                                     -0.24349710116989328745                                                    
a_ia   73   77                                                      0.06917668033849809495                                                    
a_ia    0   16                                                     -0.33134872741014137487                                                    
a_ia   78   89                                                      0.15743470621233376927                                                    
a_ia   23   27                                                      0.00438849057408797257                                                    
mvp2    0   29   52   82   29    0   52   82                        0.00433031445153866500   -0.00457568276208036775                          
a_ia   21   25                                                      0.01917467766490451794                                                    
a_ia   21   25                                                      0.01893944854069963893                                                    
a_ia   21   25                                                      0.01799257605460060500                                                    
a_ia   21   25                                                      0.01722467047646188132                                                    
mvp2    0   51   52  103   51    0   52  103                       -0.00316519001929752930    0.00004165431398984787                          
