op     25   26   77   78   26   25   77   78                       -0.14707047475032800077                                                    
op     25   27   77   79   27   25   77   79                       -0.08430195395973831551                                                    
mvp2   26   27   75   77   27   26   75   77                       -0.55890310870929937881   -0.77540431687239186331                          
op     12   26   75   97   26   12   75   97                       -0.01253648907795157884                                                    
mvp2   24   26   75   78   26   24   75   78                        0.01931159422005970100    0.15855966901624951593                          
op      0   51   52  103   51    0   52  103                       -0.00846562011295830946                                                    
op      0   29   52   81   29    0   52   81                       -0.00959558489738659981                                                    
op      0   30   52   82   30    0   52   82                       -0.00780062513168483518                                                    
op      0   26   52   78   26    0   52   78                       -0.00513183925262709895                                                    
mvp2   23   27   75   79   27   23   75   79                       -0.06349831920890683379    0.99527902268744350422                          
mvp2   12   26   52   81   26   12   52   81                        0.01088711772926380383    0.00023521543056056565                          
mvp2   52   81   75   97   52   75   97   81                        0.00482073943646205670   -0.00041226302366146862                          
mvp2    0   30   52   81   30    0   52   81                        0.00390515677753527218    0.00038862094124756221                          
op      0   38   52   90   38    0   52   90                       -0.00699509326293256892                                                    
op      0   33   52   85   33    0   52   85                       -0.00365094981227964601                                                    
op      0   34   52   86   34    0   52   86                       -0.00392591580699637628                                                    
op      0   35   52   87   35    0   52   87                       -0.00396757022623980653                                                    
mvp2    0   51   64   97   51    0   64   97                       -0.00941339563652334420    0.00013814295796576174                          
mvp2    0   29   75   97   29    0   75   97                        0.00683192534559407417    0.00006290698485629790                          
