op     25   26   77   78   26   25   77   78                       -0.10363527398522383305                                                    
op     25   27   77   79   27   25   77   79                       -0.14326240481693014450                                                    
mvp2   26   27   75   77   27   26   75   77                       -0.85435805205653791994   -1.12202253774012628007                          
op     12   26   75   97   26   12   75   97                       -0.01622777705596690698                                                    
mvp2   24   26   75   78   26   24   75   78                        0.01652621563466370389    0.16364582322989124075                          
op      0   51   52  103   51    0   52  103                       -0.00873693339566667705                                                    
op      0   29   52   81   29    0   52   81                       -0.01154287673067752248                                                    
op      0   30   52   82   30    0   52   82                       -0.00801409257102512346                                                    
op      0   26   52   78   26    0   52   78                       -0.00783405258622280921                                                    
mvp2   23   27   75   79   27   23   75   79                       -0.08359869223742436017    1.19282469363701593146                          
mvp2   12   26   52   81   26   12   52   81                        0.01488828246320061076    0.60834049478706253566                          
mvp2   52   81   75   97   52   75   97   81                        0.01727210294121696299   -0.00523991040465592809                          
mvp2    0   30   52   81   30    0   52   81                        0.00388061598227967385    0.54160642292349159277                          
op      0   38   52   90   38    0   52   90                       -0.00711893261016876503                                                    
op      0   33   52   85   33    0   52   85                       -0.00361565819588032617                                                    
op      0   34   52   86   34    0   52   86                       -0.00394131997256558404                                                    
op      0   35   52   87   35    0   52   87                       -0.00401346206578841441                                                    
mvp2    0   51   64   97   51    0   64   97                       -0.00969401355446714713    0.66991741406727256525                          
mvp2    0   29   75   97   29    0   75   97                       -0.02939621582480863096    0.42813996623363481664                          
a_ia   64   75                                                     -0.31708238060226129340                                                    
mvp2    0   29   75   97   29    0   75   97                        0.03505257095923516170   -0.05385840813647123360                          
mvp2    0   34   64   97   34    0   64   97                       -0.00581726747086348372    0.14536755955747995839                          
mvp2    0   34   52  103   34    0   52  103                       -0.00299612283980401663   -0.05040789417166634256                          
mvp2   23   26   75   97   26   23   75   97                        0.00923657725715479327    0.00538328327793622090                          
om      0   38   52   82   38    0   52   82                       -0.00461861466124936348                                                    
a_ia    0   28                                                      0.00082013286995772869                                                    
op      0   35   52   82   35    0   52   82                        0.00357439169951241425                                                    
mvp3    0   26   12   34    0   12   34   26    0   12   26   34   -0.00518937218006941363   -0.10487435624136411116   -0.05037973983675709394
a_ia   75   97                                                      0.00141971134054886964                                                    
mvp2   12   26   52  103   26   12   52  103                        0.00763029797455901798   -0.27220006959948428449                          
mvp2   23   51   75  103   51   23   75  103                       -0.00208259260185131908    0.08618926496421192018                          
mvp2    0   34   75   97   34    0   75   97                        0.00459059300596288949    0.05560542357635936406                          
mvp2    0   26   64   81   26    0   64   81                        0.00404377970657605109    0.53878522128604799946                          
mvp2    0   29   52   86   29    0   52   86                       -0.00583579380035239518    0.56866703756317271701                          
a_ia   52   86                                                     -0.00012078977549680819                                                    
mvp3    0   26   12   51    0   12   51   26    0   12   26   51   -0.00706196363314362963   -0.09635396586802916219    0.21111307068362294981
mvp2   23   27   77   78   27   23   77   78                       -0.03720272148823409314   -0.64298491494353005038                          
mvp2    0   29   52   90   29    0   52   90                        0.00565193787848118721   -0.00014561428869335505                          
mvp2    0   28   52   82   28    0   52   82                       -0.00203577594222160117    0.00000023097325203454                          
