op     25   26   77   78   26   25   77   78                       -0.11943963704515177249                                                    
op     25   27   77   79   27   25   77   79                       -0.15015310354795904924                                                    
mvp2   26   27   75   77   27   26   75   77                       -0.76882171562303203149   -1.14513089137766654879                          
op     12   26   75   97   26   12   75   97                       -0.02048068408362589687                                                    
mvp2   24   26   75   78   26   24   75   78                        0.01446030710913646759    0.14771346557112277620                          
op      0   51   52  103   51    0   52  103                       -0.00749920286801852506                                                    
op      0   29   52   81   29    0   52   81                       -0.02379470164596332593                                                    
op      0   30   52   82   30    0   52   82                       -0.00803450281111508374                                                    
op      0   26   52   78   26    0   52   78                       -0.00785760414056766582                                                    
mvp2   23   27   75   79   27   23   75   79                       -0.08656993629860094963    1.20273718534450946294                          
mvp2   12   26   52   81   26   12   52   81                        0.01506592296514285868    0.93326159625081883675                          
mvp2   52   81   75   97   52   75   97   81                        0.02329834402678900712   -0.06920581792671665067                          
mvp2    0   30   52   81   30    0   52   81                        0.00548677025413200643    0.25901249006555659982                          
op      0   38   52   90   38    0   52   90                       -0.00883205054024284626                                                    
op      0   33   52   85   33    0   52   85                       -0.00357449265418413294                                                    
op      0   34   52   86   34    0   52   86                       -0.00521131034798087006                                                    
op      0   35   52   87   35    0   52   87                       -0.00401481964062340522                                                    
mvp2    0   51   64   97   51    0   64   97                       -0.00917711273298277459    0.89526623464449472944                          
mvp2    0   29   75   97   29    0   75   97                       -0.03376271396228255894    0.74158297764101488436                          
a_ia   64   75                                                     -0.31927791877995947978                                                    
mvp2    0   29   75   97   29    0   75   97                        0.03930555111467147478   -0.74365095778839163110                          
mvp2    0   34   64   97   34    0   64   97                       -0.00776013793339413744   -0.24325831481415294277                          
mvp2    0   34   52  103   34    0   52  103                        0.00018045724889221752    0.05833285764411735852                          
mvp2   23   26   75   97   26   23   75   97                        0.01010238359465960925    0.00451463698267144491                          
om      0   38   52   82   38    0   52   82                       -0.00598446741870785164                                                    
a_ia    0   28                                                      0.00083592246511234025                                                    
op      0   35   52   82   35    0   52   82                        0.00340162558172739339                                                    
mvp3    0   26   12   34    0   12   34   26    0   12   26   34    0.00020459149132158667   -0.22041362064769159934   -0.13264763498225998206
a_ia   75   97                                                      0.00119027577269277562                                                    
mvp2   12   26   52  103   26   12   52  103                        0.01143523417357659652   -0.35456054347362875312                          
mvp2   23   51   75  103   51   23   75  103                       -0.00205133564879050661    0.27149463442594873319                          
mvp2    0   34   75   97   34    0   75   97                        0.00614400014258644368    0.43555886429924745018                          
mvp2    0   26   64   81   26    0   64   81                        0.00451563868544976009    0.55783189292082491217                          
mvp2    0   29   52   86   29    0   52   86                       -0.00689253463242893959    0.57284558064352630868                          
a_ia   52   86                                                     -0.00013333609907046566                                                    
mvp3    0   26   12   51    0   12   51   26    0   12   26   51   -0.00734410799382916382   -0.19565766471714529651    0.22718295336826815900
mvp2   23   27   77   78   27   23   77   78                       -0.03875938663223534031   -0.60684610918666970214                          
mvp2    0   29   52   90   29    0   52   90                        0.00776027225745887141   -0.38773959220748849264                          
mvp2    0   28   52   82   28    0   52   82                       -0.00253137598649458154    0.02807263535421562414                          
mvp2    0   51   52   90   51    0   52   90                        0.00370527326391264589   -0.09661666818964610715                          
mvp2    0   30   52  103   30    0   52  103                        0.00340816795281424605    0.47774261562790831803                          
mvp2   12   26   77   79   26   12   77   79                       -0.02760650019474722092    0.01700273434229100308                          
a_ia   64   86                                                      0.00088452421160357985                                                    
mvp2    0   38   52  103   38    0   52  103                        0.00382211729244440581    0.65212386785667808553                          
a_ia   24   25                                                     -0.21275698074995968989                                                    
a_ia   52   69                                                     -0.26262826401611694127                                                    
a_ia   75   76                                                     -0.24326392417245115696                                                    
a_ia   73   77                                                      0.06930306051917579924                                                    
a_ia    0   16                                                     -0.35979222391335619058                                                    
a_ia   78   89                                                      0.15995251530741735890                                                    
a_ia   23   27                                                      0.00297690534373579131                                                    
mvp2    0   29   52   82   29    0   52   82                        0.00459829307057964178   -0.13716183640123669196                          
a_ia   21   25                                                      0.01857295093929861932                                                    
a_ia   21   25                                                      0.01833824515569522362                                                    
a_ia   21   25                                                      0.01739191748940891943                                                    
a_ia   21   25                                                      0.01662453108108190650                                                    
mvp2    0   51   52  103   51    0   52  103                       -0.00007567113048920335    0.00043267854901818089                          
mvp2    0   51   52  103   51    0   52  103                        0.00308911430156456283    0.00039482639715078983                          
mvp2    0   30   52   90   30    0   52   90                       -0.00525711442696382304   -0.00118368755706033438                          
mvp2    0   51   52   82   51    0   52   82                        0.00443931357964152083   -0.00337438770025213445                          
a_ia   52   70                                                      0.12694769935513458559                                                    
a_ia   52   70                                                      0.12140670780230450321                                                    
mvp2   12   51   64  103   51   12   64  103                       -0.00429632191795487756    0.00045814828318936531                          
mvp2    0   51   52  103   51    0   52  103                       -0.00683199616207277004    0.00018810045108785060                          
a_ia   76   79                                                     -0.00242050140056097917                                                    
a_ia   76   79                                                     -0.00152172904609965414                                                    
a_ia   76   79                                                     -0.00109993103626717758                                                    
a_ia   26   27                                                      0.01106261754744751122                                                    
a_ia   26   27                                                      0.01083362293811144551                                                    
a_ia   26   27                                                      0.01025453746825720491                                                    
a_ia   26   27                                                      0.01015862057286339055                                                    
a_ia   26   27                                                      0.00972817280434479237                                                    
a_ia   26   27                                                      0.00957943213805253699                                                    
