op     25   26   77   78   26   25   77   78                       -0.14707314124978504433                                                    
op     25   27   77   79   27   25   77   79                       -0.08430306652831986991                                                    
mvp2   26   27   75   77   27   26   75   77                       -0.55888224205965164604   -0.77564577936684353521                          
op     12   26   75   97   26   12   75   97                       -0.01257462597365836127                                                    
mvp2   24   26   75   78   26   24   75   78                        0.01930975449164557337    0.15862938156906342124                          
op      0   51   52  103   51    0   52  103                       -0.00847646349955851440                                                    
op      0   29   52   81   29    0   52   81                       -0.00968490691222805879                                                    
op      0   30   52   82   30    0   52   82                       -0.00792145110022399179                                                    
op      0   26   52   78   26    0   52   78                       -0.00518965457043468054                                                    
mvp2   23   27   75   79   27   23   75   79                       -0.06350141275629578308    0.99516103256953702960                          
mvp2   12   26   52   81   26   12   52   81                        0.01090950712167977794    0.00001740355223431760                          
mvp2   52   81   75   97   52   75   97   81                        0.00483889599659672025   -0.00012225435453124177                          
mvp2    0   30   52   81   30    0   52   81                        0.00391880538978183184    0.00006368291555230906                          
