op     25   26   77   78   26   25   77   78                       -0.11143361784286398564                                                    
op     25   27   77   79   27   25   77   79                       -0.14757506869963957219                                                    
mvp2   26   27   75   77   27   26   75   77                       -0.78107625226110755090   -1.13765997897887283230                          
op     12   26   75   97   26   12   75   97                       -0.01818189801876883560                                                    
mvp2   24   26   75   78   26   24   75   78                        0.01400277573804728157    0.15944513952791086742                          
op      0   51   52  103   51    0   52  103                       -0.00891256814293993858                                                    
op      0   29   52   81   29    0   52   81                       -0.01379734516342717016                                                    
op      0   30   52   82   30    0   52   82                       -0.00789707626834254897                                                    
op      0   26   52   78   26    0   52   78                       -0.00834530745942082229                                                    
mvp2   23   27   75   79   27   23   75   79                       -0.08437702152880939555    1.21980605662547580970                          
mvp2   12   26   52   81   26   12   52   81                        0.01443647445043266114    0.63467522573327306290                          
mvp2   52   81   75   97   52   75   97   81                        0.01779506223073785975   -0.00723073421290504857                          
mvp2    0   30   52   81   30    0   52   81                        0.00440216934899522513    0.52875395603353669838                          
op      0   38   52   90   38    0   52   90                       -0.00711293831924313114                                                    
op      0   33   52   85   33    0   52   85                       -0.00337220678361434441                                                    
op      0   34   52   86   34    0   52   86                       -0.00418263872528369315                                                    
op      0   35   52   87   35    0   52   87                       -0.00361709983681096680                                                    
mvp2    0   51   64   97   51    0   64   97                       -0.00958965518819298798    0.65921510327350940628                          
mvp2    0   29   75   97   29    0   75   97                       -0.03356833588568123444    0.54821313496493695450                          
a_ia   64   75                                                     -0.28608221478022938244                                                    
mvp2    0   29   75   97   29    0   75   97                        0.03900814301760193586   -0.23752019530995005514                          
mvp2    0   34   64   97   34    0   64   97                       -0.00573036512622820439    0.08555092250471861559                          
mvp2    0   34   52  103   34    0   52  103                       -0.00257147807709733273   -0.05330051307870214972                          
mvp2   23   26   75   97   26   23   75   97                        0.00927290943547889705    0.00524436185301353254                          
om      0   38   52   82   38    0   52   82                       -0.00411330269642238601                                                    
a_ia    0   28                                                      0.00069876558527307096                                                    
op      0   35   52   82   35    0   52   82                        0.00345251175197503488                                                    
mvp3    0   26   12   34    0   12   34   26    0   12   26   34   -0.00497141186623469532   -0.15745886099942671410   -0.06754660434406795089
a_ia   75   97                                                      0.00134973092945252552                                                    
mvp2   12   26   52  103   26   12   52  103                        0.00762821825769516293   -0.21781071869828955156                          
mvp2   23   51   75  103   51   23   75  103                       -0.00220082595430531143    0.09533412446590770750                          
mvp2    0   34   75   97   34    0   75   97                        0.00576772573350793367    0.07429267216075434443                          
mvp2    0   26   64   81   26    0   64   81                        0.00426197808556702355    0.58061831089086712865                          
mvp2    0   29   52   86   29    0   52   86                       -0.00633731274480820242    0.55909163277436069173                          
a_ia   52   86                                                     -0.00016929505623550131                                                    
mvp3    0   26   12   51    0   12   51   26    0   12   26   51   -0.00698901164733666067   -0.10423037043663131718    0.19617202262703742344
mvp2   23   27   77   78   27   23   77   78                       -0.03838799139471083671   -0.62625505983786189379                          
mvp2    0   29   52   90   29    0   52   90                        0.00614579720060212838   -0.06016856439961799918                          
mvp2    0   28   52   82   28    0   52   82                       -0.00216095764975795732    0.00019423321226527638                          
mvp2    0   51   52   90   51    0   52   90                        0.00356845307114740098   -0.04998498471187219627                          
mvp2    0   30   52  103   30    0   52  103                        0.00235114154784886670    0.03266953937484137066                          
mvp2   12   26   77   79   26   12   77   79                       -0.02732749586346548687    0.02861290742833831960                          
a_ia   64   86                                                      0.00082244464163632673                                                    
mvp2    0   38   52  103   38    0   52  103                        0.00391815352488422957    0.00625869135627698994                          
a_ia   24   25                                                     -0.21061000206884572528                                                    
a_ia   52   69                                                     -0.21119416829688100745                                                    
