op     25   26   77   78   26   25   77   78                       -0.14707553747629265040                                                    
op     25   27   77   79   27   25   77   79                       -0.08430284162212639543                                                    
mvp2   26   27   75   77   27   26   75   77                       -0.55887312079821882538   -0.77574768408352989812                          
op     12   26   75   97   26   12   75   97                       -0.01265436709391085102                                                    
mvp2   24   26   75   78   26   24   75   78                        0.01930696791641177412    0.15865879768240634395                          
op      0   51   52  103   51    0   52  103                       -0.00847699784112368460                                                    
op      0   29   52   81   29    0   52   81                       -0.00973869162095975134                                                    
op      0   30   52   82   30    0   52   82                       -0.00792160714336529077                                                    
op      0   26   52   78   26    0   52   78                       -0.00512962066194510170                                                    
mvp2   23   27   75   79   27   23   75   79                       -0.06350071027148822267    0.99511137006805538974                          
mvp2   12   26   52   81   26   12   52   81                        0.01094073190313572114   -0.00001423438566181395                          
