op     25   26   77   78   26   25   77   78                       -0.10364718714808199285                                                    
op     25   27   77   79   27   25   77   79                       -0.14327515521536629550                                                    
mvp2   26   27   75   77   27   26   75   77                       -0.85404290773449031970   -1.12214735520171671190                          
op     12   26   75   97   26   12   75   97                       -0.01627171421759552802                                                    
mvp2   24   26   75   78   26   24   75   78                        0.01652633115079797654    0.16363280818101832992                          
op      0   51   52  103   51    0   52  103                       -0.00876267017754151119                                                    
op      0   29   52   81   29    0   52   81                       -0.01155766163077244675                                                    
op      0   30   52   82   30    0   52   82                       -0.00813073432383742273                                                    
op      0   26   52   78   26    0   52   78                       -0.00783201135648459862                                                    
mvp2   23   27   75   79   27   23   75   79                       -0.08362402623402984125    1.19284501579578128272                          
mvp2   12   26   52   81   26   12   52   81                        0.01400145163525100787    0.60844497037760303382                          
mvp2   52   81   75   97   52   75   97   81                        0.01727262904748234559   -0.00525971103050479165                          
mvp2    0   30   52   81   30    0   52   81                        0.00401140787521127307    0.54157241830757574252                          
op      0   38   52   90   38    0   52   90                       -0.00710581054599634422                                                    
op      0   33   52   85   33    0   52   85                       -0.00360813592263529298                                                    
op      0   34   52   86   34    0   52   86                       -0.00394009251971699521                                                    
op      0   35   52   87   35    0   52   87                       -0.00402596743172564404                                                    
mvp2    0   51   64   97   51    0   64   97                       -0.00968243759022987052    0.66989945605558476327                          
mvp2    0   29   75   97   29    0   75   97                       -0.02937010921478686379    0.42818597866325253110                          
a_ia   64   75                                                     -0.31662509459255366862                                                    
mvp2    0   29   75   97   29    0   75   97                        0.03503682706811696301   -0.05396515257176420083                          
mvp2    0   34   64   97   34    0   64   97                       -0.00581762789511340844    0.14536608206850873404                          
mvp2    0   34   52  103   34    0   52  103                       -0.00299686804870694145   -0.05041432703167173651                          
mvp2   23   26   75   97   26   23   75   97                        0.00923057754045132454    0.00538060431811107198                          
om      0   38   52   82   38    0   52   82                       -0.00464791963765683915                                                    
a_ia    0   28                                                      0.00075955345656522090                                                    
op      0   35   52   82   35    0   52   82                        0.00356697907823492425                                                    
mvp3    0   26   12   34    0   12   34   26    0   12   26   34   -0.00519252496807096585   -0.10490050695720483376   -0.05038488729051966014
a_ia   75   97                                                      0.00141502717501427859                                                    
mvp2   12   26   52  103   26   12   52  103                        0.00763838919467031956   -0.27213594957492370785                          
mvp2   23   51   75  103   51   23   75  103                       -0.00208236830061258454    0.08622510133804496546                          
mvp2    0   34   75   97   34    0   75   97                        0.00458868796227989480    0.05567000283957575929                          
mvp2    0   26   64   81   26    0   64   81                        0.00405003821218365666    0.53882546171821987802                          
mvp2    0   29   52   86   29    0   52   86                       -0.00581858620443389575    0.56862977917671142514                          
a_ia   52   86                                                     -0.00015118305563183062                                                    
mvp3    0   26   12   51    0   12   51   26    0   12   26   51   -0.00704573819753654285   -0.09638501970886924342    0.21106210112349044206
mvp2   23   27   77   78   27   23   77   78                       -0.03720284240510483842   -0.64296142304092762654                          
mvp2    0   29   52   90   29    0   52   90                        0.00575014538922506268   -0.00039014769754925049                          
mvp2    0   28   52   82   28    0   52   82                       -0.00201092578005254621    0.00000096775346891742                          
mvp2    0   51   52   90   51    0   52   90                        0.00260971735832312346   -0.00020689992789607006                          
mvp2    0   30   52  103   30    0   52  103                        0.00261411204166090349    0.00010037527384471810                          
