op     25   26   77   78   26   25   77   78                       -0.11909740678216228227                                                    
op     25   27   77   79   27   25   77   79                       -0.15012733340306183560                                                    
mvp2   26   27   75   77   27   26   75   77                       -0.76976411404215738798   -1.14528504945513365243                          
op     12   26   75   97   26   12   75   97                       -0.02099546896218346809                                                    
mvp2   24   26   75   78   26   24   75   78                        0.01448381871853664932    0.14784376609627777888                          
op      0   51   52  103   51    0   52  103                       -0.00720481936722734088                                                    
op      0   29   52   81   29    0   52   81                       -0.02269241210366568923                                                    
op      0   30   52   82   30    0   52   82                       -0.00803843318009281847                                                    
op      0   26   52   78   26    0   52   78                       -0.00784870964742782201                                                    
mvp2   23   27   75   79   27   23   75   79                       -0.08658988252471709612    1.20344257792057107714                          
mvp2   12   26   52   81   26   12   52   81                        0.01494147406559219807    0.91614262800241530460                          
mvp2   52   81   75   97   52   75   97   81                        0.02377997146272838730   -0.06523499308537962504                          
mvp2    0   30   52   81   30    0   52   81                        0.00546117559817758946    0.26713386378063386228                          
op      0   38   52   90   38    0   52   90                       -0.00881178169560942540                                                    
op      0   33   52   85   33    0   52   85                       -0.00357161823232746535                                                    
op      0   34   52   86   34    0   52   86                       -0.00513640177072245338                                                    
op      0   35   52   87   35    0   52   87                       -0.00401561266391785559                                                    
mvp2    0   51   64   97   51    0   64   97                       -0.00928501596093375854    0.87674818715175772965                          
mvp2    0   29   75   97   29    0   75   97                       -0.03358441365818436858    0.74106259446363453858                          
a_ia   64   75                                                     -0.31596044490276770089                                                    
mvp2    0   29   75   97   29    0   75   97                        0.03904422333625796881   -0.70964740372373336097                          
mvp2    0   34   64   97   34    0   64   97                       -0.00763099797913046121   -0.22741747773601572735                          
mvp2    0   34   52  103   34    0   52  103                        0.00010432408326945128    0.04935844241600363669                          
mvp2   23   26   75   97   26   23   75   97                        0.01008742912637548492    0.00445291921843790368                          
om      0   38   52   82   38    0   52   82                       -0.00602258793707313202                                                    
a_ia    0   28                                                      0.00083064262306801172                                                    
op      0   35   52   82   35    0   52   82                        0.00338762349223053344                                                    
mvp3    0   26   12   34    0   12   34   26    0   12   26   34   -0.00017033231147162476   -0.21981629530618074231   -0.12836167380089494316
a_ia   75   97                                                      0.00121747562965968982                                                    
mvp2   12   26   52  103   26   12   52  103                        0.01113465619369809895   -0.34965679865124016379                          
mvp2   23   51   75  103   51   23   75  103                       -0.00205067780338226468    0.27439248644845309899                          
mvp2    0   34   75   97   34    0   75   97                        0.00607193457944418293    0.41886284662963391145                          
mvp2    0   26   64   81   26    0   64   81                        0.00447307999210694307    0.56163604849463022450                          
mvp2    0   29   52   86   29    0   52   86                       -0.00685633476026914317    0.57243807792841183701                          
a_ia   52   86                                                     -0.00014897602611800705                                                    
mvp3    0   26   12   51    0   12   51   26    0   12   26   51   -0.00740137261472363726   -0.19729110822222159505    0.22271068423929268887
mvp2   23   27   77   78   27   23   77   78                       -0.03868945945256735408   -0.60803365028301414874                          
mvp2    0   29   52   90   29    0   52   90                        0.00772208829290542496   -0.37624099406601857476                          
mvp2    0   28   52   82   28    0   52   82                       -0.00252876114632299585    0.02736072721937383642                          
mvp2    0   51   52   90   51    0   52   90                        0.00368934032680390180   -0.10379111260563871066                          
mvp2    0   30   52  103   30    0   52  103                        0.00340641973863690939    0.47153098383926556059                          
mvp2   12   26   77   79   26   12   77   79                       -0.02750496682240252677    0.01758116133552261803                          
a_ia   64   86                                                      0.00088647364848561756                                                    
mvp2    0   38   52  103   38    0   52  103                        0.00380935674859807661    0.63231643715141816475                          
a_ia   24   25                                                     -0.21269134769489864145                                                    
a_ia   52   69                                                     -0.25949977076251667940                                                    
a_ia   75   76                                                     -0.24311896336895924553                                                    
a_ia   73   77                                                      0.06925814084470643950                                                    
a_ia    0   16                                                     -0.35429498943325155036                                                    
a_ia   78   89                                                      0.15991788626826883291                                                    
a_ia   23   27                                                      0.00296645945951334086                                                    
mvp2    0   29   52   82   29    0   52   82                        0.00459693186263486486   -0.05979359059545539395                          
a_ia   21   25                                                      0.01853208370265376631                                                    
a_ia   21   25                                                      0.01829726545400581911                                                    
a_ia   21   25                                                      0.01735081432293019213                                                    
a_ia   21   25                                                      0.01658330924931472605                                                    
mvp2    0   51   52  103   51    0   52  103                       -0.00126074690100557189    0.00006295918013652956                          
mvp2    0   51   52  103   51    0   52  103                        0.00190414073149653904    0.00002173482871358529                          
mvp2    0   30   52   90   30    0   52   90                       -0.00524417954462010928   -0.00092255646644608732                          
mvp2    0   51   52   82   51    0   52   82                        0.00446754518283623732   -0.00271301880179342135                          
a_ia   52   70                                                      0.12199080373165802071                                                    
a_ia   52   70                                                      0.11639151919966253534                                                    
mvp2   12   51   64  103   51   12   64  103                       -0.00429334578186002513    0.00036097353370642346                          
mvp2    0   51   52  103   51    0   52  103                       -0.00219659774874373780    0.00006759419645099106                          
a_ia   76   79                                                     -0.00171151954497949740                                                    
a_ia   76   79                                                     -0.00081024495604643430                                                    
a_ia   76   79                                                     -0.00038723604523561436                                                    
a_ia   26   27                                                      0.00134198781391968122                                                    
a_ia   26   27                                                      0.00111019100799384296                                                    
a_ia   26   27                                                      0.00052874243482603435                                                    
a_ia   26   27                                                      0.00043154343634980660                                                    
