op     25   26   77   78   26   25   77   78                       -0.10601760566368752248                                                    
op     25   27   77   79   27   25   77   79                       -0.14294067072656199691                                                    
mvp2   26   27   75   77   27   26   75   77                       -0.79279344219965519613   -1.13178367391150058729                          
op     12   26   75   97   26   12   75   97                       -0.01844144353442160600                                                    
mvp2   24   26   75   78   26   24   75   78                        0.01707185213044177391    0.16054265721555369129                          
op      0   51   52  103   51    0   52  103                       -0.00887076705594780530                                                    
op      0   29   52   81   29    0   52   81                       -0.01140826050613188113                                                    
op      0   30   52   82   30    0   52   82                       -0.00803979746098619670                                                    
op      0   26   52   78   26    0   52   78                       -0.00773218072091485902                                                    
mvp2   23   27   75   79   27   23   75   79                       -0.08473944338121032482    1.22189747997331110696                          
mvp2   12   26   52   81   26   12   52   81                        0.01380274367583883555    0.62719743136798900007                          
mvp2   52   81   75   97   52   75   97   81                        0.01938775102101845255   -0.00654665499327979072                          
mvp2    0   30   52   81   30    0   52   81                        0.00396328858519407780    0.53214586052037049502                          
op      0   38   52   90   38    0   52   90                       -0.00707569725232055132                                                    
op      0   33   52   85   33    0   52   85                       -0.00363107346513812839                                                    
op      0   34   52   86   34    0   52   86                       -0.00394435415531448584                                                    
op      0   35   52   87   35    0   52   87                       -0.00402311024126739657                                                    
mvp2    0   51   64   97   51    0   64   97                       -0.00956953363339771435    0.66663527681455825302                          
mvp2    0   29   75   97   29    0   75   97                       -0.03802427323526660907    0.43681463477442294963                          
a_ia   64   75                                                     -0.24507507412004897462                                                    
mvp2    0   29   75   97   29    0   75   97                        0.04408610654426139280   -0.07274326208857766207                          
mvp2    0   34   64   97   34    0   64   97                       -0.00583112926367375470    0.14501419186902436698                          
mvp2    0   34   52  103   34    0   52  103                       -0.00305541988447074900   -0.05165850947906407836                          
mvp2   23   26   75   97   26   23   75   97                        0.00934609552800777857    0.00506389207013847875                          
om      0   38   52   82   38    0   52   82                       -0.00471862577627763218                                                    
a_ia    0   28                                                      0.00082566451245362472                                                    
op      0   35   52   82   35    0   52   82                        0.00364740847201062502                                                    
mvp3    0   26   12   34    0   12   34   26    0   12   26   34   -0.00497048106265885088   -0.10971196340579972284   -0.05383767374557700547
a_ia   75   97                                                      0.00167324185175499554                                                    
mvp2   12   26   52  103   26   12   52  103                        0.00752334447278861507   -0.25438553133027536068                          
mvp2   23   51   75  103   51   23   75  103                       -0.00212372508820173967    0.09283603956785292655                          
mvp2    0   34   75   97   34    0   75   97                        0.00471566365816662465    0.06819183626388354569                          
mvp2    0   26   64   81   26    0   64   81                        0.00393939427010607957    0.54619023918939935136                          
mvp2    0   29   52   86   29    0   52   86                       -0.00584367190897963976    0.56191877641926712972                          
a_ia   52   86                                                     -0.00022952900780051063                                                    
mvp3    0   26   12   51    0   12   51   26    0   12   26   51   -0.00705750546680957054   -0.10211125106393778572    0.20215170437471047249
mvp2   23   27   77   78   27   23   77   78                       -0.03750321240358547165   -0.63824639465311261421                          
mvp2    0   29   52   90   29    0   52   90                        0.00558630843347771456   -0.04444684375234009277                          
mvp2    0   28   52   82   28    0   52   82                       -0.00195273811665589618    0.00013717638734237628                          
mvp2    0   51   52   90   51    0   52   90                        0.00265414530338583870   -0.03746355295665988044                          
mvp2    0   30   52  103   30    0   52  103                        0.00275294660146630432    0.02377725026767988845                          
mvp2   12   26   77   79   26   12   77   79                       -0.02731419636629119421    0.02352604419383638734                          
