op     25   26   77   78   26   25   77   78                       -0.10363165468603004193                                                    
op     25   27   77   79   27   25   77   79                       -0.14325722932637763307                                                    
mvp2   26   27   75   77   27   26   75   77                       -0.85445519956922100224   -1.12198403367175791878                          
op     12   26   75   97   26   12   75   97                       -0.01625189531257224818                                                    
mvp2   24   26   75   78   26   24   75   78                        0.01652702983194666644    0.16364983830621970817                          
op      0   51   52  103   51    0   52  103                       -0.00874844483779803686                                                    
op      0   29   52   81   29    0   52   81                       -0.01143131432405472374                                                    
op      0   30   52   82   30    0   52   82                       -0.00802582720939874934                                                    
op      0   26   52   78   26    0   52   78                       -0.00783722280204267145                                                    
mvp2   23   27   75   79   27   23   75   79                       -0.08358876825290198487    1.19281850637858521935                          
mvp2   12   26   52   81   26   12   52   81                        0.01488314274411045406    0.60830960823706670126                          
mvp2   52   81   75   97   52   75   97   81                        0.01721830928989765558   -0.00523775775607107901                          
mvp2    0   30   52   81   30    0   52   81                        0.00389013517516695198    0.54160989825565408751                          
op      0   38   52   90   38    0   52   90                       -0.00700258860865853733                                                    
op      0   33   52   85   33    0   52   85                       -0.00361462579943989080                                                    
op      0   34   52   86   34    0   52   86                       -0.00394537845256663893                                                    
op      0   35   52   87   35    0   52   87                       -0.00404900407848900364                                                    
mvp2    0   51   64   97   51    0   64   97                       -0.00969613628427792341    0.66992275144684554355                          
mvp2    0   29   75   97   29    0   75   97                       -0.02939146874805207907    0.42812478104798246115                          
a_ia   64   75                                                     -0.31722466954433337083                                                    
mvp2    0   29   75   97   29    0   75   97                        0.03507356880014528971   -0.05382689164111926355                          
mvp2    0   34   64   97   34    0   64   97                       -0.00581873710301390647    0.14536800603846652957                          
mvp2    0   34   52  103   34    0   52  103                       -0.00299554019698884634   -0.05040596404716519985                          
mvp2   23   26   75   97   26   23   75   97                        0.00924137737280169430    0.00538403316796631001                          
om      0   38   52   82   38    0   52   82                       -0.00463186349970745332                                                    
a_ia    0   28                                                      0.00081600877860931440                                                    
op      0   35   52   82   35    0   52   82                        0.00357366080049242038                                                    
mvp3    0   26   12   34    0   12   34   26    0   12   26   34   -0.00518948390781718508   -0.10486630966843607515   -0.05037803013173631356
a_ia   75   97                                                      0.00142318530974888321                                                    
mvp2   12   26   52  103   26   12   52  103                        0.00763340294221384347   -0.27220552541957643289                          
mvp2   23   51   75  103   51   23   75  103                       -0.00208264947469645207    0.08617822935634912584                          
mvp2    0   34   75   97   34    0   75   97                        0.00459365848632401798    0.05558552627870620017                          
mvp2    0   26   64   81   26    0   64   81                        0.00403541511071202081    0.53877289053701382660                          
mvp2    0   29   52   86   29    0   52   86                       -0.00577186511078761968    0.56867865184005028656                          
a_ia   52   86                                                     -0.00011000453573389256                                                    
mvp3    0   26   12   51    0   12   51   26    0   12   26   51   -0.00706129728198815355   -0.09634446593500402278    0.21112979530572487108
mvp2   23   27   77   78   27   23   77   78                       -0.03720345833467026547   -0.64299208400798413265                          
mvp2    0   29   52   90   29    0   52   90                        0.00565644902345634540   -0.00007020201492507541                          
