op     25   26   77   78   26   25   77   78                       -0.11449031823542633879                                                    
op     25   27   77   79   27   25   77   79                       -0.14795708667125873070                                                    
mvp2   26   27   75   77   27   26   75   77                       -0.78872852200200527228   -1.14009401597904869163                          
op     12   26   75   97   26   12   75   97                       -0.02012609158585471764                                                    
mvp2   24   26   75   78   26   24   75   78                        0.01520306030176571052    0.15802744146170066841                          
op      0   51   52  103   51    0   52  103                       -0.01017098188892140952                                                    
op      0   29   52   81   29    0   52   81                       -0.01422251852493960737                                                    
op      0   30   52   82   30    0   52   82                       -0.00794781042381834286                                                    
op      0   26   52   78   26    0   52   78                       -0.00823520866661627514                                                    
mvp2   23   27   75   79   27   23   75   79                       -0.08686384424592794029    1.21600545027626694150                          
mvp2   12   26   52   81   26   12   52   81                        0.01387142436347676977    0.68102282453068774259                          
mvp2   52   81   75   97   52   75   97   81                        0.02114399267991936421   -0.02444767248317026090                          
mvp2    0   30   52   81   30    0   52   81                        0.00419165956903187580    0.39949344212448012481                          
op      0   38   52   90   38    0   52   90                       -0.00679034974691804585                                                    
op      0   33   52   85   33    0   52   85                       -0.00308390188427403508                                                    
op      0   34   52   86   34    0   52   86                       -0.00411743649843495426                                                    
op      0   35   52   87   35    0   52   87                       -0.00227746539632462828                                                    
mvp2    0   51   64   97   51    0   64   97                       -0.01039783514407954801    0.70580435864750346031                          
mvp2    0   29   75   97   29    0   75   97                       -0.03283037112946540076    0.67288842567654816307                          
a_ia   64   75                                                     -0.28306459136585104819                                                    
mvp2    0   29   75   97   29    0   75   97                        0.03818013285843351035   -0.39243864962800062424                          
mvp2    0   34   64   97   34    0   64   97                       -0.00617548354815554510   -0.03103840361007710602                          
mvp2    0   34   52  103   34    0   52  103                       -0.00116567474225370013   -0.02857144910548138628                          
mvp2   23   26   75   97   26   23   75   97                        0.00991770666624303306    0.00444563806577333558                          
om      0   38   52   82   38    0   52   82                       -0.00372689298180484824                                                    
a_ia    0   28                                                      0.00087515258681544782                                                    
op      0   35   52   82   35    0   52   82                        0.00353912866437571015                                                    
mvp3    0   26   12   34    0   12   34   26    0   12   26   34   -0.00259271351577889872   -0.20268181205501095699   -0.07434521530672906497
a_ia   75   97                                                      0.00157267670819260207                                                    
mvp2   12   26   52  103   26   12   52  103                        0.00966415067013654677   -0.25956224023206853069                          
mvp2   23   51   75  103   51   23   75  103                       -0.00217625231820095782    0.28107652604101251992                          
mvp2    0   34   75   97   34    0   75   97                        0.00473850280999914535    0.23749059367553154720                          
mvp2    0   26   64   81   26    0   64   81                        0.00426585805332791064    0.59762893633955149753                          
mvp2    0   29   52   86   29    0   52   86                       -0.00625973737251987652    0.55344658345943475997                          
a_ia   52   86                                                     -0.00018734157208811751                                                    
mvp3    0   26   12   51    0   12   51   26    0   12   26   51   -0.00845207281496720628   -0.18562768826253067678    0.19532688385383525920
mvp2   23   27   77   78   27   23   77   78                       -0.03842759175722236520   -0.62174089395082021703                          
mvp2    0   29   52   90   29    0   52   90                        0.00599428088483525828   -0.32578789469121310907                          
mvp2    0   28   52   82   28    0   52   82                       -0.00227737328456368475    0.00430867324700655741                          
mvp2    0   51   52   90   51    0   52   90                        0.00270573825046398642   -0.22903797477267537341                          
mvp2    0   30   52  103   30    0   52  103                        0.00212244951538952727    0.33471127885366858123                          
mvp2   12   26   77   79   26   12   77   79                       -0.02728933541359173862    0.03429799861675576073                          
a_ia   64   86                                                      0.00082198675305831051                                                    
mvp2    0   38   52  103   38    0   52  103                        0.00277257704603836065    0.12193972348564846575                          
a_ia   24   25                                                     -0.21044996370405136266                                                    
a_ia   52   69                                                     -0.23151100322917517182                                                    
a_ia   75   76                                                     -0.27296122006550682659                                                    
a_ia   73   77                                                      0.04912324490316450493                                                    
