op     25   26   77   78   26   25   77   78                       -0.15210832099781609883                                                    
op     25   27   77   79   27   25   77   79                       -0.09082210455286807149                                                    
mvp2   26   27   75   77   27   26   75   77                       -0.58998727388092242485   -0.83414814810594462013                          
op     12   26   75   97   26   12   75   97                       -0.00824213594243580761                                                    
mvp2   24   26   75   78   26   24   75   78                        0.01681338437112293166    0.13351878871341135713                          
op      0   51   52  103   51    0   52  103                       -0.01088442408030747613                                                    
op      0   29   52   81   29    0   52   81                       -0.00989813255166771197                                                    
op      0   30   52   82   30    0   52   82                       -0.00776350301317393042                                                    
op      0   26   52   78   26    0   52   78                       -0.00517382668560880180                                                    
mvp2   23   27   75   79   27   23   75   79                       -0.06664925721823283800    0.94284912717597590959                          
mvp2   12   26   52   81   26   12   52   81                        0.01220803078913831885    0.33467766924921293903                          
mvp2   52   81   75   97   52   75   97   81                        0.00753700722541787282   -0.00021668501820732951                          
mvp2    0   30   52   81   30    0   52   81                        0.00389043537718532272    0.38513257510877835221                          
op      0   38   52   90   38    0   52   90                       -0.00699379422375307966                                                    
op      0   33   52   85   33    0   52   85                       -0.00364905241087529978                                                    
op      0   34   52   86   34    0   52   86                       -0.00394474075449233706                                                    
op      0   35   52   87   35    0   52   87                       -0.00396401156547341108                                                    
mvp2    0   51   64   97   51    0   64   97                       -0.01121430323187546513    0.69616605585263935385                          
mvp2    0   29   75   97   29    0   75   97                       -0.02569011072362234124    0.22720069378694673912                          
a_ia   64   75                                                     -0.35277427410740808122                                                    
mvp2    0   29   75   97   29    0   75   97                        0.03080714061339853357   -0.02306838301494930354                          
mvp2    0   34   64   97   34    0   64   97                       -0.00574684636991399690    0.00005730971116681085                          
mvp2    0   34   52  103   34    0   52  103                       -0.00390910093649637132   -0.00005624742767011833                          
mvp2   23   26   75   97   26   23   75   97                        0.00888852202235889365    0.00016196271806637292                          
