op     25   26   77   78   26   25   77   78                       -0.11964152259484503449                                                    
op     25   27   77   79   27   25   77   79                       -0.15022132681751110272                                                    
mvp2   26   27   75   77   27   26   75   77                       -0.76882325845347621041   -1.14521330981142699379                          
op     12   26   75   97   26   12   75   97                       -0.02042242005530990265                                                    
mvp2   24   26   75   78   26   24   75   78                        0.01446328334381039547    0.14766998227578173597                          
op      0   51   52  103   51    0   52  103                       -0.00743674798963766051                                                    
op      0   29   52   81   29    0   52   81                       -0.02390029564604544132                                                    
op      0   30   52   82   30    0   52   82                       -0.00803141206483446411                                                    
op      0   26   52   78   26    0   52   78                       -0.00786231364880655634                                                    
mvp2   23   27   75   79   27   23   75   79                       -0.08654548896481757680    1.20256590934743257115                          
mvp2   12   26   52   81   26   12   52   81                        0.01511188889557067358    0.93497017050943875827                          
mvp2   52   81   75   97   52   75   97   81                        0.02323944117563084971   -0.06954801833476169370                          
mvp2    0   30   52   81   30    0   52   81                        0.00549024374198784672    0.25827534457983847282                          
op      0   38   52   90   38    0   52   90                       -0.00883438839551081018                                                    
op      0   33   52   85   33    0   52   85                       -0.00357476249560206892                                                    
op      0   34   52   86   34    0   52   86                       -0.00521310271126674499                                                    
op      0   35   52   87   35    0   52   87                       -0.00401390155049663466                                                    
mvp2    0   51   64   97   51    0   64   97                       -0.00915928100613096381    0.89692776733883305962                          
mvp2    0   29   75   97   29    0   75   97                       -0.03380522814570077056    0.74161203652280038856                          
a_ia   64   75                                                     -0.31967084062472989059                                                    
mvp2    0   29   75   97   29    0   75   97                        0.03932432090422394860   -0.74683509609435405618                          
mvp2    0   34   64   97   34    0   64   97                       -0.00776924161808757643   -0.24470748260793470652                          
mvp2    0   34   52  103   34    0   52  103                        0.00018993044208835189    0.05904243294744761922                          
mvp2   23   26   75   97   26   23   75   97                        0.01011891642231079261    0.00453314179942223595                          
om      0   38   52   82   38    0   52   82                       -0.00597839171528209354                                                    
a_ia    0   28                                                      0.00083512793889518725                                                    
op      0   35   52   82   35    0   52   82                        0.00340256524117709281                                                    
mvp3    0   26   12   34    0   12   34   26    0   12   26   34    0.00025932630145328089   -0.22045016669191969116   -0.13298693034941919122
a_ia   75   97                                                      0.00118487584067536542                                                    
mvp2   12   26   52  103   26   12   52  103                        0.01144083393633846084   -0.35483083305083867875                          
mvp2   23   51   75  103   51   23   75  103                       -0.00205325857375137895    0.27123510702054759447                          
mvp2    0   34   75   97   34    0   75   97                        0.00615300428583821085    0.43711965942078911951                          
mvp2    0   26   64   81   26    0   64   81                        0.00453920737379734721    0.55729988881370062792                          
mvp2    0   29   52   86   29    0   52   86                       -0.00689447345207162051    0.57266118023880263621                          
a_ia   52   86                                                     -0.00013072524492851388                                                    
mvp3    0   26   12   51    0   12   51   26    0   12   26   51   -0.00734901659682228245   -0.19547044138012092951    0.22758315665358677671
mvp2   23   27   77   78   27   23   77   78                       -0.03882731063827986329   -0.60676921886350299040                          
mvp2    0   29   52   90   29    0   52   90                        0.00776535496364991716   -0.38859609740690292945                          
mvp2    0   28   52   82   28    0   52   82                       -0.00253174493986453369    0.02812387038238804357                          
mvp2    0   51   52   90   51    0   52   90                        0.00370702678889289153   -0.09578985866222386458                          
mvp2    0   30   52  103   30    0   52  103                        0.00340560038954050657    0.47832330226711616827                          
mvp2   12   26   77   79   26   12   77   79                       -0.02773304659953977971    0.01693486398536602280                          
a_ia   64   86                                                      0.00088408609812868277                                                    
mvp2    0   38   52  103   38    0   52  103                        0.00382328775724818980    0.65378706804121500262                          
a_ia   24   25                                                     -0.21283519842342926709                                                    
a_ia   52   69                                                     -0.26291695051880348277                                                    
a_ia   75   76                                                     -0.24349843084409172889                                                    
a_ia   73   77                                                      0.06934942428731633024                                                    
a_ia    0   16                                                     -0.36011646055787316367                                                    
a_ia   78   89                                                      0.15994657978842327650                                                    
a_ia   23   27                                                      0.00298781477057953083                                                    
mvp2    0   29   52   82   29    0   52   82                        0.00459821659790163925   -0.14344906109135327488                          
a_ia   21   25                                                      0.01855350057460189092                                                    
a_ia   21   25                                                      0.01831880519815875727                                                    
a_ia   21   25                                                      0.01737249011404709553                                                    
a_ia   21   25                                                      0.01660511505183071349                                                    
mvp2    0   51   52  103   51    0   52  103                        0.00006512495384554699    0.00036819457520792265                          
mvp2    0   51   52  103   51    0   52  103                        0.00322991393474921298    0.00033074829603412632                          
mvp2    0   30   52   90   30    0   52   90                       -0.00525894653231586198   -0.00120911521241971287                          
mvp2    0   51   52   82   51    0   52   82                        0.00443724724169849115   -0.00342145174591445070                          
a_ia   52   70                                                      0.12752683827645069914                                                    
a_ia   52   70                                                      0.12198755715993951643                                                    
mvp2   12   51   64  103   51   12   64  103                       -0.00429655412707646931    0.00046739840835239937                          
mvp2    0   51   52  103   51    0   52  103                       -0.00686270908372335273    0.00019883739206586067                          
a_ia   76   79                                                     -0.00220140554601599503                                                    
a_ia   76   79                                                     -0.00130286949507223832                                                    
a_ia   76   79                                                     -0.00088122045854770073                                                    
a_ia   26   27                                                      0.01148439221160292047                                                    
a_ia   26   27                                                      0.01125550808099261453                                                    
a_ia   26   27                                                      0.01067651611786019951                                                    
a_ia   26   27                                                      0.01058068215670223029                                                    
a_ia   26   27                                                      0.01015032571334178839                                                    
a_ia   26   27                                                      0.01000166874302281170                                                    
a_ia   26   27                                                      0.00042232102041886736                                                    
a_ia   26   27                                                      0.00029249038943460085                                                    
a_ia   26   27                                                      0.00024632998684315889                                                    
