op     25   26   77   78   26   25   77   78                       -0.11523163364181018831                                                    
op     25   27   77   79   27   25   77   79                       -0.14825838040752190028                                                    
mvp2   26   27   75   77   27   26   75   77                       -0.78809302209158005326   -1.13916838833614275650                          
op     12   26   75   97   26   12   75   97                       -0.02150534507588301378                                                    
mvp2   24   26   75   78   26   24   75   78                        0.01517955429523595856    0.15764537041379206306                          
op      0   51   52  103   51    0   52  103                       -0.00981777427693393198                                                    
op      0   29   52   81   29    0   52   81                       -0.01557914308136463220                                                    
op      0   30   52   82   30    0   52   82                       -0.00784246686969975598                                                    
op      0   26   52   78   26    0   52   78                       -0.00808846842329537068                                                    
mvp2   23   27   75   79   27   23   75   79                       -0.08718514531158458314    1.20952706556626821133                          
mvp2   12   26   52   81   26   12   52   81                        0.01396982378763289914    0.72785352862511876193                          
mvp2   52   81   75   97   52   75   97   81                        0.02267841448576109892   -0.03083832034101250189                          
mvp2    0   30   52   81   30    0   52   81                        0.00471278597609995145    0.37107743852534191831                          
op      0   38   52   90   38    0   52   90                       -0.00820004747639962138                                                    
op      0   33   52   85   33    0   52   85                       -0.00376045683974275246                                                    
op      0   34   52   86   34    0   52   86                       -0.00495541816911797099                                                    
op      0   35   52   87   35    0   52   87                       -0.00523795127582709491                                                    
mvp2    0   51   64   97   51    0   64   97                       -0.01023924320996387298    0.72750654938372749658                          
mvp2    0   29   75   97   29    0   75   97                       -0.03292182936717126529    0.69592135713003200337                          
a_ia   64   75                                                     -0.28703488395151333101                                                    
mvp2    0   29   75   97   29    0   75   97                        0.03874085166218980275   -0.43276850176522807523                          
mvp2    0   34   64   97   34    0   64   97                       -0.00638994728716200076   -0.06113347150527162488                          
mvp2    0   34   52  103   34    0   52  103                       -0.00037110282879256572   -0.01824981237223085792                          
mvp2   23   26   75   97   26   23   75   97                        0.01007815915094911925    0.00462268345945380382                          
om      0   38   52   82   38    0   52   82                       -0.00605872468291156034                                                    
a_ia    0   28                                                      0.00087856196821815391                                                    
op      0   35   52   82   35    0   52   82                        0.00348587865098658753                                                    
mvp3    0   26   12   34    0   12   34   26    0   12   26   34   -0.00239492598811228427   -0.20768236023336739127   -0.08167211656373818407
a_ia   75   97                                                      0.00156638776747714892                                                    
mvp2   12   26   52  103   26   12   52  103                        0.00960912977078288641   -0.27546001425154947873                          
mvp2   23   51   75  103   51   23   75  103                       -0.00217560097136580656    0.28769818353477316641                          
mvp2    0   34   75   97   34    0   75   97                        0.00545460821867435608    0.26568060452785496883                          
mvp2    0   26   64   81   26    0   64   81                        0.00437843529168832450    0.59604379214941838327                          
mvp2    0   29   52   86   29    0   52   86                       -0.00624443240487464104    0.56113403630590419358                          
a_ia   52   86                                                     -0.00018543253523164931                                                    
mvp3    0   26   12   51    0   12   51   26    0   12   26   51   -0.00779844970048108529   -0.19329418019631738890    0.19811374408186854801
mvp2   23   27   77   78   27   23   77   78                       -0.03867780473058045343   -0.61951790571434373067                          
mvp2    0   29   52   90   29    0   52   90                        0.00686496462235853828   -0.32213077050091221132                          
mvp2    0   28   52   82   28    0   52   82                       -0.00200078631188345749    0.00957846676188182575                          
mvp2    0   51   52   90   51    0   52   90                        0.00293339888799517808   -0.20142526678830968700                          
mvp2    0   30   52  103   30    0   52  103                        0.00199619674457309458    0.37014680545498612751                          
mvp2   12   26   77   79   26   12   77   79                       -0.02733303285799013743    0.03377135736287174839                          
a_ia   64   86                                                      0.00083794098873673291                                                    
mvp2    0   38   52  103   38    0   52  103                        0.00368365512930195031    0.24332911794084013946                          
a_ia   24   25                                                     -0.21013056736041396677                                                    
a_ia   52   69                                                     -0.23308913081015020241                                                    
a_ia   75   76                                                     -0.25298673596739285063                                                    
a_ia   73   77                                                      0.06535376582032735582                                                    
a_ia    0   16                                                     -0.18395677664741846846                                                    
