op     25   26   77   78   26   25   77   78                       -0.15208167187790042063                                                    
op     25   27   77   79   27   25   77   79                       -0.09083088627834158546                                                    
mvp2   26   27   75   77   27   26   75   77                       -0.58949393292693041957   -0.83374346515671915459                          
op     12   26   75   97   26   12   75   97                       -0.00844101246228310537                                                    
mvp2   24   26   75   78   26   24   75   78                        0.01685210503783923092    0.13367437498515946648                          
op      0   51   52  103   51    0   52  103                       -0.01092904429746283101                                                    
op      0   29   52   81   29    0   52   81                       -0.00993273928835107685                                                    
op      0   30   52   82   30    0   52   82                       -0.00800846917319825505                                                    
op      0   26   52   78   26    0   52   78                       -0.00517289998092755870                                                    
mvp2   23   27   75   79   27   23   75   79                       -0.06663612409790571622    0.94216387857284744634                          
mvp2   12   26   52   81   26   12   52   81                        0.01217272174718111132    0.33483254830387604306                          
mvp2   52   81   75   97   52   75   97   81                        0.00774307603143656580   -0.00022221827258196139                          
mvp2    0   30   52   81   30    0   52   81                        0.00387382414330549301    0.38527463759159474854                          
op      0   38   52   90   38    0   52   90                       -0.00705234912242019233                                                    
op      0   33   52   85   33    0   52   85                       -0.00363564654965420472                                                    
op      0   34   52   86   34    0   52   86                       -0.00400245228937912405                                                    
op      0   35   52   87   35    0   52   87                       -0.00407758085235401975                                                    
mvp2    0   51   64   97   51    0   64   97                       -0.01122870849289870493    0.69616405985389095967                          
mvp2    0   29   75   97   29    0   75   97                       -0.02576282948526473562    0.22731602466264180795                          
a_ia   64   75                                                     -0.35346173656859419809                                                    
mvp2    0   29   75   97   29    0   75   97                        0.03090844726155791630   -0.02315639972838791708                          
mvp2    0   34   64   97   34    0   64   97                       -0.00570832721535705079    0.00030421775540850557                          
mvp2    0   34   52  103   34    0   52  103                       -0.00388536793549769475   -0.00021212893900331758                          
mvp2   23   26   75   97   26   23   75   97                        0.00891863997647800340    0.00069461368253945785                          
om      0   38   52   82   38    0   52   82                       -0.00465662140270168244                                                    
a_ia    0   28                                                      0.00076901417249530021                                                    
op      0   35   52   82   35    0   52   82                        0.00357946252573702146                                                    
mvp3    0   26   12   34    0   12   34   26    0   12   26   34   -0.00423986796546836544   -0.00005320616006236580   -0.00004767026157340320
a_ia   75   97                                                      0.00097663749366528100                                                    
mvp2   12   26   52  103   26   12   52  103                        0.00603952158503261258    0.00003374639082599002                          
