op     25   26   77   78   26   25   77   78                       -0.10363751398814130544                                                    
op     25   27   77   79   27   25   77   79                       -0.14326488994901898089                                                    
mvp2   26   27   75   77   27   26   75   77                       -0.85429512176468658247   -1.12204745675239836444                          
op     12   26   75   97   26   12   75   97                       -0.01624076234156753007                                                    
mvp2   24   26   75   78   26   24   75   78                        0.01652593354336176490    0.16364321960879590900                          
op      0   51   52  103   51    0   52  103                       -0.00874073643080344916                                                    
op      0   29   52   81   29    0   52   81                       -0.01155360100729649689                                                    
op      0   30   52   82   30    0   52   82                       -0.00802231065027823528                                                    
op      0   26   52   78   26    0   52   78                       -0.00783200968029641037                                                    
mvp2   23   27   75   79   27   23   75   79                       -0.08360433947694212442    1.19282872333366474216                          
mvp2   12   26   52   81   26   12   52   81                        0.01488936389630855957    0.60836126900591014355                          
mvp2   52   81   75   97   52   75   97   81                        0.01726943184343679091   -0.00524159968679767645                          
mvp2    0   30   52   81   30    0   52   81                        0.00388015762495711857    0.54160412357073317580                          
op      0   38   52   90   38    0   52   90                       -0.00709972837871305704                                                    
op      0   33   52   85   33    0   52   85                       -0.00361381975295419064                                                    
op      0   34   52   86   34    0   52   86                       -0.00394117785008157254                                                    
op      0   35   52   87   35    0   52   87                       -0.00401464551334811560                                                    
mvp2    0   51   64   97   51    0   64   97                       -0.00969389631934447667    0.66991394743876897522                          
mvp2    0   29   75   97   29    0   75   97                       -0.02938627624210606720    0.42814917824333464935                          
a_ia   64   75                                                     -0.31699081923988914333                                                    
mvp2    0   29   75   97   29    0   75   97                        0.03505310884114364728   -0.05387965535695261876                          
mvp2    0   34   64   97   34    0   64   97                       -0.00581734529141471769    0.14536728533294607235                          
mvp2    0   34   52  103   34    0   52  103                       -0.00299412649289997144   -0.05040913047726748586                          
mvp2   23   26   75   97   26   23   75   97                        0.00923417558547802615    0.00538279237588848523                          
om      0   38   52   82   38    0   52   82                       -0.00464314615209673875                                                    
a_ia    0   28                                                      0.00079797437868021329                                                    
op      0   35   52   82   35    0   52   82                        0.00357587650893006559                                                    
mvp3    0   26   12   34    0   12   34   26    0   12   26   34   -0.00519049454706308009   -0.10487957430133160175   -0.05038076105942653621
a_ia   75   97                                                      0.00141824002172631159                                                    
mvp2   12   26   52  103   26   12   52  103                        0.00763116021192374039   -0.27219670553618952047                          
mvp2   23   51   75  103   51   23   75  103                       -0.00208256746568097513    0.08619640388448128465                          
mvp2    0   34   75   97   34    0   75   97                        0.00458930891315251308    0.05561831104735917575                          
mvp2    0   26   64   81   26    0   64   81                        0.00404628146939200323    0.53879325329231264607                          
mvp2    0   29   52   86   29    0   52   86                       -0.00583226528358442818    0.56865957310195358598                          
a_ia   52   86                                                     -0.00012383911971244925                                                    
mvp3    0   26   12   51    0   12   51   26    0   12   26   51   -0.00706091902381043857   -0.09636013820273704733    0.21110237320274402584
mvp2   23   27   77   78   27   23   77   78                       -0.03720255470363281747   -0.64298025339127395927                          
mvp2    0   29   52   90   29    0   52   90                        0.00565627483198343807   -0.00019465251029122591                          
mvp2    0   28   52   82   28    0   52   82                       -0.00202406911242477292    0.00000037573871734724                          
mvp2    0   51   52   90   51    0   52   90                        0.00262042399620750557   -0.00004156654411177894                          
