op     25   26   77   78   26   25   77   78                       -0.14707057103364620798                                                    
op     25   27   77   79   27   25   77   79                       -0.08430231620594547115                                                    
mvp2   26   27   75   77   27   26   75   77                       -0.55889844419618983640   -0.77545851526826137246                          
op     12   26   75   97   26   12   75   97                       -0.01254044910422435870                                                    
mvp2   24   26   75   78   26   24   75   78                        0.01931124225915285819    0.15857532757437831084                          
op      0   51   52  103   51    0   52  103                       -0.00843810085996631737                                                    
op      0   29   52   81   29    0   52   81                       -0.00960947198740454492                                                    
op      0   30   52   82   30    0   52   82                       -0.00781858019830554245                                                    
op      0   26   52   78   26    0   52   78                       -0.00513805556649000322                                                    
mvp2   23   27   75   79   27   23   75   79                       -0.06349887554045037519    0.99525251035940576205                          
mvp2   12   26   52   81   26   12   52   81                        0.01088667996868084888    0.00018654707868447120                          
mvp2   52   81   75   97   52   75   97   81                        0.00482047209386247000   -0.00034668940760219165                          
mvp2    0   30   52   81   30    0   52   81                        0.00390201337331176536    0.00031529903173973172                          
op      0   38   52   90   38    0   52   90                       -0.00700730718658422631                                                    
op      0   33   52   85   33    0   52   85                       -0.00365674693485412835                                                    
op      0   34   52   86   34    0   52   86                       -0.00392920551474574328                                                    
op      0   35   52   87   35    0   52   87                       -0.00396710182698767864                                                    
mvp2    0   51   64   97   51    0   64   97                       -0.00938392320268733281    0.00005157043363763713                          
