op     25   26   77   78   26   25   77   78                       -0.11908071095436544018                                                    
op     25   27   77   79   27   25   77   79                       -0.15013352206140509471                                                    
mvp2   26   27   75   77   27   26   75   77                       -0.76987546427335029620   -1.14531093068235256816                          
op     12   26   75   97   26   12   75   97                       -0.02105891986497258894                                                    
mvp2   24   26   75   78   26   24   75   78                        0.01448765264676056541    0.14785510048740371780                          
op      0   51   52  103   51    0   52  103                       -0.00729101344754112986                                                    
op      0   29   52   81   29    0   52   81                       -0.02257839216884426070                                                    
op      0   30   52   82   30    0   52   82                       -0.00803873019614604646                                                    
op      0   26   52   78   26    0   52   78                       -0.00784919899453726845                                                    
mvp2   23   27   75   79   27   23   75   79                       -0.08659168986321172379    1.20351047620283813089                          
mvp2   12   26   52   81   26   12   52   81                        0.01493310709268118146    0.91427334719034036858                          
mvp2   52   81   75   97   52   75   97   81                        0.02382547155480732939   -0.06483609882798192781                          
mvp2    0   30   52   81   30    0   52   81                        0.00545919120281864508    0.26802861578695541533                          
op      0   38   52   90   38    0   52   90                       -0.00881079127243197639                                                    
op      0   33   52   85   33    0   52   85                       -0.00357156464211623838                                                    
op      0   34   52   86   34    0   52   86                       -0.00512597770776488694                                                    
op      0   35   52   87   35    0   52   87                       -0.00401543357832214245                                                    
mvp2    0   51   64   97   51    0   64   97                       -0.00928431988048585705    0.87457090953335803185                          
mvp2    0   29   75   97   29    0   75   97                       -0.03350250141779562846    0.74100317335243348627                          
a_ia   64   75                                                     -0.31560842401163335946                                                    
mvp2    0   29   75   97   29    0   75   97                        0.03908164685529514487   -0.70591287654295697962                          
mvp2    0   34   64   97   34    0   64   97                       -0.00761533193601067124   -0.22568524389621413828                          
mvp2    0   34   52  103   34    0   52  103                        0.00008114586720430652    0.04836963612425530107                          
mvp2   23   26   75   97   26   23   75   97                        0.01008879497735266396    0.00444523833972357632                          
om      0   38   52   82   38    0   52   82                       -0.00602791712677846082                                                    
a_ia    0   28                                                      0.00082965438494417916                                                    
op      0   35   52   82   35    0   52   82                        0.00338664986735214175                                                    
mvp3    0   26   12   34    0   12   34   26    0   12   26   34   -0.00021087309439269200   -0.21975488145378255234   -0.12788863562467442381
a_ia   75   97                                                      0.00121846909990946180                                                    
mvp2   12   26   52  103   26   12   52  103                        0.01115362362934259680   -0.34908643244710690912                          
mvp2   23   51   75  103   51   23   75  103                       -0.00207231641212283092    0.27471098057657378222                          
mvp2    0   34   75   97   34    0   75   97                        0.00606282288922373788    0.41703223271404821215                          
mvp2    0   26   64   81   26    0   64   81                        0.00447144892570617430    0.56203282508875340717                          
mvp2    0   29   52   86   29    0   52   86                       -0.00685332843597541343    0.57236554818033180680                          
a_ia   52   86                                                     -0.00015055316442710092                                                    
mvp3    0   26   12   51    0   12   51   26    0   12   26   51   -0.00741350684220190136   -0.19746604065733358579    0.22229446453453002852
mvp2   23   27   77   78   27   23   77   78                       -0.03868917034027376245   -0.60816869407109208634                          
mvp2    0   29   52   90   29    0   52   90                        0.00772157659931442010   -0.37495248623790544684                          
mvp2    0   28   52   82   28    0   52   82                       -0.00252884232180780426    0.02728014684684827371                          
mvp2    0   51   52   90   51    0   52   90                        0.00367103181481614506   -0.10456893933443205114                          
mvp2    0   30   52  103   30    0   52  103                        0.00340421064864832989    0.47084418974528025048                          
mvp2   12   26   77   79   26   12   77   79                       -0.02750747984121378747    0.01764258537628087681                          
a_ia   64   86                                                      0.00088664365758224701                                                    
mvp2    0   38   52  103   38    0   52  103                        0.00380343972507900035    0.63011215926736996451                          
a_ia   24   25                                                     -0.21269059974979009908                                                    
a_ia   52   69                                                     -0.25920145577058206765                                                    
a_ia   75   76                                                     -0.24312254646946532266                                                    
a_ia   73   77                                                      0.06925698175720723659                                                    
a_ia    0   16                                                     -0.35369728636145009171                                                    
a_ia   78   89                                                      0.15991414083927293910                                                    
a_ia   23   27                                                      0.00296462300455475241                                                    
mvp2    0   29   52   82   29    0   52   82                        0.00459688266736243360   -0.05117117370083229533                          
a_ia   21   25                                                      0.01852470023918813269                                                    
a_ia   21   25                                                      0.01828986949312574189                                                    
a_ia   21   25                                                      0.01734340455524368413                                                    
a_ia   21   25                                                      0.01657588632166603210                                                    
mvp2    0   51   52  103   51    0   52  103                       -0.00161098715670533830    0.00002576649599821820                          
mvp2    0   51   52  103   51    0   52  103                        0.00155391215338362716   -0.00001574603655165573                          
mvp2    0   30   52   90   30    0   52   90                       -0.00524418891670177557   -0.00089394944058974232                          
mvp2    0   51   52   82   51    0   52   82                        0.00447072713160381972   -0.00263846843668845117                          
a_ia   52   70                                                      0.12148942989203992404                                                    
a_ia   52   70                                                      0.11588472444076695911                                                    
mvp2   12   51   64  103   51   12   64  103                       -0.00433485168687657105    0.00035028175405152443                          
mvp2    0   51   52  103   51    0   52  103                       -0.00185728125625523005    0.00005449220923084666                          
a_ia   76   79                                                     -0.00156711782136191862                                                    
a_ia   76   79                                                     -0.00066555834747150037                                                    
a_ia   76   79                                                     -0.00024241982908115563                                                    
a_ia   26   27                                                      0.00023222031700496565                                                    
