op     25   26   77   78   26   25   77   78                       -0.11769441194755657365                                                    
op     25   27   77   79   27   25   77   79                       -0.14983097598716546561                                                    
mvp2   26   27   75   77   27   26   75   77                       -0.78231984272573551475   -1.14203338599186121627                          
op     12   26   75   97   26   12   75   97                       -0.02211467392967789852                                                    
mvp2   24   26   75   78   26   24   75   78                        0.01464640072922496726    0.15202253980809465883                          
op      0   51   52  103   51    0   52  103                       -0.00925912294911037000                                                    
op      0   29   52   81   29    0   52   81                       -0.01724741301015134815                                                    
op      0   30   52   82   30    0   52   82                       -0.00789989022223350212                                                    
op      0   26   52   78   26    0   52   78                       -0.00780623557300174839                                                    
mvp2   23   27   75   79   27   23   75   79                       -0.08691628817539150120    1.20715307513710001786                          
mvp2   12   26   52   81   26   12   52   81                        0.01417282010418785196    0.78762832439200392010                          
mvp2   52   81   75   97   52   75   97   81                        0.02393466868309732445   -0.03947314753952702732                          
mvp2    0   30   52   81   30    0   52   81                        0.00478821170809638850    0.33758708707664242255                          
op      0   38   52   90   38    0   52   90                       -0.00818676975994940895                                                    
op      0   33   52   85   33    0   52   85                       -0.00348214085603569317                                                    
op      0   34   52   86   34    0   52   86                       -0.00477558199741574124                                                    
op      0   35   52   87   35    0   52   87                       -0.00404530450483547768                                                    
mvp2    0   51   64   97   51    0   64   97                       -0.00981254700869297301    0.76219196393514809795                          
mvp2    0   29   75   97   29    0   75   97                       -0.03338626782281388372    0.71795605960079922347                          
a_ia   64   75                                                     -0.29536597237186223985                                                    
mvp2    0   29   75   97   29    0   75   97                        0.03966101978029923369   -0.50074869626796569833                          
mvp2    0   34   64   97   34    0   64   97                       -0.00670591927520633024   -0.10899858151869172562                          
mvp2    0   34   52  103   34    0   52  103                       -0.00064847403391327932   -0.00373406340708361088                          
mvp2   23   26   75   97   26   23   75   97                        0.01010954227949190792    0.00484003325883025897                          
om      0   38   52   82   38    0   52   82                       -0.00552681998117529952                                                    
a_ia    0   28                                                      0.00085128602174548772                                                    
op      0   35   52   82   35    0   52   82                        0.00341817683784075444                                                    
mvp3    0   26   12   34    0   12   34   26    0   12   26   34   -0.00204213915815113466   -0.21265581135403410773   -0.09158047858548315490
a_ia   75   97                                                      0.00133777351970387239                                                    
mvp2   12   26   52  103   26   12   52  103                        0.01070666018093924428   -0.29520012152077879097                          
mvp2   23   51   75  103   51   23   75  103                       -0.00211836325424588677    0.28770493295170479486                          
mvp2    0   34   75   97   34    0   75   97                        0.00551386596794465039    0.30987409605410587421                          
mvp2    0   26   64   81   26    0   64   81                        0.00443637598868386589    0.58678475046369726886                          
mvp2    0   29   52   86   29    0   52   86                       -0.00649541572764131530    0.56384965238124951092                          
a_ia   52   86                                                     -0.00018748998220956397                                                    
mvp3    0   26   12   51    0   12   51   26    0   12   26   51   -0.00819179810159033697   -0.19905550169045949094    0.20588674751787675032
mvp2   23   27   77   78   27   23   77   78                       -0.03866230175092349314   -0.61708867843964299027                          
mvp2    0   29   52   90   29    0   52   90                        0.00693219613663792478   -0.32730336221302347433                          
mvp2    0   28   52   82   28    0   52   82                       -0.00225910982818442775    0.01662216721129387148                          
mvp2    0   51   52   90   51    0   52   90                        0.00310557376585983685   -0.16933654808758608068                          
mvp2    0   30   52  103   30    0   52  103                        0.00335356827881314393    0.41128076821644565797                          
mvp2   12   26   77   79   26   12   77   79                       -0.02755450484624893254    0.02811022370705849177                          
a_ia   64   86                                                      0.00087062431877808885                                                    
mvp2    0   38   52  103   38    0   52  103                        0.00366890018593449101    0.39665650453912326689                          
a_ia   24   25                                                     -0.21131246355434976647                                                    
a_ia   52   69                                                     -0.24225923849224950679                                                    
a_ia   75   76                                                     -0.24572712344414004981                                                    
a_ia   73   77                                                      0.06858625272624557789                                                    
a_ia    0   16                                                     -0.28085411913998409306                                                    
a_ia   78   89                                                      0.16325958603306112149                                                    
a_ia   23   27                                                      0.00198884852438648355                                                    
mvp2    0   29   52   82   29    0   52   82                        0.00434491277323350786   -0.00016448402783854907                          
a_ia   21   25                                                      0.00023545707298067888                                                    
