op     25   26   77   78   26   25   77   78                       -0.11902454226544355309                                                    
op     25   27   77   79   27   25   77   79                       -0.15016117360606759390                                                    
mvp2   26   27   75   77   27   26   75   77                       -0.77041691609846929545   -1.14543599266790763203                          
op     12   26   75   97   26   12   75   97                       -0.02152419443117082470                                                    
mvp2   24   26   75   78   26   24   75   78                        0.01450680038432148114    0.14791123740006417719                          
op      0   51   52  103   51    0   52  103                       -0.00880173049538893887                                                    
op      0   29   52   81   29    0   52   81                       -0.02094677712214813164                                                    
op      0   30   52   82   30    0   52   82                       -0.00816126174325742908                                                    
op      0   26   52   78   26    0   52   78                       -0.00769528221539020861                                                    
mvp2   23   27   75   79   27   23   75   79                       -0.08662968966952584726    1.20384775930585674608                          
mvp2   12   26   52   81   26   12   52   81                        0.01397597744048739536    0.90577360098412618150                          
mvp2   52   81   75   97   52   75   97   81                        0.02389505473290157167   -0.06361261511730482987                          
mvp2    0   30   52   81   30    0   52   81                        0.00505972751877805001    0.27241293929577420352                          
op      0   38   52   90   38    0   52   90                       -0.00878175523096195662                                                    
op      0   33   52   85   33    0   52   85                       -0.00357519598325808366                                                    
op      0   34   52   86   34    0   52   86                       -0.00521592635289655753                                                    
op      0   35   52   87   35    0   52   87                       -0.00409044632986212044                                                    
mvp2    0   51   64   97   51    0   64   97                       -0.00959657035963764650    0.86399081793324838952                          
mvp2    0   29   75   97   29    0   75   97                       -0.03304523625598581454    0.74002159625678476385                          
a_ia   64   75                                                     -0.31408033302816629195                                                    
mvp2    0   29   75   97   29    0   75   97                        0.03940434618063935746   -0.68888724728743155890                          
mvp2    0   34   64   97   34    0   64   97                       -0.00769844295570889982   -0.21746092895289867442                          
mvp2    0   34   52  103   34    0   52  103                        0.00000981497180432269    0.04401449622249777732                          
mvp2   23   26   75   97   26   23   75   97                        0.01007666309834376328    0.00442457079260851795                          
om      0   38   52   82   38    0   52   82                       -0.00597491882906584122                                                    
a_ia    0   28                                                      0.00086724625967438368                                                    
op      0   35   52   82   35    0   52   82                        0.00339729738971548826                                                    
mvp3    0   26   12   34    0   12   34   26    0   12   26   34    0.00019139938910801510   -0.21943769185020031709   -0.12508063510226913317
a_ia   75   97                                                      0.00123617616890579524                                                    
mvp2   12   26   52  103   26   12   52  103                        0.01156671064523368507   -0.34645317831312416601                          
mvp2   23   51   75  103   51   23   75  103                       -0.00381429336917230803    0.27625241772740760648                          
mvp2    0   34   75   97   34    0   75   97                        0.00601007496661994448    0.40792144037150190883                          
mvp2    0   26   64   81   26    0   64   81                        0.00473503875886964378    0.56365568777140684364                          
mvp2    0   29   52   86   29    0   52   86                       -0.00672222421792658797    0.57151431373726324647                          
a_ia   52   86                                                     -0.00017121917090113384                                                    
mvp3    0   26   12   51    0   12   51   26    0   12   26   51   -0.00704231884268475671   -0.19808524319761525168    0.22114375200614663775
mvp2   23   27   77   78   27   23   77   78                       -0.03870115115520768312   -0.60881791665477957842                          
mvp2    0   29   52   90   29    0   52   90                        0.00742110063486740249   -0.36839424426795025491                          
mvp2    0   28   52   82   28    0   52   82                       -0.00244408037873997900    0.02686345853459309874                          
mvp2    0   51   52   90   51    0   52   90                        0.00314792186907506986   -0.10795797407027703241                          
mvp2    0   30   52  103   30    0   52  103                        0.00351170600276088079    0.46719330401071190728                          
mvp2   12   26   77   79   26   12   77   79                       -0.02752478105083724924    0.01789312575731782928                          
a_ia   64   86                                                      0.00089068313665435447                                                    
mvp2    0   38   52  103   38    0   52  103                        0.00368527856800840480    0.61913800258045736946                          
a_ia   24   25                                                     -0.21269455031026895941                                                    
a_ia   52   69                                                     -0.25799868244340434797                                                    
a_ia   75   76                                                     -0.24316313123805427532                                                    
a_ia   73   77                                                      0.06925275234289239579                                                    
a_ia    0   16                                                     -0.35050562254424177944                                                    
a_ia   78   89                                                      0.15990461317339993430                                                    
a_ia   23   27                                                      0.00284166016261063565                                                    
mvp2    0   29   52   82   29    0   52   82                        0.00451728409684898531   -0.00850216078197519459                          
a_ia   21   25                                                      0.01843314297003088853                                                    
a_ia   21   25                                                      0.01819825314350422343                                                    
a_ia   21   25                                                      0.01725172518797458282                                                    
a_ia   21   25                                                      0.01648414720491804888                                                    
mvp2    0   51   52  103   51    0   52  103                       -0.00395719652684798154    0.00004385972498940118                          
mvp2    0   51   52  103   51    0   52  103                       -0.00079225597924156366    0.00000228593445204516                          
mvp2    0   30   52   90   30    0   52   90                       -0.00520818644716310956   -0.00076179952192602211                          
mvp2    0   51   52   82   51    0   52   82                        0.00433707785151044890   -0.00225624200114981407                          
a_ia   52   70                                                      0.12072396457115451562                                                    
a_ia   52   70                                                      0.11509961052078299115                                                    
mvp2   12   51   64  103   51   12   64  103                       -0.00561402816821910105    0.00029784868445001221                          
