op     25   26   77   78   26   25   77   78                       -0.11908726421868506828                                                    
op     25   27   77   79   27   25   77   79                       -0.15012896020913563122                                                    
mvp2   26   27   75   77   27   26   75   77                       -0.76981699897419697542   -1.14529651672257481998                          
op     12   26   75   97   26   12   75   97                       -0.02102197748127571097                                                    
mvp2   24   26   75   78   26   24   75   78                        0.01448546875553631194    0.14784938756791640713                          
op      0   51   52  103   51    0   52  103                       -0.00761247705066994945                                                    
op      0   29   52   81   29    0   52   81                       -0.02263441486431429575                                                    
op      0   30   52   82   30    0   52   82                       -0.00804049043922674088                                                    
op      0   26   52   78   26    0   52   78                       -0.00784954529950361753                                                    
mvp2   23   27   75   79   27   23   75   79                       -0.08659069546999972888    1.20347584257096129612                          
mvp2   12   26   52   81   26   12   52   81                        0.01493398334080606876    0.91524302281791958258                          
mvp2   52   81   75   97   52   75   97   81                        0.02380563844947669941   -0.06502317763436347986                          
mvp2    0   30   52   81   30    0   52   81                        0.00546122800512722963    0.26755989945231700711                          
op      0   38   52   90   38    0   52   90                       -0.00881276718993671826                                                    
op      0   33   52   85   33    0   52   85                       -0.00357240306948098437                                                    
op      0   34   52   86   34    0   52   86                       -0.00513337643296457678                                                    
op      0   35   52   87   35    0   52   87                       -0.00401650807274255093                                                    
mvp2    0   51   64   97   51    0   64   97                       -0.00928662388701521208    0.87536134089421124838                          
mvp2    0   29   75   97   29    0   75   97                       -0.03358151695282029364    0.74103332382764586228                          
a_ia   64   75                                                     -0.31578979040359028696                                                    
mvp2    0   29   75   97   29    0   75   97                        0.03902519445454631641   -0.70786373038660865831                          
mvp2    0   34   64   97   34    0   64   97                       -0.00762591886588684896   -0.22660872384057179074                          
mvp2    0   34   52  103   34    0   52  103                        0.00006222999042253778    0.04893056529602622662                          
mvp2   23   26   75   97   26   23   75   97                        0.01008730982070386167    0.00445002043019493247                          
om      0   38   52   82   38    0   52   82                       -0.00602540208905207129                                                    
a_ia    0   28                                                      0.00082950166064960334                                                    
op      0   35   52   82   35    0   52   82                        0.00338743364364358420                                                    
mvp3    0   26   12   34    0   12   34   26    0   12   26   34   -0.00019252681708452964   -0.21978520771921972177   -0.12814545428023749185
a_ia   75   97                                                      0.00121846840366726119                                                    
mvp2   12   26   52  103   26   12   52  103                        0.01127531715484746989   -0.34937001395033590034                          
mvp2   23   51   75  103   51   23   75  103                       -0.00205444705647187713    0.27454231706741161201                          
mvp2    0   34   75   97   34    0   75   97                        0.00606750264601575717    0.41798930389814792363                          
mvp2    0   26   64   81   26    0   64   81                        0.00447170027812144981    0.56182891825203795655                          
mvp2    0   29   52   86   29    0   52   86                       -0.00685678409318270666    0.57240463574887079368                          
a_ia   52   86                                                     -0.00014759078379537421                                                    
mvp3    0   26   12   51    0   12   51   26    0   12   26   51   -0.00739288581551967097   -0.19737262332432509160    0.22272829271486324632
mvp2   23   27   77   78   27   23   77   78                       -0.03868862405512584618   -0.60809793281643353957                          
mvp2    0   29   52   90   29    0   52   90                        0.00772137615926072555   -0.37562516635560605494                          
mvp2    0   28   52   82   28    0   52   82                       -0.00252904837914133410    0.02732156240454015547                          
mvp2    0   51   52   90   51    0   52   90                        0.00368789068098492913   -0.10417029821043914672                          
mvp2    0   30   52  103   30    0   52  103                        0.00340098438559067236    0.47118774734890528366                          
mvp2   12   26   77   79   26   12   77   79                       -0.02750493514015005594    0.01761043441569763723                          
a_ia   64   86                                                      0.00088655261270836644                                                    
mvp2    0   38   52  103   38    0   52  103                        0.00380905650678069630    0.63125699773034915641                          
a_ia   24   25                                                     -0.21269044392774857921                                                    
a_ia   52   69                                                     -0.25933984336886889421                                                    
a_ia   75   76                                                     -0.24311896667921109594                                                    
a_ia   73   77                                                      0.06925727552424662536                                                    
a_ia    0   16                                                     -0.35397884177377897386                                                    
a_ia   78   89                                                      0.15991601641706984505                                                    
a_ia   23   27                                                      0.00296597497371569067                                                    
mvp2    0   29   52   82   29    0   52   82                        0.00459838243875726038   -0.05567888530522546731                          
a_ia   21   25                                                      0.01852893455964296776                                                    
a_ia   21   25                                                      0.01829411036684297498                                                    
a_ia   21   25                                                      0.01734765266278435678                                                    
a_ia   21   25                                                      0.01658014125329746596                                                    
mvp2    0   51   52  103   51    0   52  103                       -0.00201389766389382550    0.00008955133672336319                          
mvp2    0   51   52  103   51    0   52  103                        0.00115099536459770850    0.00004817595753914174                          
mvp2    0   30   52   90   30    0   52   90                       -0.00524445573020233119   -0.00090896396652241467                          
mvp2    0   51   52   82   51    0   52   82                        0.00446264762340046160   -0.00267763563597388059                          
a_ia   52   70                                                      0.12175012149714711795                                                    
a_ia   52   70                                                      0.11614839446708213888                                                    
mvp2   12   51   64  103   51   12   64  103                       -0.00430395360973421636    0.00035569074426468664                          
mvp2    0   51   52  103   51    0   52  103                       -0.00262204467834059726    0.00006187847789173315                          
a_ia   76   79                                                     -0.00165540522668503184                                                    
a_ia   76   79                                                     -0.00075399463374424677                                                    
a_ia   76   79                                                     -0.00033092204837678721                                                    
a_ia   26   27                                                      0.00081355812593868822                                                    
a_ia   26   27                                                      0.00058158185494268811                                                    
