op     25   26   77   78   26   25   77   78                       -0.11907820789499418135                                                    
op     25   27   77   79   27   25   77   79                       -0.15013514701806029983                                                    
mvp2   26   27   75   77   27   26   75   77                       -0.76989902215282712827   -1.14531662324874439207                          
op     12   26   75   97   26   12   75   97                       -0.02107502744197100458                                                    
mvp2   24   26   75   78   26   24   75   78                        0.01448849800239110884    0.14785732211600863262                          
op      0   51   52  103   51    0   52  103                       -0.00748359657696571774                                                    
op      0   29   52   81   29    0   52   81                       -0.02255748276655530210                                                    
op      0   30   52   82   30    0   52   82                       -0.00803942862895685138                                                    
op      0   26   52   78   26    0   52   78                       -0.00784969540704403244                                                    
mvp2   23   27   75   79   27   23   75   79                       -0.08659211851522877201    1.20352420989537800544                          
mvp2   12   26   52   81   26   12   52   81                        0.01493028064612905714    0.91388463547666087816                          
mvp2   52   81   75   97   52   75   97   81                        0.02383205445355490032   -0.06477581524232081667                          
mvp2    0   30   52   81   30    0   52   81                        0.00545935753249977406    0.26821361769647256157                          
op      0   38   52   90   38    0   52   90                       -0.00881165875223992832                                                    
op      0   33   52   85   33    0   52   85                       -0.00357192626438461317                                                    
op      0   34   52   86   34    0   52   86                       -0.00512324448147207824                                                    
op      0   35   52   87   35    0   52   87                       -0.00401567362470470115                                                    
mvp2    0   51   64   97   51    0   64   97                       -0.00927819049718250563    0.87395037312176604427                          
mvp2    0   29   75   97   29    0   75   97                       -0.03344922914887689391    0.74099121384358257458                          
a_ia   64   75                                                     -0.31553753941624473889                                                    
mvp2    0   29   75   97   29    0   75   97                        0.03912606164543954573   -0.70513929025408450535                          
mvp2    0   34   64   97   34    0   64   97                       -0.00761198637804585791   -0.22533622901500741098                          
mvp2    0   34   52  103   34    0   52  103                        0.00006054702762274693    0.04818321638094456155                          
mvp2   23   26   75   97   26   23   75   97                        0.01008932471229309971    0.00444220845188274521                          
om      0   38   52   82   38    0   52   82                       -0.00602966943696124982                                                    
a_ia    0   28                                                      0.00082908481200005574                                                    
op      0   35   52   82   35    0   52   82                        0.00338679409606468815                                                    
mvp3    0   26   12   34    0   12   34   26    0   12   26   34   -0.00022054037240986269   -0.21974100300604176850   -0.12779494440784830434
a_ia   75   97                                                      0.00121778906091058337                                                    
mvp2   12   26   52  103   26   12   52  103                        0.01122193533085536800   -0.34895721766910242634                          
mvp2   23   51   75  103   51   23   75  103                       -0.00208686196459421242    0.27477570730063044513                          
mvp2    0   34   75   97   34    0   75   97                        0.00606019945781050874    0.41665503737502629367                          
mvp2    0   26   64   81   26    0   64   81                        0.00447108029750020123    0.56211338117112374935                          
mvp2    0   29   52   86   29    0   52   86                       -0.00685394635943079381    0.57234885267559110211                          
a_ia   52   86                                                     -0.00015036764522249687                                                    
mvp3    0   26   12   51    0   12   51   26    0   12   26   51   -0.00741271401665843759   -0.19750105285069369243    0.22231101875518657907
mvp2   23   27   77   78   27   23   77   78                       -0.03868949569510725384   -0.60819696277713386490                          
mvp2    0   29   52   90   29    0   52   90                        0.00772308945540157825   -0.37468517186417349407                          
mvp2    0   28   52   82   28    0   52   82                       -0.00252905240422964320    0.02726280157740522750                          
mvp2    0   51   52   90   51    0   52   90                        0.00365988253332048732   -0.10473762325106862614                          
mvp2    0   30   52  103   30    0   52  103                        0.00340152873228390757    0.47069485233978963779                          
mvp2   12   26   77   79   26   12   77   79                       -0.02750870004585449433    0.01765499502705624932                          
a_ia   64   86                                                      0.00088666795876605803                                                    
mvp2    0   38   52  103   38    0   52  103                        0.00380029171577155392    0.62964866665183050198                          
a_ia   24   25                                                     -0.21269073951928341160                                                    
a_ia   52   69                                                     -0.25912908525967287554                                                    
a_ia   75   76                                                     -0.24312425850308727604                                                    
a_ia   73   77                                                      0.06925690450809636467                                                    
a_ia    0   16                                                     -0.35355180833778193650                                                    
a_ia   78   89                                                      0.15991340699580891549                                                    
a_ia   23   27                                                      0.00296390450798004676                                                    
mvp2    0   29   52   82   29    0   52   82                        0.00459740428093308694   -0.04936904074882558779                          
a_ia   21   25                                                      0.01852290903790213342                                                    
a_ia   21   25                                                      0.01828807565248651013                                                    
a_ia   21   25                                                      0.01734160782561118899                                                    
a_ia   21   25                                                      0.01657408685444038479                                                    
mvp2    0   51   52  103   51    0   52  103                       -0.00196822087294700647    0.00003936800718668418                          
mvp2    0   51   52  103   51    0   52  103                        0.00119668064854411890   -0.00000219273292506778                          
mvp2    0   30   52   90   30    0   52   90                       -0.00524503695719292368   -0.00088801879606197369                          
mvp2    0   51   52   82   51    0   52   82                        0.00446978904448042200   -0.00262284818192419630                          
a_ia   52   70                                                      0.12139369632143941213                                                    
a_ia   52   70                                                      0.11578828144783122334                                                    
mvp2   12   51   64  103   51   12   64  103                       -0.00436435164797067260    0.00034799685514688234                          
mvp2    0   51   52  103   51    0   52  103                       -0.00206419256207412798    0.00005205913035012959                          
a_ia   76   79                                                     -0.00152748411150361533                                                    
a_ia   76   79                                                     -0.00062586352465139584                                                    
a_ia   76   79                                                     -0.00020269879225901747                                                    
