-4.224229831727764122e+02
-4.224516017219041828e+02
-4.224688146877052191e+02
-4.224844064268735906e+02
-4.225014921800921002e+02
-4.225131561445613215e+02
-4.225191536434732029e+02
-4.225324409419952758e+02
-4.225373146399107895e+02
-4.225472109231483842e+02
-4.225572688200037987e+02
-4.225635992833061891e+02
-4.225693540953337788e+02
-4.225774008653526153e+02
-4.225790068325584912e+02
-4.225807967996818775e+02
-4.225840282425817804e+02
-4.225859660480135744e+02
-4.225877964969109826e+02
-4.225912572221417918e+02
-4.225925589970408964e+02
-4.225944573450331063e+02
-4.225957321826609814e+02
-4.225969319949828105e+02
-4.225976535359773152e+02
-4.225986587623735886e+02
-4.226016237570137264e+02
-4.226040469368421100e+02
-4.226047528812837868e+02
-4.226062990172886202e+02
-4.226091668731236837e+02
-4.226108022781485829e+02
-4.226108832899066101e+02
-4.226118968091611237e+02
-4.226134520231507850e+02
-4.226135280846073101e+02
-4.226143086342664219e+02
-4.226143787763077171e+02
-4.226144449747220051e+02
-4.226146045919660992e+02
-4.226167968835255238e+02
-4.226168965425210899e+02
-4.226169960896144744e+02
-4.226170511524347262e+02
-4.226178504939836102e+02
-4.226179870739854891e+02
-4.226180118470654179e+02
-4.226180730512596142e+02
-4.226202524446206894e+02
-4.226203160827370766e+02
-4.226203794487981895e+02
-4.226220684657602078e+02
-4.226221071068421224e+02
-4.226221436435001806e+02
-4.226222441878836094e+02
-4.226222994363487260e+02
-4.226224128843600170e+02
-4.226225809302356993e+02
-4.226226335947994812e+02
-4.226226681256396773e+02
-4.226226990373949093e+02
-4.226227445103858145e+02
-4.226227785604904170e+02
-4.226228158120384251e+02
