9.999955158624426188e-01
9.999881836525655876e-01
9.999875963597896211e-01
9.957261661151330934e-01
9.955202777723699548e-01
9.949951733202258009e-01
9.955469483461942826e-01
9.943706613113534321e-01
9.962465895594050380e-01
9.933851630360943652e-01
9.944126332470624163e-01
9.871445553593718447e-01
9.925350752855738312e-01
9.922241342544659837e-01
9.801872691176272134e-01
9.750582390198556659e-01
3.172043268178892372e-02
2.016888320089512895e-02
5.795006975528971954e-03
4.390837874973730487e-03
8.841915821959265079e-03
2.421614632052896017e-03
4.640277518022917908e-03
2.686353956506739964e-03
3.984235670955283554e-03
2.744273181307001729e-03
1.128597118110717451e-03
5.425873539806233894e-03
2.940451232536539679e-03
5.560795894419238647e-03
5.468836884166041953e-03
4.757432167733111929e-03
