-2.617609895108562910e+02
-2.617653407280777174e+02
-2.617714200678012730e+02
-2.617736301274503035e+02
-2.617779533222200143e+02
-2.617835762978380103e+02
-2.617887535463004838e+02
-2.617916282548562776e+02
-2.617946297808845202e+02
-2.617967681486771880e+02
-2.617991513736698721e+02
-2.618036429237664038e+02
-2.618087558910526127e+02
-2.618120327750694969e+02
-2.618152438695947239e+02
-2.618197180427944204e+02
-2.618243193661293162e+02
-2.618261750656728282e+02
-2.618323416717312284e+02
-2.618339935619678727e+02
-2.618352476834235745e+02
-2.618371120971170853e+02
-2.618381754285965144e+02
-2.618401346533401011e+02
-2.618432129854314780e+02
-2.618469458758278847e+02
-2.618502079321988845e+02
-2.618513716322875098e+02
-2.618539208475701798e+02
-2.618539795627638114e+02
-2.618548404350825081e+02
-2.618570788148497854e+02
-2.618580818675383171e+02
-2.618623274524779276e+02
-2.618631593389507088e+02
-2.618638915903135853e+02
-2.618644696219984098e+02
-2.618673575272096059e+02
-2.618682453332583009e+02
-2.618756687352176868e+02
-2.618757689125723118e+02
-2.618763083664127862e+02
-2.618763974720072838e+02
-2.618787196271828748e+02
-2.618789319849996104e+02
-2.618789697380537973e+02
-2.618823752731622108e+02
-2.618824405257494163e+02
-2.618825803164572221e+02
-2.618839539853573228e+02
-2.618851807390423119e+02
-2.618853851260234933e+02
-2.618854365511878086e+02
-2.618865112042183796e+02
-2.618865359000100739e+02
-2.618865858143311129e+02
-2.618866600415028074e+02
-2.618867197196721008e+02
-2.618867529734067716e+02
-2.618876777146638233e+02
-2.618880807432726101e+02
-2.618882255766532126e+02
-2.618883027944945070e+02
-2.618892621048747174e+02
-2.618893041073765175e+02
-2.618893355801188250e+02
-2.618929298854794183e+02
-2.618930055362332041e+02
-2.618930884643148147e+02
-2.618964790688419271e+02
-2.618965629737747918e+02
-2.618966568209758066e+02
-2.618967239486759127e+02
-2.618968717905813719e+02
-2.618991930602380194e+02
-2.618992159427593833e+02
-2.618992592721614869e+02
-2.618992808014663751e+02
-2.618993404509482730e+02
-2.618993862130362800e+02
-2.618994227959851173e+02
-2.618994835852582241e+02
-2.618994977357057792e+02
-2.618995119223869779e+02
-2.618996795871589143e+02
-2.618997653671597732e+02
-2.618997828115058155e+02
-2.618998239628101032e+02
-2.618998501256863847e+02
-2.618998778510048737e+02
-2.618998885261784721e+02
-2.618999217772064867e+02
-2.618999463908044163e+02
-2.619000520206869851e+02
-2.619001843520090915e+02
-2.619002001677311000e+02
-2.619002382440523888e+02
-2.619002809001291894e+02
-2.619003168836675854e+02
-2.619004524886502168e+02
-2.619011170151999863e+02
-2.619011420827374081e+02
-2.619011868254556248e+02
-2.619013180725650045e+02
-2.619034178464198135e+02
-2.619034372289012254e+02
-2.619034707012675085e+02
-2.619034735646122272e+02
-2.619034987182417922e+02
-2.619040640077317903e+02
-2.619040748054803203e+02
-2.619041281174795017e+02
-2.619041874342627239e+02
-2.619043768000682917e+02
-2.619044617230998142e+02
-2.619044996346336802e+02
-2.619045131776102835e+02
-2.619050118136581204e+02
-2.619050347085333783e+02
-2.619052211549670801e+02
-2.619052810860462728e+02
-2.619053805736472782e+02
-2.619054114875960977e+02
-2.619072146518989257e+02
-2.619072761666798783e+02
-2.619074293160550155e+02
-2.619074333618008268e+02
-2.619074481050768100e+02
-2.619075981242257853e+02
-2.619076432386129909e+02
-2.619076781798120237e+02
-2.619076961415502183e+02
-2.619078232872806780e+02
-2.619078569693763257e+02
-2.619078603189764749e+02
-2.619078795076812867e+02
-2.619078847723583863e+02
-2.619079250234894971e+02
-2.619079491957401160e+02
-2.619080807209119826e+02
-2.619081506867764801e+02
-2.619081708814568970e+02
-2.619081736726345753e+02
-2.619081757217917925e+02
-2.619081799541231135e+02
-2.619082403589708861e+02
-2.619083035759288123e+02
-2.619083517291227281e+02
-2.619084682197927236e+02
-2.619085552996651813e+02
-2.619086448093361810e+02
-2.619086598263513110e+02
-2.619086947144662076e+02
-2.619086976678610768e+02
-2.619087083109146761e+02
-2.619087684603422872e+02
-2.619087841199922195e+02
-2.619087944763484188e+02
-2.619088745852761804e+02
-2.619088787448574749e+02
-2.619089257974729890e+02
-2.619089672045997190e+02
-2.619089977710569883e+02
-2.619090225032036869e+02
-2.619090623050009867e+02
-2.619090703178392801e+02
-2.619090716035511264e+02
-2.619091414395342099e+02
-2.619091607885159192e+02
-2.619091802846285759e+02
-2.619092439123074882e+02
-2.619092445864993124e+02
-2.619092457280348754e+02
-2.619092640998583761e+02
-2.619093560559514913e+02
-2.619093980336929235e+02
-2.619094239305979954e+02
-2.619094274945319967e+02
-2.619094906889725962e+02
-2.619094976293113746e+02
-2.619095165607542981e+02
-2.619095634713794993e+02
-2.619095831051477035e+02
-2.619095985984632193e+02
-2.619096444820144143e+02
-2.619096552415944075e+02
-2.619096750367480126e+02
-2.619097059289616141e+02
-2.619097148742862942e+02
-2.619097148947014944e+02
-2.619097270433213112e+02
-2.619097837256957177e+02
-2.619097849646677787e+02
-2.619097884989297995e+02
-2.619098494329642790e+02
-2.619098557408016745e+02
-2.619098723781190188e+02
-2.619099353111078017e+02
-2.619101890701501247e+02
-2.619101995430360716e+02
-2.619102157851992843e+02
-2.619102762039404979e+02
-2.619122313304505951e+02
-2.619122331634729903e+02
-2.619122386017975259e+02
-2.619122489964673832e+02
-2.619122493955230766e+02
-2.619122579882210857e+02
-2.619123072882990755e+02
-2.619123660437718968e+02
-2.619123735728550173e+02
-2.619123740582697906e+02
-2.619125494248252153e+02
-2.619125537274874205e+02
-2.619125905476865910e+02
-2.619125997164662181e+02
-2.619126074666244222e+02
-2.619126100089644069e+02
-2.619126643842957947e+02
-2.619127074250005194e+02
-2.619127258966182126e+02
-2.619127400808918082e+02
-2.619127409605723074e+02
-2.619129779067985737e+02
-2.619129863210790745e+02
-2.619129930491275786e+02
-2.619129996265422733e+02
-2.619130003468582117e+02
-2.619130010426343915e+02
-2.619130128147061214e+02
-2.619130322301760998e+02
-2.619130326363842869e+02
-2.619130358029258900e+02
-2.619130364346769966e+02
-2.619130841232491207e+02
-2.619130870022988802e+02
-2.619130871650181120e+02
-2.619130981723957916e+02
-2.619131453268431073e+02
-2.619131486481683737e+02
-2.619131489306383855e+02
-2.619131884911300858e+02
-2.619132569020218853e+02
-2.619133036500887783e+02
-2.619133155068101928e+02
-2.619133183413682104e+02
-2.619133331071884072e+02
-2.619133983169908220e+02
-2.619134140307928078e+02
-2.619134466876232068e+02
-2.619134479540426810e+02
-2.619134692713350887e+02
-2.619134769135604870e+02
-2.619134795285295922e+02
-2.619135092247237253e+02
-2.619135644408930261e+02
-2.619135676952237191e+02
-2.619136545429062153e+02
-2.619136594407805774e+02
-2.619136607312676119e+02
-2.619136809397523962e+02
-2.619137081434373044e+02
-2.619137108087163028e+02
-2.619137125471265790e+02
-2.619137147553364002e+02
-2.619137156638486204e+02
-2.619138619285052982e+02
-2.619139957815567072e+02
-2.619139995589895875e+02
-2.619140121953707876e+02
-2.619140151439838746e+02
-2.619140900205442222e+02
-2.619140931587174919e+02
-2.619140935761720925e+02
-2.619141230194643981e+02
-2.619141507381261817e+02
-2.619141830775307085e+02
-2.619142483677504174e+02
-2.619142512259965088e+02
-2.619142608253795856e+02
-2.619142632702399851e+02
-2.619143024024322131e+02
-2.619143072228599181e+02
-2.619143102491792092e+02
-2.619143393133157929e+02
-2.619143410936001146e+02
-2.619143411426388752e+02
-2.619144008437766047e+02
-2.619144165712912127e+02
-2.619144294126526802e+02
-2.619144409664243085e+02
-2.619144409452812283e+02
-2.619144533730641911e+02
-2.619144534092578738e+02
-2.619144658511233956e+02
-2.619144681244837898e+02
-2.619144720767141052e+02
-2.619145529451137122e+02
-2.619145692352981882e+02
-2.619145765739390868e+02
-2.619145768470127109e+02
-2.619145846998076195e+02
-2.619145847619499818e+02
-2.619147704816867872e+02
-2.619147709030364126e+02
-2.619147768078921104e+02
-2.619147832069766082e+02
-2.619147847741767237e+02
-2.619147851114221908e+02
-2.619147983560798139e+02
-2.619148127843873795e+02
-2.619148651895632156e+02
-2.619148704301323960e+02
-2.619149126308678888e+02
-2.619149167654758230e+02
-2.619149175250699955e+02
-2.619149210406359884e+02
-2.619149214616663244e+02
-2.619149347930451768e+02
-2.619149383687936279e+02
-2.619149552552523801e+02
-2.619149862128409723e+02
-2.619150008003442736e+02
-2.619150269063463838e+02
-2.619150274495511894e+02
-2.619150275276049911e+02
-2.619150451951734908e+02
-2.619150855649745040e+02
-2.619150857046640795e+02
-2.619150886398562079e+02
-2.619150994857939168e+02
-2.619151003251395196e+02
-2.619151028616519739e+02
-2.619151219508722193e+02
-2.619151756532571085e+02
-2.619151757965317984e+02
-2.619151795463648114e+02
-2.619151806843440795e+02
-2.619151839204553198e+02
-2.619151838753207926e+02
-2.619151839436763112e+02
-2.619152238698047768e+02
-2.619152750168959756e+02
-2.619152820122035905e+02
-2.619152947263203828e+02
-2.619153095338231765e+02
-2.619153111163893755e+02
-2.619153131463306181e+02
-2.619153285814389278e+02
-2.619153295602579874e+02
-2.619153298722807790e+02
-2.619153299172397737e+02
-2.619153312574729853e+02
-2.619153317238822183e+02
-2.619153317680866166e+02
-2.619153323177226866e+02
-2.619153579048117990e+02
-2.619153694252847231e+02
-2.619153837206085882e+02
-2.619154108289637861e+02
-2.619154115318808067e+02
-2.619154118528313120e+02
-2.619154158914839741e+02
-2.619154160364668087e+02
-2.619154450307099182e+02
-2.619154556663625044e+02
-2.619154572318277019e+02
-2.619154577140602100e+02
-2.619154577924455225e+02
-2.619154709949140170e+02
-2.619154723182076054e+02
-2.619154800898310782e+02
-2.619154811355551260e+02
-2.619154852192525027e+02
-2.619154855684000722e+02
-2.619154855666977824e+02
