9.999984622681190594e-01
9.999947802414923537e-01
9.999887132084990249e-01
9.999882882806798712e-01
9.967569384725294412e-01
9.961354344655237725e-01
9.954677690210086416e-01
9.946463774309737271e-01
9.955906650802852642e-01
9.936497238605561666e-01
9.946845085777340500e-01
9.939996994100617211e-01
9.939153786854906247e-01
9.915242062333241568e-01
9.926065560776973218e-01
9.942524344311742812e-01
9.980012464763752256e-01
9.920515406762987487e-01
9.957719471810799750e-01
9.919630708292787036e-01
9.952257670044242222e-01
9.927584224173975347e-01
9.542752648556442757e-03
1.034653917433388595e-02
1.024816114219606958e-02
7.035673924082190209e-03
5.618208490020642522e-03
4.790805226837897834e-03
5.583025448286085476e-03
4.167082195530477998e-03
2.514552134091649002e-03
2.435403277880680319e-03
4.302511117212205402e-03
5.376342633072593580e-03
2.148617499586513886e-03
3.694166448221456074e-03
3.384964354713091220e-03
1.396893506428364051e-03
2.361736070908927732e-03
3.965164219703215878e-03
2.076150355943892547e-03
4.584048306495848955e-03
2.368009523259040176e-03
3.087261383600470831e-03
