op     25   26   77   78   26   25   77   78                       -0.09457943535160509563                                                    
op     23   27   75   79   27   23   75   79                       -0.10923570095353729581                                                    
a_ia   25   26                                                      0.02264348943631458097                                                    
mvp2   22   26   23   27   22   23   27   26                        0.39458417819035584984    0.86275123633276873392                          
mvp2   22   26   75   80   26   22   75   80                       -0.16470676736147704666   -0.09444694471192467689                          
mvp2   23   27   74   78   27   23   74   78                       -0.01927819392653099331   -0.21028049307390597744                          
a_ia   23   27                                                      0.00713889715860951610                                                    
mvp2   69   79   75   82   69   75   79   82                       -0.00693067132490122334    0.06552428053732767266                          
a_ia   77   78                                                     -0.01624929630042726628                                                    
mvp3   69   78   75   84   69   75   84   78   69   75   78   84    0.00241799372543941016   -0.00530509426020858970    0.12935802986880770571
mvp2   22   26   23   27   22   23   27   26                       -0.41347334814083774868   -0.35563591933498311937                          
mvp2   22   26   70   78   26   22   70   78                       -0.00131512749198945235   -0.00760513126606414489                          
a_ia   75   77                                                      0.55920173330622091612                                                    
mvp2   23   26   77   79   26   23   77   79                        0.05305947183107868198   -0.18124950691822586113                          
a_ia   22   27                                                      0.01320717445494530573                                                    
mvp2   25   26   70   80   26   25   70   80                       -0.00417928469195911947    0.02231559670930181871                          
mvp2   22   26   75   80   26   22   75   80                        0.18760172850284878576   -1.44562800733458285407                          
mvp2   25   26   74   80   26   25   74   80                       -0.07028322986736061651   -0.51741052531092002198                          
a_ia   70   77                                                      0.01866519262838507720                                                    
a_ia   69   82                                                      0.00958558465590311250                                                    
a_ia   69   82                                                      0.00910874175909405677                                                    
mvp2   22   28   75   78   28   22   75   78                        0.06391677066742469659   -1.46267169978039857092                          
a_ia   22   28                                                      0.01952703270773659475                                                    
a_ia   25   26                                                     -0.02018550805618330585                                                    
mvp2   23   27   75   91   27   23   75   91                       -0.01609107807488869765    0.00287007957787000726                          
mvp3   22   27   25   28   22   25   28   27   22   25   27   28   -0.02564900189510371104    0.25862675824586178752    1.26991362930215334615
a_ia   25   28                                                     -0.05086176170114639628                                                    
a_ia   69   82                                                      0.00881524926071645953                                                    
a_ia   75   77                                                     -0.56937617753750069394                                                    
mvp2   23   28   75   80   28   23   75   80                       -0.06120326524314639860   -0.80706089562493177336                          
a_ia   25   27                                                      0.15133020872228949982                                                    
a_ia   75   79                                                      0.05994204161959505034                                                    
a_ia   77   79                                                      0.03103765900609774253                                                    
a_ia   25   27                                                      0.15437079622241045573                                                    
mvp3   75   79   77   80   75   77   80   79   75   77   79   80    0.02187758310258016911   -0.35307307285088362914   -0.12325091777065992626
a_ia   75   80                                                      0.00505295981936473501                                                    
a_ia   77   79                                                     -0.04815601270177818222                                                    
a_ia   75   79                                                     -0.08684196104937315364                                                    
mvp2   23   26   74   80   26   23   74   80                        0.05627290233853258355   -0.20838520108262356678                          
a_ia   23   27                                                     -0.00134046872910838525                                                    
a_ia   18   22                                                     -0.34390184601827050725                                                    
a_ia   18   25                                                     -0.12649604138198397574                                                    
mvp2   25   28   77   80   28   25   77   80                       -0.07282756522019799561   -0.42408223326270849673                          
a_ia   25   27                                                     -0.31751338473572421339                                                    
a_ia   75   91                                                      0.00865853033981490820                                                    
mvp2   23   28   74   79   28   23   74   79                        0.02326058194895882364   -1.07704801510580550072                          
mvp2   25   27   74   80   27   25   74   80                        0.06896987539929867739   -0.82757751043983884820                          
a_ia   25   28                                                      0.05342277898682610410                                                    
a_ia   70   77                                                     -0.00890312151545480553                                                    
a_ia   69   82                                                      0.00987006112503110988                                                    
mvp3   22   27   23   28   22   23   28   27   22   23   27   28    0.01235800798716026050    0.93975495943921383279    0.00059686816987630732
a_ia   23   27                                                     -0.03338582191496108909                                                    
a_ia   22   27                                                     -0.00648804657335160396                                                    
a_ia   75   77                                                     -0.29474704268426860088                                                    
mvp3   74   78   77   80   74   77   80   78   74   77   78   80    0.08994258955237130482   -0.86842891762955909396    0.97448189237954152553
a_ia   74   77                                                      0.05413356410905933308                                                    
a_ia   78   80                                                     -0.00039783648902959161                                                    
mvp2   23   28   75   79   28   23   75   79                        0.01987152193776919179   -0.30870974781884163995                          
a_ia   75   79                                                     -0.00247904156763240806                                                    
mvp2   25   26   74   80   26   25   74   80                       -0.03077569571390240469   -0.61827705520751974344                          
a_ia   22   28                                                     -0.01920606011359974122                                                    
a_ia   22   23                                                     -0.08507816654476424434                                                    
a_ia   18   27                                                     -0.04301666161813133549                                                    
mvp2   25   28   74   80   28   25   74   80                        0.02035255709605541044   -0.23780632648122082551                          
a_ia   75   77                                                      0.83903436369087114333                                                    
a_ia   70   77                                                     -0.16964592916886797602                                                    
a_ia   69   82                                                      0.01036390907411428690                                                    
a_ia   74   75                                                      0.05195504915107866661                                                    
a_ia   22   26                                                     -0.00236534651248500490                                                    
a_ia   74   77                                                     -0.08844036576653163673                                                    
a_ia   77   91                                                     -0.00850408102914202400                                                    
a_ia   70   74                                                     -0.33777835308573689321                                                    
a_ia   25   26                                                     -0.03146809959474401036                                                    
a_ia   70   75                                                      0.19313635791534106145                                                    
a_ia   74   75                                                     -0.07740767426382476335                                                    
a_ia   22   28                                                      0.00740090734613235279                                                    
mvp2   23   39   75   79   39   23   75   79                       -0.00618389198249090846    0.05202171344094459748                          
a_ia   23   39                                                     -0.00107910777081041348                                                    
a_ia   70   74                                                     -0.03788277661542575198                                                    
op     23   32   75   84   32   23   75   84                       -0.00812383608645164158                                                    
a_ia   70   80                                                     -0.00149020543292565396                                                    
mvp2   25   27   77   79   27   25   77   79                       -0.03381303339799829333   -0.05296844633263762814                          
a_ia   25   27                                                     -0.00729718473383986210                                                    
a_ia   26   27                                                      0.10752064011285870915                                                    
a_ia   77   79                                                      0.02225652453461417907                                                    
a_ia   27   39                                                      0.14149855787207404889                                                    
a_ia   25   26                                                     -0.00248870728230249838                                                    
a_ia   70   91                                                      0.00123390166729734295                                                    
mvp2   69   80   77   82   69   77   80   82                        0.00835950470628792075   -0.12812298176715344877                          
a_ia   69   82                                                     -0.02791892311516749881                                                    
mvp2   23   28   69   82   28   23   69   82                       -0.00654454379173418938    0.11630841601047887945                          
a_ia   69   82                                                     -0.02108179596769824485                                                    
mvp2   25   27   77   91   27   25   77   91                       -0.00673356948231793994    0.06395406882930899928                          
a_ia   23   27                                                      0.02444316885431187941                                                    
mvp2   23   36   75   79   36   23   75   79                        0.00808546349876545709    0.13631296274212106878                          
a_ia   75   88                                                      0.00451381807683161676                                                    
mvp2   23   39   75   91   39   23   75   91                       -0.01085658057633268579   -0.04439207828745474205                          
a_ia   75   79                                                      0.01494834165675556527                                                    
mvp2   23   28   75   91   28   23   75   91                        0.00791149116627695541    0.13059086860595572888                          
a_ia   75   91                                                     -0.00993370666254529341                                                    
a_ia   23   28                                                      0.01267291390872393383                                                    
a_ia   69   84                                                     -0.00094012685734274769                                                    
a_ia   25   27                                                      0.00182092811542893733                                                    
mvp2   11   28   77   78   28   11   77   78                       -0.01414119325046283779    0.10244833527976417165                          
a_ia   77   78                                                     -0.00459646733054454217                                                    
mvp2   11   27   75   79   27   11   75   79                       -0.01325643779413899874    0.10363966325595767859                          
a_ia   11   25                                                      0.03669887818368942900                                                    
