op     25   26   77   78   26   25   77   78                       -0.10018907036785412723                                                    
op     23   27   75   79   27   23   75   79                       -0.07294741202874582831                                                    
a_ia   25   26                                                     -0.00040367426450286170                                                    
mvp2   22   26   23   27   22   23   27   26                        0.06222588754508285441    0.26942664697385543260                          
mvp2   22   26   75   80   26   22   75   80                        0.02423617960380525238    0.17448998919980215905                          
mvp2   23   27   74   78   27   23   74   78                        0.01800632051435065509   -0.71134851690981126815                          
a_ia   23   27                                                     -0.01277620700147195920                                                    
mvp2   69   79   75   82   69   75   79   82                       -0.01138645544944070359    0.21031683305544915386                          
a_ia   77   78                                                     -0.00674768129951786987                                                    
mvp3   69   78   75   84   69   75   84   78   69   75   78   84    0.00969851467328938267   -0.00000156709431875628   -0.00006070431468656052
