op     25   26   77   78   26   25   77   78                       -0.09219439178536451007                                                    
op     23   27   75   79   27   23   75   79                       -0.09110727015057186462                                                    
a_ia   25   26                                                      0.02858646315632254464                                                    
mvp2   22   26   23   27   22   23   27   26                        0.32254111460069467832    0.43666404958459975605                          
mvp2   22   26   75   80   26   22   75   80                       -0.15539312028959770262    0.00941241415893872939                          
mvp2   23   27   74   78   27   23   74   78                        0.00234165737897838342   -0.30813028953753884842                          
a_ia   23   27                                                     -0.01514377799465355633                                                    
mvp2   69   79   75   82   69   75   79   82                       -0.01204171033852506623    0.11635647017570076300                          
a_ia   77   78                                                     -0.01353304949336590901                                                    
mvp3   69   78   75   84   69   75   84   78   69   75   78   84   -0.00340830029318112473   -0.00304224701087545948    0.02349718639495714315
mvp2   22   26   23   27   22   23   27   26                       -0.30598316199019071071   -0.19664304888368538959                          
mvp2   22   26   70   78   26   22   70   78                       -0.02745055750655021540    0.08615417030947587762                          
a_ia   75   77                                                      0.39132885278141227303                                                    
mvp2   23   26   77   79   26   23   77   79                        0.05583639729665031137   -0.08500901582717394767                          
a_ia   22   27                                                     -0.00484716703589604427                                                    
mvp2   25   26   70   80   26   25   70   80                       -0.01671458174535168234   -0.13579171977564025164                          
mvp2   22   26   75   80   26   22   75   80                        0.15343482372316366580   -0.74566972999113956266                          
mvp2   25   26   74   80   26   25   74   80                       -0.09483716542913539493   -0.75140479060817744195                          
a_ia   70   77                                                      0.00167518449350974449                                                    
a_ia   69   82                                                     -0.00021914041686763041                                                    
a_ia   69   82                                                     -0.00069598331367659127                                                    
mvp2   22   28   75   78   28   22   75   78                        0.05936196988331923080   -1.39015161451818958227                          
a_ia   22   28                                                      0.00994704708322949674                                                    
a_ia   25   26                                                     -0.04794989951552874191                                                    
mvp2   23   27   75   91   27   23   75   91                       -0.01574493500414317695    0.00231340937366398885                          
mvp3   22   27   25   28   22   25   28   27   22   25   27   28   -0.00977094711384693219    0.17614131156881074336    0.89858856749937354724
a_ia   25   28                                                     -0.00108662221361777644                                                    
a_ia   69   82                                                     -0.00098947581205454369                                                    
a_ia   75   77                                                     -0.08117177234474526326                                                    
mvp2   23   28   75   80   28   23   75   80                       -0.04750309616338213581   -0.90799763394875721012                          
a_ia   25   27                                                      0.01658682850967165001                                                    
a_ia   75   79                                                      0.02168529595960319925                                                    
a_ia   77   79                                                      0.03282633928204391205                                                    
a_ia   25   27                                                      0.01962741600979390350                                                    
mvp3   75   79   77   80   75   77   80   79   75   77   79   80    0.02225816022829464960   -0.17540989069135637379   -0.07067148158315586515
a_ia   75   80                                                      0.00613593812942500507                                                    
a_ia   77   79                                                     -0.04043074381396258993                                                    
a_ia   75   79                                                     -0.04151314958948847805                                                    
mvp2   23   26   74   80   26   23   74   80                        0.03647120976454104602    0.06041310673453426094                          
a_ia   23   27                                                      0.06264433040873927661                                                    
a_ia   18   22                                                     -0.34812077835806803927                                                    
a_ia   18   25                                                     -0.18716318011095225970                                                    
mvp2   25   28   77   80   28   25   77   80                       -0.04367102148054512883   -0.80383009378696756997                          
a_ia   25   27                                                     -0.04580463105688914460                                                    
a_ia   75   91                                                     -0.00252793532527099529                                                    
mvp2   23   28   74   79   28   23   74   79                        0.02662261791925634238   -0.84226841816092024029                          
mvp2   25   27   74   80   27   25   74   80                        0.06378513019191196787   -0.23972420223825263719                          
a_ia   25   28                                                      0.00234970770325823759                                                    
a_ia   70   77                                                     -0.13176603675754108846                                                    
a_ia   69   82                                                      0.00006533605226029655                                                    
mvp3   22   27   23   28   22   23   28   27   22   23   27   28    0.00769940587765128963    0.69104217231850872949   -0.07207801844963791782
a_ia   23   27                                                     -0.05360359193300064801                                                    
a_ia   22   27                                                      0.00537567082267136325                                                    
a_ia   75   77                                                      0.14096329107645760859                                                    
mvp3   74   78   77   80   74   77   80   78   74   77   78   80    0.00331138863598544678   -0.02576393261650185632    0.92693722067155459587
a_ia   74   77                                                      0.06916448191169555226                                                    
a_ia   78   80                                                     -0.05261890603878988798                                                    
mvp2   23   28   75   79   28   23   75   79                        0.01474999931944462328    0.31775047451101928742                          
a_ia   75   79                                                      0.01239766446638382313                                                    
mvp2   25   26   74   80   26   25   74   80                       -0.02096267747893763161    0.04053198179936440271                          
a_ia   22   28                                                     -0.01696180742141396858                                                    
a_ia   22   23                                                      0.02313262313286042204                                                    
a_ia   18   27                                                     -0.00458242057510894248                                                    
mvp2   25   28   74   80   28   25   74   80                        0.01419942654561479230   -0.08353993385820350503                          
a_ia   75   77                                                      0.02418746141388267157                                                    
a_ia   70   77                                                     -0.02258644227893651449                                                    
