op     25   26   77   78   26   25   77   78                       -0.10959883191232996924                                                    
op     23   27   75   79   27   23   75   79                       -0.08768900378975599819                                                    
a_ia   25   26                                                      0.00095170741709336634                                                    
mvp2   22   26   23   27   22   23   27   26                        0.20832273115911117967    0.26161879324256415158                          
mvp2   22   26   75   80   26   22   75   80                       -0.17571080069593952855    0.09844931519765641459                          
mvp2   23   27   74   78   27   23   74   78                        0.02033339960634903895   -0.31600908043790221225                          
a_ia   23   27                                                     -0.00723312327438386908                                                    
mvp2   69   79   75   82   69   75   79   82                       -0.01104417585541278383    0.14872186285512328796                          
a_ia   77   78                                                     -0.02967730567297313313                                                    
mvp3   69   78   75   84   69   75   84   78   69   75   78   84    0.00980094892764605402   -0.00084033744455267530   -0.03483869177579104054
mvp2   22   26   23   27   22   23   27   26                       -0.18095256541813681261   -0.01522101606502750636                          
mvp2   22   26   70   78   26   22   70   78                       -0.02180828638057354107    0.03810847382669778349                          
a_ia   75   77                                                      0.30147182921600496064                                                    
mvp2   23   26   77   79   26   23   77   79                        0.06444941120270593349   -0.01231062079063415665                          
a_ia   22   27                                                      0.00342095112891634785                                                    
mvp2   25   26   70   80   26   25   70   80                       -0.01233007860977351072   -0.04385807010790729321                          
mvp2   22   26   75   80   26   22   75   80                        0.18856656773359531387   -0.05761803487329678064                          
mvp2   25   26   74   80   26   25   74   80                       -0.02283299243095084086   -0.22899302753718264736                          
