op     25   26   77   78   26   25   77   78                       -0.09897943114656199137                                                    
op     23   27   75   79   27   23   75   79                       -0.08708618441461034310                                                    
a_ia   25   26                                                      0.00054762677553111616                                                    
mvp2   22   26   23   27   22   23   27   26                        0.19985917365447611327    0.30658622760229459203                          
mvp2   22   26   75   80   26   22   75   80                        0.01046515048524731054    0.10848853114254254637                          
mvp2   23   27   74   78   27   23   74   78                        0.01890287596278594079   -0.33503073198610777705                          
a_ia   23   27                                                     -0.00731398303261794266                                                    
mvp2   69   79   75   82   69   75   79   82                       -0.01073037019193533344    0.17739486263556705770                          
a_ia   77   78                                                     -0.02001374719331755828                                                    
mvp3   69   78   75   84   69   75   84   78   69   75   78   84    0.00971431572242180581   -0.00060352115864702053   -0.02904517101931866976
mvp2   22   26   23   27   22   23   27   26                       -0.16618717088009463123   -0.03243898407465695133                          
mvp2   22   26   70   78   26   22   70   78                       -0.02098759525851900953    0.02341382708345095612                          
a_ia   75   77                                                      0.27877969433987592751                                                    
mvp2   23   26   77   79   26   23   77   79                        0.06024904766948627893   -0.00053001817286867320                          
a_ia   22   27                                                      0.00182544519848220417                                                    
