op     25   26   77   78   26   25   77   78                       -0.09413326501741138552                                                    
op     23   27   75   79   27   23   75   79                       -0.10324639583094247230                                                    
a_ia   25   26                                                      0.03243270241702978646                                                    
mvp2   22   26   23   27   22   23   27   26                        0.35369217915653655693    0.79136447192771863790                          
mvp2   22   26   75   80   26   22   75   80                       -0.16377559789606158103   -0.07754712864734397693                          
mvp2   23   27   74   78   27   23   74   78                       -0.00673091997275280726   -0.20236417970078823814                          
a_ia   23   27                                                      0.00778713752984386970                                                    
mvp2   69   79   75   82   69   75   79   82                       -0.01237539372018035821    0.08823454864360633088                          
a_ia   77   78                                                     -0.00549853127100754981                                                    
mvp3   69   78   75   84   69   75   84   78   69   75   78   84    0.00370874248828364410   -0.00511029193799289200    0.12394919977522987631
mvp2   22   26   23   27   22   23   27   26                       -0.36855477103761935531   -0.28432337725656264826                          
mvp2   22   26   70   78   26   22   70   78                       -0.00208136622407041963   -0.01341431188966960182                          
a_ia   75   77                                                      0.53696726634877034456                                                    
mvp2   23   26   77   79   26   23   77   79                        0.06371065117330922123   -0.17533024760122797869                          
a_ia   22   27                                                      0.02181106859223195041                                                    
mvp2   25   26   70   80   26   25   70   80                       -0.00386068890792758308    0.00327352400164251630                          
mvp2   22   26   75   80   26   22   75   80                        0.19462055090653773703   -1.33340499460416750388                          
mvp2   25   26   74   80   26   25   74   80                       -0.06302151888043211470   -0.46568658186600125903                          
a_ia   70   77                                                      0.14705502841419737514                                                    
a_ia   69   82                                                     -0.00020047552065999519                                                    
a_ia   69   82                                                     -0.00067731841746909846                                                    
mvp2   22   28   75   78   28   22   75   78                        0.07956811158964027797   -1.31816354015353254248                          
a_ia   22   28                                                      0.02671580086155471087                                                    
a_ia   25   26                                                     -0.04845366578252494061                                                    
mvp2   23   27   75   91   27   23   75   91                       -0.01544464507842414382   -0.01488938824142455736                          
mvp3   22   27   25   28   22   25   28   27   22   25   27   28   -0.02622287835421144297    0.20863678378223246557    1.32266357073792528709
a_ia   25   28                                                     -0.04785146325359523889                                                    
a_ia   69   82                                                     -0.00097081091584672030                                                    
a_ia   75   77                                                     -0.74271632008725319007                                                    
mvp2   23   28   75   80   28   23   75   80                       -0.06511542826353743096   -0.83912449296517810371                          
a_ia   25   27                                                      0.15370627439505538114                                                    
a_ia   75   79                                                      0.05322183372491371550                                                    
a_ia   77   79                                                      0.03419410578524835487                                                    
a_ia   25   27                                                      0.15674686189517636481                                                    
mvp3   75   79   77   80   75   77   80   79   75   77   79   80    0.01959514663552652455   -0.36826176653144959694   -0.12695299462907283505
a_ia   75   80                                                      0.00050718379371577130                                                    
a_ia   77   79                                                     -0.04877281847136648307                                                    
a_ia   75   79                                                     -0.08835030220788664401                                                    
mvp2   23   26   74   80   26   23   74   80                        0.05341425287252535292   -0.36196560707026337322                          
a_ia   23   27                                                      0.00975806191503432972                                                    
a_ia   18   22                                                     -0.33290285207666669987                                                    
a_ia   18   25                                                     -0.13160926582578658106                                                    
mvp2   25   28   77   80   28   25   77   80                       -0.06925512132024437550   -0.39714117530333375994                          
a_ia   25   27                                                     -0.31575073225283478706                                                    
a_ia   75   91                                                     -0.00224692157100582967                                                    
mvp2   23   28   74   79   28   23   74   79                        0.02336822620083603419   -1.06232656018084337113                          
mvp2   25   27   74   80   27   25   74   80                        0.04218812594679276218   -0.95766593678990219463                          
a_ia   25   28                                                      0.05080348146617185562                                                    
a_ia   70   77                                                     -0.12313851620917103113                                                    
a_ia   69   82                                                      0.00008400094846794043                                                    
mvp3   22   27   23   28   22   23   28   27   22   23   27   28    0.01393928532395456027    1.00442905770954804545   -0.01425105916758537261
a_ia   23   27                                                     -0.01846530159908491356                                                    
a_ia   22   27                                                     -0.01400601100963712320                                                    
a_ia   75   77                                                     -0.25686839523456972412                                                    
mvp3   74   78   77   80   74   77   80   78   74   77   78   80    0.10637962826604462074   -0.81163864927035223040    0.90504792823374591304
a_ia   74   77                                                      0.10834685387375248000                                                    
a_ia   78   80                                                      0.00696729056992766681                                                    
mvp2   23   28   75   79   28   23   75   79                        0.01776765989114731728   -0.21596321824697822800                          
a_ia   75   79                                                      0.03056631310090136486                                                    
mvp2   25   26   74   80   26   25   74   80                       -0.02722984800897565796   -0.64928062246995266182                          
a_ia   22   28                                                     -0.01052778788192692411                                                    
a_ia   22   23                                                     -0.08377222887194379908                                                    
a_ia   18   27                                                     -0.04820923298462619078                                                    
mvp2   25   28   74   80   28   25   74   80                        0.02194281397034715531   -0.30596039752494580410                          
a_ia   75   77                                                      0.85810130268622142324                                                    
a_ia   70   77                                                     -0.17600277622534027389                                                    
a_ia   69   82                                                      0.00057784889755106521                                                    
a_ia   74   75                                                      0.06718148723321067106                                                    
a_ia   22   26                                                     -0.00283613540694564216                                                    
a_ia   74   77                                                     -0.12711715851301408353                                                    
a_ia   77   91                                                     -0.00294084643775459299                                                    
a_ia   70   74                                                     -0.33869398303949327378                                                    
a_ia   25   26                                                     -0.01192879630935776356                                                    
a_ia   70   75                                                      0.12419909432455025766                                                    
a_ia   74   75                                                     -0.03637880200010847748                                                    
a_ia   22   28                                                     -0.00075817223104794151                                                    
