op     25   26   77   78   26   25   77   78                       -0.09912331504618034084                                                    
op     23   27   75   79   27   23   75   79                       -0.08693140729072240669                                                    
a_ia   25   26                                                      0.00094982630400643089                                                    
mvp2   22   26   23   27   22   23   27   26                        0.20011395796568604011    0.30591383260097027019                          
mvp2   22   26   75   80   26   22   75   80                        0.01063178518570699269    0.10886682293697731716                          
mvp2   23   27   74   78   27   23   74   78                        0.01886348517829156829   -0.33479049833271945502                          
a_ia   23   27                                                     -0.00739475341289612918                                                    
mvp2   69   79   75   82   69   75   79   82                       -0.01077472713598449927    0.17692689372887765442                          
a_ia   77   78                                                     -0.02029073003757765267                                                    
mvp3   69   78   75   84   69   75   84   78   69   75   78   84    0.00969182447450323871   -0.00060682809887802178   -0.02913599262024903561
mvp2   22   26   23   27   22   23   27   26                       -0.16653304476962030312   -0.03319289777260600594                          
mvp2   22   26   70   78   26   22   70   78                       -0.02185965994088729866    0.02380368910977218727                          
a_ia   75   77                                                      0.27845936910290497446                                                    
mvp2   23   26   77   79   26   23   77   79                        0.06020517761032761345   -0.00066208037968796120                          
a_ia   22   27                                                      0.00205718830352480918                                                    
mvp2   25   26   70   80   26   25   70   80                       -0.01160442491663090867   -0.00154528335838718641                          
