op     25   26   77   78   26   25   77   78                       -0.09576624908147433890                                                    
op     23   27   75   79   27   23   75   79                       -0.10920229733886950563                                                    
a_ia   25   26                                                      0.01629956917704740091                                                    
mvp2   22   26   23   27   22   23   27   26                        0.38155779926647359623    0.84996550853136476622                          
mvp2   22   26   75   80   26   22   75   80                       -0.16227331645582535047   -0.08759204201482939656                          
mvp2   23   27   74   78   27   23   74   78                       -0.01678206220729659692   -0.21808771282627567589                          
a_ia   23   27                                                      0.00739150770024485891                                                    
mvp2   69   79   75   82   69   75   79   82                       -0.00739187080726072445    0.07254322751401796887                          
a_ia   77   78                                                     -0.01490822745538724313                                                    
mvp3   69   78   75   84   69   75   84   78   69   75   78   84    0.00277033780285611438   -0.00525799268602835778    0.12715792985411225602
mvp2   22   26   23   27   22   23   27   26                       -0.39998542749571042165   -0.33933968519811175124                          
mvp2   22   26   70   78   26   22   70   78                       -0.00133927725870581159   -0.00513590309659708345                          
a_ia   75   77                                                      0.56041492770532053136                                                    
mvp2   23   26   77   79   26   23   77   79                        0.05332907522436855507   -0.17989785015398757073                          
a_ia   22   27                                                      0.02059913966572826313                                                    
mvp2   25   26   70   80   26   25   70   80                       -0.00422875216660097315    0.01945296128943506050                          
mvp2   22   26   75   80   26   22   75   80                        0.18677547463116131454   -1.42578807123513651156                          
mvp2   25   26   74   80   26   25   74   80                       -0.06923885788594380530   -0.50185477844285386606                          
a_ia   70   77                                                      0.02198990182459316031                                                    
a_ia   69   82                                                      0.00316900811756249973                                                    
a_ia   69   82                                                      0.00269216522075345441                                                    
mvp2   22   28   75   78   28   22   75   78                        0.06664801168559222888   -1.42759599772942391560                          
a_ia   22   28                                                      0.03187295383066646864                                                    
a_ia   25   26                                                     -0.01594496002370692986                                                    
mvp2   23   27   75   91   27   23   75   91                       -0.01870152231975017246   -0.03248922373216443782                          
mvp3   22   27   25   28   22   25   28   27   22   25   27   28   -0.02608565024838950530    0.24423892084262138757    1.27783937996776009172
a_ia   25   28                                                     -0.04982060804686898325                                                    
a_ia   69   82                                                      0.00239867272237583896                                                    
a_ia   75   77                                                     -0.59335162206353031511                                                    
mvp2   23   28   75   80   28   23   75   80                       -0.06041059192253277199   -0.82081752754016212847                          
a_ia   25   27                                                      0.14781182891755301201                                                    
a_ia   75   79                                                      0.05966278602265675385                                                    
a_ia   77   79                                                      0.03343766394871420383                                                    
a_ia   25   27                                                      0.15085241641767394016                                                    
mvp3   75   79   77   80   75   77   80   79   75   77   79   80    0.02070463903166323144   -0.34643137801229428874   -0.13545596642196114368
a_ia   75   80                                                      0.00175188022745297804                                                    
a_ia   77   79                                                     -0.04640361583287593711                                                    
a_ia   75   79                                                     -0.07854144899311576999                                                    
mvp2   23   26   74   80   26   23   74   80                        0.05484772531406768153   -0.22424622293476467738                          
a_ia   23   27                                                      0.00418541595343372395                                                    
a_ia   18   22                                                     -0.34087050048194261764                                                    
a_ia   18   25                                                     -0.12827567316844859513                                                    
mvp2   25   28   77   80   28   25   77   80                       -0.07220010840385351902   -0.40946596473227397928                          
a_ia   25   27                                                     -0.31693076173580192467                                                    
a_ia   75   91                                                     -0.00232636524249661214                                                    
mvp2   23   28   74   79   28   23   74   79                        0.02277385924822482657   -1.04270802937829221158                          
mvp2   25   27   74   80   27   25   74   80                        0.06801002417332543959   -0.84483035384200011464                          
a_ia   25   28                                                      0.05133972158972079092                                                    
a_ia   70   77                                                     -0.00475041166113913602                                                    
a_ia   69   82                                                      0.00345348458669049799                                                    
mvp3   22   27   23   28   22   23   28   27   22   23   27   28    0.01388423213920158238    0.95156075140564422288   -0.00574421246736562825
a_ia   23   27                                                     -0.01612011178836385283                                                    
a_ia   22   27                                                     -0.01189608477644115564                                                    
a_ia   75   77                                                     -0.29689929586286473162                                                    
mvp3   74   78   77   80   74   77   80   78   74   77   78   80    0.09443896657228616209   -0.84765223253597510311    0.97244665801452312426
a_ia   74   77                                                      0.06017186410919959927                                                    
a_ia   78   80                                                      0.00356658512324887610                                                    
mvp2   23   28   75   79   28   23   75   79                        0.01876821989642244587   -0.29063043007781802496                          
a_ia   75   79                                                      0.01643443672279471662                                                    
mvp2   25   26   74   80   26   25   74   80                       -0.03049486075606635399   -0.62866611172328001889                          
a_ia   22   28                                                     -0.02060310453272239453                                                    
a_ia   22   23                                                     -0.08164807637952123387                                                    
a_ia   18   27                                                     -0.04609495279663006206                                                    
mvp2   25   28   74   80   28   25   74   80                        0.02098471896754567148   -0.24683824902997869577                          
a_ia   75   77                                                      0.85618487531766618304                                                    
a_ia   70   77                                                     -0.17917984870336237102                                                    
a_ia   69   82                                                      0.00394733253577364551                                                    
a_ia   74   75                                                      0.05614525526988883158                                                    
a_ia   22   26                                                     -0.00219763087864435465                                                    
a_ia   74   77                                                     -0.09212823824857480082                                                    
a_ia   77   91                                                     -0.00307918392136556293                                                    
a_ia   70   74                                                     -0.33643066346689176616                                                    
a_ia   25   26                                                     -0.03315119850289375419                                                    
a_ia   70   75                                                      0.19472839013183712575                                                    
a_ia   74   75                                                     -0.07547301018049262789                                                    
a_ia   22   28                                                      0.00498355106713051048                                                    
mvp2   23   39   75   79   39   23   75   79                       -0.00148144181732574637    0.03397970589188654272                          
a_ia   23   39                                                     -0.00259816708207053068                                                    
a_ia   70   74                                                     -0.03601927609197388969                                                    
op     23   32   75   84   32   23   75   84                       -0.00826935314001276366                                                    
a_ia   70   80                                                     -0.00126761829150817944                                                    
mvp2   25   27   77   79   27   25   77   79                       -0.03226423198202812981   -0.04852286534277850533                          
a_ia   25   27                                                     -0.01227234593836903226                                                    
a_ia   26   27                                                      0.10606902928771648476                                                    
a_ia   77   79                                                      0.00332248377139515846                                                    
a_ia   27   39                                                      0.19909341701405916525                                                    
a_ia   25   26                                                     -0.00001720143913541813                                                    
a_ia   70   91                                                      0.00015938565463345056                                                    
mvp2   69   80   77   82   69   77   80   82                        0.00759339131984983120   -0.11396061620502653811                          
a_ia   69   82                                                     -0.01141164567508273081                                                    
mvp2   23   28   69   82   28   23   69   82                       -0.00712344375185994336    0.11390468314429566532                          
a_ia   69   82                                                     -0.00637254406039139843                                                    
mvp2   25   27   77   91   27   25   77   91                       -0.00662932383711425498    0.06326687420602816747                          
