-1.121792066737600862e+03
-1.121799707969227029e+03
-1.121800453776342238e+03
-1.121801108147079049e+03
-1.121801597068810224e+03
-1.121802050268125640e+03
-1.121802419345153567e+03
-1.121802635880537082e+03
-1.121803162442868597e+03
-1.121803300095076565e+03
-1.121803648176530487e+03
-1.121803806950059425e+03
-1.121804006272814377e+03
-1.121804098940681115e+03
-1.121804200525962642e+03
-1.121804389959926766e+03
-1.121804548293620428e+03
-1.121804638962208855e+03
-1.121804690632531447e+03
-1.121804816097988123e+03
-1.121804937030288556e+03
-1.121805014533267467e+03
-1.121805043420157062e+03
-1.121805088731616024e+03
-1.121805110265781650e+03
-1.121805140554622540e+03
-1.121805157229586257e+03
-1.121805172279636736e+03
-1.121805192367341533e+03
-1.121805253138079252e+03
-1.121805264645491206e+03
-1.121805386403614420e+03
-1.121805418734602426e+03
-1.121805428607438671e+03
-1.121805438473241566e+03
-1.121805460676452640e+03
-1.121805483065941644e+03
-1.121805511494726261e+03
-1.121805517245605188e+03
-1.121805531099658310e+03
-1.121805547101922230e+03
-1.121805563109164495e+03
-1.121805570881397898e+03
-1.121805585405719057e+03
-1.121805599886056143e+03
-1.121805606900883049e+03
-1.121805615952612243e+03
-1.121805620780093705e+03
-1.121805628217013918e+03
-1.121805635823241801e+03
-1.121805643066181347e+03
-1.121805650162275924e+03
-1.121805658673876223e+03
-1.121805673797374538e+03
-1.121805677378288465e+03
-1.121805682725760789e+03
-1.121805686112511921e+03
-1.121805689571979656e+03
-1.121805695484839816e+03
-1.121805698861706105e+03
-1.121805702279162460e+03
-1.121805709347769380e+03
-1.121805720087520285e+03
-1.121805725606195438e+03
-1.121805672284827779e+03
-1.121805634914621123e+03
-1.121805593398348265e+03
-1.121805554064322450e+03
-1.121805522304036913e+03
-1.121805492961380878e+03
-1.121805466783553584e+03
-1.121805441184623305e+03
-1.121805408970330745e+03
-1.121805389330986145e+03
-1.121805368359464865e+03
-1.121805351000016799e+03
-1.121805340410756116e+03
-1.121805372682470534e+03
-1.121805400210195785e+03
-1.121805424037353532e+03
-1.121805441195868752e+03
-1.121805463415359327e+03
-1.121805476954064261e+03
-1.121805493504368087e+03
-1.121805506966753910e+03
-1.121805522623566958e+03
-1.121805533757395779e+03
-1.121805562360984368e+03
-1.121805571076286469e+03
-1.121805581630462257e+03
-1.121805591995158238e+03
-1.121805599549615181e+03
-1.121805607343173278e+03
-1.121805616027031874e+03
-1.121805622941570164e+03
-1.121805629414125406e+03
-1.121805636804145479e+03
-1.121805644180461059e+03
-1.121805651092333164e+03
-1.121805657732867985e+03
-1.121805664668628197e+03
-1.121805671126599918e+03
-1.121805679634591570e+03
-1.121805684589813609e+03
-1.121805690497928481e+03
-1.121805694696960245e+03
-1.121805699089955851e+03
-1.121805705352581072e+03
-1.121805711978146746e+03
-1.121805715551883395e+03
-1.121805720143859389e+03
-1.121805724873133840e+03
-1.121805729145073883e+03
