9.999999904122007788e-01
9.999989791357929425e-01
9.999990438870796083e-01
9.999990422809258428e-01
9.999992084441442497e-01
9.999929484909840793e-01
9.999832676755250338e-01
9.999779517263613915e-01
9.999780206526209803e-01
9.983117232447866751e-01
9.977668637709041777e-01
9.981404877547933596e-01
9.978751262041226644e-01
9.964012765007603800e-01
9.964058794543875219e-01
9.971974954520554935e-01
9.987524003673620143e-01
9.971748366847619227e-01
9.984887439017922084e-01
9.970194785741490762e-01
9.970687248444322082e-01
9.959219241079506624e-01
9.944173420174564626e-01
9.937273857036750258e-01
9.934670380745480589e-01
9.926871825405640948e-01
9.928822782758921495e-01
9.916263427472652436e-01
9.922866143615418633e-01
1.184020718500465585e-02
6.898589757673653095e-03
8.130847413099296164e-03
1.615761901372376325e-03
6.875524690170924796e-03
2.866931647876052799e-03
2.504007558213509205e-03
4.477069052471623588e-03
2.681005744271600273e-03
1.088955509781274009e-03
1.761988685949887525e-03
1.163826516833234379e-03
5.996849489998593409e-04
6.700036024065898505e-04
1.276492143917417645e-03
9.371362659390620933e-04
1.755138131350991552e-03
1.962474452419385017e-03
3.723356613141803970e-03
1.343931976702952488e-03
1.722749928448338592e-03
1.698832096618536902e-03
2.617954671801631279e-03
1.934396104569718888e-03
2.218674172108929012e-03
2.152567158106666843e-03
1.883954046405446510e-03
4.050339662958948178e-03
