-4.224124001187595923e+02
-4.224372444289234068e+02
-4.224508761534648897e+02
-4.224626367246034988e+02
-4.224736059239700126e+02
-4.224886908765129192e+02
-4.224969355772821018e+02
-4.225072567112910065e+02
-4.225131612676265149e+02
-4.225176883620561057e+02
-4.225217155075670803e+02
-4.225272356925984241e+02
-4.225312995204333220e+02
-4.225362904603081233e+02
-4.225380057592732896e+02
-4.225417224998914776e+02
-4.225455910579390206e+02
-4.225481858680873870e+02
-4.225521058369719754e+02
-4.225565967829007832e+02
-4.225595520512393932e+02
-4.225620695796370114e+02
-4.225640424510681896e+02
-4.225665454925263020e+02
-4.225702149998035111e+02
-4.225722956737013760e+02
-4.225729232167050213e+02
-4.225757448511669736e+02
-4.225768746879434161e+02
-4.225792434506143991e+02
-4.225812550281228823e+02
-4.225824328250506028e+02
-4.225839880220004829e+02
-4.225846169441588245e+02
-4.225851425099497760e+02
-4.225851660057206800e+02
-4.225860614961579813e+02
-4.225876861417522150e+02
-4.225908760948353233e+02
-4.225909409345123890e+02
-4.225931873849921772e+02
-4.225955223146331718e+02
-4.225961435443280720e+02
-4.225962147288731785e+02
-4.225984847240841873e+02
-4.226010688412632135e+02
-4.226017661202141085e+02
-4.226018086545331016e+02
-4.226023826102239127e+02
-4.226024118736195874e+02
-4.226035594889684148e+02
-4.226037779455144232e+02
-4.226075457558425228e+02
-4.226076017729793080e+02
-4.226076397657793109e+02
-4.226095915664009226e+02
-4.226111179705997074e+02
-4.226119353349180869e+02
-4.226127721379543232e+02
-4.226128325681643787e+02
-4.226137036495906045e+02
-4.226137327829454193e+02
-4.226137670090503775e+02
-4.226138052346120730e+02
-4.226138275351831908e+02
-4.226138416211870776e+02
-4.226138545508645734e+02
-4.226171641486183148e+02
-4.226178877429936733e+02
-4.226179308541563842e+02
-4.226187044441895182e+02
-4.226187379364101844e+02
-4.226187495861910861e+02
-4.226192322855617931e+02
-4.226193454545929740e+02
-4.226193639130701740e+02
-4.226197345874658140e+02
-4.226197514056436830e+02
-4.226197726413611235e+02
-4.226197862045137867e+02
-4.226197986795082215e+02
-4.226198215822628867e+02
-4.226198344479964248e+02
-4.226198708628297140e+02
-4.226200254431637973e+02
-4.226200667188916213e+02
-4.226200862367321065e+02
-4.226201071331948924e+02
-4.226201291128398907e+02
-4.226201416103592123e+02
-4.226201547807763177e+02
-4.226201831734616121e+02
-4.226201979903511869e+02
-4.226202291666256201e+02
-4.226202600177426802e+02
-4.226202761947561157e+02
-4.226202852966612795e+02
-4.226203149491159934e+02
-4.226203271919000031e+02
-4.226203352112581797e+02
-4.226203529289792868e+02
-4.226203646261914741e+02
-4.226203709281447232e+02
-4.226204362729329205e+02
-4.226208572667354133e+02
-4.226208741387777081e+02
-4.226208882592043778e+02
-4.226209055261712138e+02
-4.226209235103794981e+02
-4.226209589671387903e+02
-4.226209624622359797e+02
-4.226209733640624222e+02
-4.226209998540495008e+02
-4.226210077084319892e+02
-4.226213405886547889e+02
-4.226213663432620251e+02
-4.226213825511607070e+02
-4.226213973385329155e+02
-4.226214146763949771e+02
-4.226214449731414220e+02
-4.226214820847378064e+02
-4.226214920332139968e+02
-4.226214973065099798e+02
-4.226215142771338833e+02
-4.226215247655234180e+02
-4.226215406884925869e+02
-4.226215566252473081e+02
-4.226215812398734215e+02
-4.226215893497633260e+02
-4.226216061442265755e+02
-4.226216125797238874e+02
-4.226216232920933749e+02
-4.226216274442447229e+02
-4.226216471659370768e+02
-4.226216723182404849e+02
-4.226216796460083742e+02
-4.226216950085157009e+02
-4.226222715357408788e+02
-4.226222781195572225e+02
-4.226222874022553810e+02
-4.226223077362852223e+02
-4.226223299794082777e+02
-4.226223380868763115e+02
-4.226223505451703204e+02
-4.226223660658641279e+02
-4.226223729632532127e+02
-4.226223818688100096e+02
-4.226223913297059198e+02
-4.226224141143583779e+02
-4.226224309359325844e+02
-4.226224400825619227e+02
-4.226224488025434880e+02
-4.226224566750524900e+02
-4.226224707053644920e+02
-4.226224818323897239e+02
-4.226224896251595169e+02
-4.226224956623406115e+02
-4.226224999947506831e+02
-4.226225273134235181e+02
-4.226225309687488902e+02
-4.226225420045399801e+02
-4.226225636432271813e+02
-4.226224837475771778e+02
-4.226224222869490177e+02
-4.226223748913699865e+02
-4.226223273355117271e+02
-4.226222820853956250e+02
-4.226222355352393265e+02
-4.226221922177726924e+02
-4.226224844537242120e+02
-4.226224404538068029e+02
-4.226223973239676752e+02
-4.226223641391184174e+02
-4.226223228860553718e+02
-4.226222950027225806e+02
-4.226222516902458892e+02
-4.226222422376827126e+02
-4.226222130849644145e+02
-4.226221564594758888e+02
-4.226221376074369118e+02
-4.226221203096267232e+02
-4.226220964807461087e+02
-4.226220915757739931e+02
-4.226220568123953854e+02
-4.226220119873784142e+02
-4.226220082040478019e+02
-4.226219943489001025e+02
-4.226219658952963982e+02
-4.226219605023575241e+02
-4.226219325716223807e+02
-4.226219103802649784e+02
-4.226219018106313001e+02
-4.226218675815351276e+02
-4.226218530437495815e+02
-4.226218421966564165e+02
-4.226218254291300127e+02
-4.226217984192142012e+02
-4.226217776292041890e+02
-4.226217698436107071e+02
-4.226217780184293815e+02
-4.226217450951398860e+02
-4.226217424189297276e+02
-4.226217728364650839e+02
-4.226217615065340851e+02
-4.226217465678598728e+02
-4.226217405361970236e+02
-4.226217262841817046e+02
-4.226217551413955107e+02
-4.226217590416857774e+02
-4.226217616042914074e+02
-4.226217565973369119e+02
-4.226217609563730093e+02
-4.226217726269783270e+02
-4.226217671549222814e+02
-4.226217535691986882e+02
-4.226217582696585282e+02
-4.226217637593965719e+02
-4.226217419525876835e+02
-4.226217385418906929e+02
-4.226217427346766726e+02
-4.226217850903078102e+02
-4.226217545266234765e+02
-4.226217512389847002e+02
-4.226217338933627730e+02
-4.226217421017952915e+02
-4.226217616158755845e+02
-4.226217642216554964e+02
-4.226217477738414914e+02
-4.226217653915222741e+02
-4.226217517274881175e+02
-4.226217510582853265e+02
-4.226217322138534200e+02
-4.226217514333682175e+02
-4.226217510716493280e+02
-4.226217331885558792e+02
-4.226217607726725873e+02
-4.226217449382598943e+02
-4.226217539425854284e+02
-4.226217556267292252e+02
-4.226217549367867719e+02
-4.226217618740470812e+02
-4.226217511281761858e+02
-4.226217399843941962e+02
-4.226217499465095102e+02
-4.226217519051414797e+02
-4.226217363864067806e+02
-4.226217510814490765e+02
-4.226217692589589774e+02
-4.226217578681063856e+02
-4.226217756801962082e+02
-4.226217314131989724e+02
-4.226217461602607273e+02
-4.226217495514201232e+02
-4.226217684997857873e+02
-4.226217386918478951e+02
-4.226217496615482787e+02
-4.226217507529170234e+02
-4.226217510190588769e+02
-4.226217382247954220e+02
-4.226217554085545771e+02
-4.226217397224382921e+02
-4.226217417944566250e+02
-4.226217611954537006e+02
-4.226217449905307149e+02
-4.226217835791898096e+02
-4.226217419465647822e+02
-4.226217525465257836e+02
-4.226217770657561914e+02
-4.226217598216907732e+02
-4.226217691917378829e+02
-4.226217781810153724e+02
-4.226217455658821791e+02
-4.226217405515358223e+02
-4.226217367290611264e+02
-4.226217460874320864e+02
-4.226217311589920200e+02
-4.226217495100182759e+02
-4.226217442674512768e+02
-4.226217566931546230e+02
-4.226217404257363910e+02
-4.226217717488142966e+02
-4.226217593532264232e+02
-4.226217322711548263e+02
-4.226217396506535238e+02
-4.226217577998976935e+02
-4.226217945004843273e+02
-4.226217651126327155e+02
-4.226217463823986122e+02
-4.226217431742338135e+02
-4.226217544252900780e+02
-4.226217530278432264e+02
-4.226217565842175077e+02
-4.226217498554402141e+02
-4.226217518591564044e+02
-4.226217899946491912e+02
-4.226217626470981941e+02
-4.226217513047348007e+02
-4.226217620690119929e+02
-4.226217401092843033e+02
-4.226217533343336754e+02
-4.226217649064491866e+02
-4.226217593595263793e+02
-4.226217518617733049e+02
-4.226217628662822108e+02
-4.226217515368916224e+02
-4.226217712540245088e+02
-4.226217704207144266e+02
-4.226217490185679821e+02
-4.226217441093339175e+02
-4.226217544539638880e+02
-4.226217474084065202e+02
-4.226217566184456018e+02
-4.226217397459012091e+02
-4.226217400454103199e+02
-4.226217362669760860e+02
-4.226217877878490867e+02
-4.226217518014457823e+02
-4.226217425812857869e+02
-4.226217733803391070e+02
-4.226217513673507824e+02
-4.226217600001456844e+02
-4.226217436859977852e+02
-4.226217384809997952e+02
-4.226217462250916128e+02
-4.226217441715181735e+02
-4.226217417043474143e+02
-4.226217586214364133e+02
-4.226217500756062009e+02
-4.226217456930668277e+02
-4.226217517576092746e+02
-4.226217484653669203e+02
-4.226217365214229744e+02
-4.226217459493237243e+02
-4.226217371651675876e+02
-4.226217526737660819e+02
-4.226217562746601857e+02
-4.226217445662639989e+02
-4.226217673984054954e+02
-4.226217598283042776e+02
-4.226217385990346997e+02
-4.226217472405306239e+02
-4.226217474916958849e+02
-4.226217642417632874e+02
-4.226217546179619831e+02
-4.226217603189086276e+02
-4.226217492913115166e+02
-4.226217495552090213e+02
-4.226217509789460109e+02
-4.226217486081292236e+02
-4.226217466448576943e+02
-4.226217495793507055e+02
-4.226219150510215741e+02
-4.226217486620440127e+02
-4.226217560604954997e+02
-4.226217402172850939e+02
-4.226217572369508275e+02
-4.226217459796117737e+02
-4.226217482827540266e+02
-4.226217730471357754e+02
-4.226217535885937764e+02
-4.226217594345779958e+02
-4.226217447133881251e+02
-4.226217456288089238e+02
-4.226217490372076213e+02
-4.226217375504739948e+02
-4.226217546200006723e+02
-4.226217414710902176e+02
-4.226217592457812771e+02
-4.226217465604225936e+02
-4.226217527337199726e+02
-4.226217633187010847e+02
-4.226217613403131850e+02
-4.226217489589349725e+02
-4.226217608333136013e+02
-4.226217574945204092e+02
-4.226217490105540264e+02
-4.226218413278851926e+02
-4.226217626721253282e+02
-4.226217847980943816e+02
-4.226217558968345998e+02
-4.226217606720683762e+02
-4.226217501361621771e+02
-4.226217604477901091e+02
-4.226217701175309003e+02
-4.226217546474924802e+02
-4.226217621907978241e+02
-4.226217435560637909e+02
-4.226217482444993152e+02
-4.226217555985907097e+02
-4.226217434043078924e+02
-4.226217467805925025e+02
-4.226217625170220913e+02
-4.226217248182587127e+02
-4.226217591235028976e+02
-4.226217521271540249e+02
-4.226217482559451923e+02
-4.226217767125613136e+02
-4.226217516437467907e+02
-4.226217544356367739e+02
-4.226217472039176073e+02
-4.226217476242678117e+02
-4.226217770578045929e+02
-4.226217356157932841e+02
-4.226217640195458785e+02
-4.226217642061324113e+02
-4.226217505454412162e+02
-4.226217481475234763e+02
-4.226217640847481789e+02
-4.226217600373121854e+02
-4.226217674524139056e+02
-4.226217487015500751e+02
-4.226217416619289793e+02
-4.226217398337078066e+02
-4.226217448935478842e+02
-4.226217570768611154e+02
-4.226217486777280783e+02
-4.226218383075366773e+02
-4.226217457940107920e+02
-4.226217381087918739e+02
-4.226217596170261004e+02
-4.226217455687806819e+02
-4.226219269031777799e+02
-4.226217466658994795e+02
-4.226217572433102987e+02
-4.226217538927169244e+02
-4.226217539182865721e+02
-4.226217782692588116e+02
-4.226217760376911201e+02
-4.226217464593465252e+02
-4.226217598145494208e+02
-4.226217569677435222e+02
-4.226217653211311926e+02
-4.226217666468418201e+02
-4.226217735356855769e+02
-4.226224050291920094e+02
-4.226217511582880775e+02
-4.226217595514713139e+02
-4.226217605633474932e+02
-4.226217625606934121e+02
-4.226217587523966017e+02
-4.226217429861652022e+02
-4.226217486104039835e+02
-4.226217368261819161e+02
-4.226217670780757771e+02
-4.226217411292574866e+02
-4.226217457963036850e+02
-4.226217543207125118e+02
-4.226217537865118743e+02
-4.226217382037456218e+02
-4.226217623292153007e+02
-4.226217507955943233e+02
-4.226217628062848917e+02
-4.226217384873555716e+02
-4.226217578900098033e+02
-4.226217399093163749e+02
-4.226217583227042951e+02
-4.226217710256274245e+02
-4.226217700879258814e+02
-4.226217467899805911e+02
-4.226217519028637071e+02
-4.226217705588500166e+02
-4.226217625063658829e+02
-4.226217561406064078e+02
-4.226217475142070725e+02
-4.226217541097261119e+02
-4.226217793222410819e+02
-4.226217542196391150e+02
-4.226217565657610180e+02
-4.226217628831611250e+02
-4.226217532651710940e+02
-4.226217597627231157e+02
-4.226217467962590035e+02
-4.226217259786906766e+02
-4.226217437675924202e+02
-4.226217618062307224e+02
-4.226217416364734163e+02
-4.226217429296060004e+02
-4.226217520447630136e+02
-4.226217814088163891e+02
-4.226217565985181750e+02
-4.226217519705289760e+02
-4.226217392368316155e+02
-4.226217562032110777e+02
-4.226217518095351124e+02
-4.226217690263305826e+02
-4.226217715769739129e+02
-4.226217356585436278e+02
-4.226217396506950195e+02
-4.226217631778321220e+02
-4.226217469673566143e+02
-4.226217480722193045e+02
-4.226217512514157875e+02
-4.226217598279831122e+02
-4.226217519801858202e+02
-4.226217771271544166e+02
-4.226217430438451856e+02
-4.226217286714082206e+02
-4.226217516208773759e+02
-4.226217481557329734e+02
-4.226217767661395897e+02
-4.226217431461959109e+02
-4.226217606919859122e+02
-4.226217495677497027e+02
-4.226217568089995780e+02
-4.226217604006039892e+02
-4.226217518918484757e+02
-4.226217467984454856e+02
-4.226217575533148079e+02
-4.226217436591431920e+02
-4.226217665496229756e+02
-4.226217634711205164e+02
-4.226217510758829121e+02
-4.226217484802365902e+02
-4.226217505315659082e+02
-4.226217531919223234e+02
-4.226217541191783766e+02
-4.226217591061702024e+02
-4.226217375953971782e+02
-4.226223930078585909e+02
-4.226217401932501048e+02
-4.226217568296057152e+02
-4.226217517507349726e+02
-4.226217515788089827e+02
-4.226217474157267020e+02
-4.226217829954771901e+02
-4.226217682279844894e+02
-4.226217403395122005e+02
-4.226217602636456263e+02
-4.226217378032418992e+02
-4.226217657334620981e+02
-4.226217442635759198e+02
-4.226217421468875273e+02
-4.226217694870933883e+02
-4.226217472782582263e+02
-4.226217551920897790e+02
-4.226217442207029080e+02
-4.226217728853616222e+02
-4.226217550577620727e+02
-4.226217582445552807e+02
-4.226217444962409786e+02
-4.226217766013951973e+02
-4.226217418564099830e+02
-4.226217619121230200e+02
-4.226217608332472082e+02
-4.226217451786698120e+02
-4.226217630315334759e+02
-4.226217588746171145e+02
-4.226217475240006820e+02
-4.226217335114041020e+02
-4.226217423289572821e+02
-4.226217590218325881e+02
-4.226217639477470129e+02
-4.226217697374448790e+02
-4.226217518919057170e+02
-4.226217511429803153e+02
-4.226217515022623274e+02
-4.226217395846995828e+02
-4.226217484677923153e+02
-4.226217520456996226e+02
-4.226217508166769221e+02
-4.226217526727364202e+02
-4.226217507252870860e+02
-4.226217508785197197e+02
-4.226217480972990188e+02
-4.226217399427293913e+02
-4.226217858819065896e+02
-4.226217643614990038e+02
-4.226217519557126252e+02
-4.226217567023307993e+02
-4.226217779676600230e+02
-4.226217527935987164e+02
-4.226218076832648194e+02
-4.226217507961590059e+02
-4.226217436505667138e+02
-4.226217538878635764e+02
-4.226217477716837720e+02
-4.226217310560617193e+02
-4.226217454496501773e+02
-4.226217581937780210e+02
-4.226217385168278042e+02
-4.226217626135575074e+02
-4.226217755669537155e+02
-4.226217448568563100e+02
-4.226217451871481217e+02
-4.226217327061185074e+02
-4.226217434422346173e+02
-4.226217388327780782e+02
-4.226217847105240821e+02
-4.226217503661267187e+02
-4.226217467372500209e+02
-4.226217534417693855e+02
-4.226217376770828764e+02
-4.226217541603547261e+02
-4.226217492726162277e+02
-4.226217481777069906e+02
-4.226217491805156783e+02
-4.226217496173380255e+02
-4.226217447879791962e+02
-4.226217603282664186e+02
-4.226217408065950849e+02
-4.226217475495581084e+02
-4.226217552557465069e+02
-4.226217630370665006e+02
-4.226217402538807164e+02
-4.226217627643869150e+02
-4.226219400122460002e+02
-4.226217742173820966e+02
-4.226217464749245778e+02
-4.226217194823104819e+02
-4.226217490936451782e+02
-4.226217683826475877e+02
-4.226217580196337167e+02
-4.226217474617434959e+02
-4.226217453550154914e+02
-4.226217728564110985e+02
-4.226217571050764263e+02
-4.226217597502712238e+02
-4.226217589323524066e+02
-4.226217824622198123e+02
-4.226217576976313808e+02
-4.226217519501291804e+02
-4.226217441425554853e+02
-4.226217392563535782e+02
-4.226217506455852799e+02
-4.226217320563869180e+02
-4.226217476269089843e+02
-4.226217524905222831e+02
-4.226217610372561921e+02
-4.226217486186433234e+02
-4.226217509679123054e+02
-4.226217717212409184e+02
-4.226217388637963950e+02
-4.226217560137749842e+02
-4.226217610389858805e+02
-4.226217643129880912e+02
-4.226217607480230072e+02
-4.226217739388769132e+02
-4.226217553055967073e+02
-4.226217509179758167e+02
-4.226217605605293102e+02
-4.226217447257603226e+02
-4.226217426008831239e+02
-4.226217620084627242e+02
-4.226217512255719839e+02
-4.226217511432204219e+02
-4.226217626550758837e+02
-4.226217532677944746e+02
-4.226217531722044782e+02
-4.226217492913286264e+02
-4.226217763387567743e+02
-4.226217557303226044e+02
-4.226217513049924150e+02
-4.226217275870204162e+02
-4.226217551548755864e+02
-4.226217529970309101e+02
-4.226217709699025136e+02
-4.226217627951193094e+02
-4.226217676472634253e+02
-4.226217491903860264e+02
-4.226217659093414909e+02
-4.226217453741207919e+02
-4.226217416558250761e+02
-4.226217485014087174e+02
-4.226217647648401226e+02
-4.226217549001200950e+02
-4.226217550580723241e+02
-4.226217543152673102e+02
-4.226217509856177230e+02
-4.226217396106579258e+02
-4.226217700044438175e+02
-4.226217488654717727e+02
-4.226217396251661853e+02
-4.226217550705022745e+02
-4.226217430379608118e+02
-4.226217370659958874e+02
-4.226217469491400038e+02
-4.226217380984991792e+02
-4.226217606397240161e+02
-4.226217305185950863e+02
-4.226217819869457912e+02
-4.226217541221607235e+02
-4.226217587374794107e+02
-4.226217418643000769e+02
-4.226217364205710965e+02
-4.226217633793685877e+02
-4.226217395059231876e+02
-4.226217576308845878e+02
-4.226217444404663865e+02
-4.226217407118169831e+02
-4.226217446351965918e+02
-4.226217506561986283e+02
-4.226217615089794890e+02
-4.226217287606672812e+02
-4.226217441591423949e+02
-4.226217352158503786e+02
-4.226217540720135162e+02
-4.226217658367381773e+02
-4.226217675202997270e+02
-4.226217473416846815e+02
-4.226217632304943095e+02
-4.226217606049024198e+02
-4.226217522364282217e+02
-4.226217541286458186e+02
-4.226217432222675825e+02
-4.226217445004600108e+02
-4.226217563900265759e+02
-4.226217507564675202e+02
-4.226217287008240078e+02
-4.226217602483769156e+02
-4.226217747636296167e+02
-4.226217365844627238e+02
-4.226217492221929888e+02
-4.226217461236989266e+02
-4.226217465354426963e+02
-4.226217371776098730e+02
-4.226217445961090107e+02
-4.226217532657767038e+02
-4.226217640203926180e+02
-4.226217533463874929e+02
-4.226217603037856065e+02
-4.226217449958475072e+02
-4.226217694072802260e+02
-4.226217770014180815e+02
-4.226217442031452265e+02
-4.226217592609198732e+02
-4.226217500093654849e+02
-4.226217726737796738e+02
-4.226217454334038166e+02
-4.226217515781464158e+02
-4.226217398902376203e+02
-4.226217777624344194e+02
-4.226217470594124848e+02
-4.226217547630308218e+02
-4.226217592457393835e+02
-4.226217327156198280e+02
-4.226217653651256114e+02
-4.226217410298398818e+02
-4.226217667776222129e+02
-4.226217395788032718e+02
-4.226217451370355889e+02
-4.226217497569340935e+02
-4.226217645673710877e+02
-4.226217578024006229e+02
-4.226217402084049013e+02
-4.226217395710751248e+02
-4.226217536711700973e+02
-4.226218388228023741e+02
-4.226217439252158101e+02
-4.226217606503174125e+02
-4.226217305320926130e+02
-4.226217512600445048e+02
-4.226217512649719765e+02
-4.226217482220457100e+02
-4.226217627970696071e+02
-4.226217524284340925e+02
-4.226217631253388163e+02
-4.226217670511168194e+02
-4.226217404791934769e+02
-4.226217649477998179e+02
-4.226217445286396241e+02
-4.226217683075283276e+02
-4.226217550754233230e+02
-4.226217599832493192e+02
-4.226217457460630271e+02
-4.226217530816668955e+02
-4.226217373100507757e+02
-4.226217512384017141e+02
-4.226217566033408843e+02
-4.226217562675491877e+02
-4.226217537723156852e+02
-4.226217673473282730e+02
-4.226217795254722205e+02
-4.226217596573868036e+02
-4.226217547660830860e+02
-4.226217417197069040e+02
-4.226217407563357256e+02
-4.226217715110034874e+02
-4.226217648363785884e+02
-4.226217494199740941e+02
-4.226217504254453274e+02
-4.226217614965028133e+02
-4.226217581175092732e+02
-4.226217535099415841e+02
-4.226217427551189871e+02
-4.226217480771924215e+02
-4.226217451117759083e+02
-4.226217586628525851e+02
-4.226217854646877754e+02
-4.226217649547485280e+02
-4.226219348954251132e+02
-4.226217836851453740e+02
-4.226217615864355821e+02
-4.226217569079516920e+02
-4.226217354563806907e+02
-4.226217404995591096e+02
-4.226217609093113197e+02
-4.226217654233058170e+02
-4.226217494208100902e+02
-4.226217448297946930e+02
-4.226217547458135186e+02
-4.226217588805574223e+02
-4.226217509475210932e+02
-4.226217518790580812e+02
-4.226217547134812094e+02
-4.226217748656761728e+02
-4.226217495060735132e+02
-4.226217409152466189e+02
-4.226217620699429176e+02
-4.226217392833162876e+02
-4.226217411494400835e+02
-4.226217600719647862e+02
-4.226217658567269950e+02
-4.226217519121328792e+02
-4.226217530437298819e+02
-4.226217416884244926e+02
-4.226217456751530221e+02
-4.226217420572015726e+02
-4.226217425345777201e+02
-4.226217483555772105e+02
-4.226217487313265906e+02
-4.226217710605820912e+02
-4.226217562060294881e+02
-4.226217593109631139e+02
-4.226217683131633862e+02
-4.226217432868667743e+02
-4.226217499905715158e+02
-4.226217529807009896e+02
-4.226217579621550158e+02
-4.226217396879844728e+02
-4.226217492329124070e+02
-4.226217591945064100e+02
-4.226217531021883929e+02
-4.226217454238831124e+02
-4.226217425495710813e+02
-4.226217473969331877e+02
-4.226217657566954244e+02
-4.226217577833347718e+02
-4.226217582544134075e+02
-4.226217517130722854e+02
-4.226217494778093737e+02
-4.226217379685521109e+02
-4.226217678296707732e+02
-4.226217823098177178e+02
-4.226217484787720764e+02
-4.226217647590996194e+02
-4.226217620929946861e+02
-4.226217383552282740e+02
-4.226217587924676877e+02
-4.226217495454910136e+02
-4.226217605916959883e+02
-4.226217536166201967e+02
-4.226217498716106888e+02
-4.226217531734786235e+02
-4.226217618554276214e+02
-4.226217657077285139e+02
-4.226217556490564107e+02
-4.226217661123006906e+02
-4.226218012486191924e+02
-4.226217754113084197e+02
-4.226217483168849185e+02
-4.226217706718740033e+02
-4.226217699524410136e+02
-4.226217485177634217e+02
-4.226217345559848013e+02
-4.226217579494339134e+02
-4.226217445616530881e+02
-4.226217499743282247e+02
-4.226217522363052126e+02
-4.226217328996028186e+02
-4.226217508228405109e+02
-4.226217627519495750e+02
-4.226217475072359093e+02
-4.226217442460480811e+02
-4.226217363693959896e+02
-4.226217401978972248e+02
-4.226217495763029888e+02
-4.226217815062348109e+02
-4.226217460188316863e+02
-4.226217407678328186e+02
-4.226217526017641717e+02
-4.226217596683006263e+02
-4.226217567267767095e+02
-4.226217613060292138e+02
-4.226217602187825833e+02
-4.226217507553666906e+02
-4.226217394995268251e+02
-4.226217423028887197e+02
-4.226217480772468207e+02
-4.226217564657654862e+02
-4.226217505323157866e+02
-4.226217545576627117e+02
-4.226217409934586158e+02
-4.226217577092306215e+02
-4.226217581096806839e+02
-4.226217706183916221e+02
-4.226217479463077211e+02
-4.226217430198631746e+02
-4.226217389852930069e+02
-4.226217398447536198e+02
-4.226217618065928150e+02
-4.226217577544900905e+02
-4.226217677774038179e+02
-4.226217302912854734e+02
-4.226217606718861930e+02
-4.226217433697123056e+02
-4.226217435937031723e+02
-4.226217539502541172e+02
-4.226217734038211802e+02
-4.226217590871131051e+02
-4.226217440172321744e+02
-4.226217513846369229e+02
-4.226217413245402099e+02
-4.226217504938496177e+02
-4.226217303937892211e+02
-4.226217708671152877e+02
-4.226217361198255844e+02
-4.226217540024910022e+02
-4.226217445378601951e+02
-4.226217693163210924e+02
-4.226217377895341087e+02
-4.226217307766152089e+02
-4.226217493557875855e+02
-4.226217585818112070e+02
-4.226217525423825236e+02
-4.226217642140385919e+02
-4.226217591106391183e+02
-4.226217296154060250e+02
-4.226217466361637207e+02
-4.226217722966010797e+02
-4.226217593275512741e+02
-4.226217809591111063e+02
-4.226217362191798088e+02
-4.226217459325508230e+02
-4.226217520431923163e+02
-4.226217597780049005e+02
-4.226217552250096787e+02
-4.226217422021791776e+02
-4.226217488788590231e+02
-4.226217465300882736e+02
-4.226217482024546257e+02
-4.226217469104224165e+02
-4.226217835085145111e+02
-4.226217528959577976e+02
-4.226217431390065258e+02
-4.226217548143110889e+02
-4.226217700551650864e+02
-4.226217637330333901e+02
-4.226217648176568105e+02
-4.226217693269719007e+02
-4.226217485758252224e+02
-4.226217440185984060e+02
-4.226217483048677082e+02
-4.226217393967244789e+02
-4.226217485538626875e+02
-4.226217409478298919e+02
-4.226224068431619116e+02
-4.226217633813967041e+02
-4.226217440136566097e+02
-4.226217657848550857e+02
-4.226217623521516771e+02
-4.226217418369913048e+02
-4.226217316567538091e+02
-4.226217692353690154e+02
-4.226217509165970796e+02
-4.226217647608419838e+02
-4.226217607166707921e+02
-4.226217454855460005e+02
-4.226217430717230741e+02
-4.226217656556365796e+02
-4.226217783088812894e+02
-4.226217491595963907e+02
-4.226217496001415839e+02
-4.226217654333551081e+02
-4.226217724557494080e+02
-4.226217555515094091e+02
-4.226217488334607992e+02
-4.226217490796926199e+02
-4.226217549610586275e+02
-4.226217813599660076e+02
-4.226217597218068249e+02
-4.226217585095421896e+02
-4.226217677034638882e+02
-4.226217574174045808e+02
-4.226217512346132139e+02
-4.226217596431309858e+02
-4.226217557194905794e+02
-4.226217534311023201e+02
-4.226217539546279909e+02
-4.226217375475786753e+02
-4.226217514415719165e+02
-4.226217498187135106e+02
-4.226217466450917755e+02
-4.226217684549920932e+02
-4.226217449109154813e+02
-4.226217558104556247e+02
-4.226217506313996068e+02
-4.226217469169516789e+02
-4.226217533456223805e+02
-4.226217415846375047e+02
-4.226217406120487112e+02
-4.226217695500076843e+02
-4.226217601600890248e+02
-4.226217639779035835e+02
-4.226217619854938903e+02
-4.226217551101202048e+02
-4.226217421158413003e+02
-4.226217552383565135e+02
-4.226217514579648764e+02
-4.226217537941299156e+02
-4.226217485310850748e+02
-4.226217599803338771e+02
-4.226217750707626806e+02
-4.226217434215329263e+02
-4.226217625861557963e+02
-4.226217459695986918e+02
-4.226217583908285746e+02
-4.226217560904498214e+02
-4.226217433633053133e+02
-4.226218396983218781e+02
-4.226217477525328263e+02
-4.226217591093464989e+02
-4.226217702035867774e+02
-4.226217567079322066e+02
-4.226217631460028201e+02
-4.226217598711701839e+02
-4.226217612712422920e+02
-4.226217536054923016e+02
-4.226217780496679097e+02
-4.226217660450507196e+02
-4.226217411400808146e+02
-4.226217521781401274e+02
-4.226217495241987763e+02
-4.226217681798580088e+02
-4.226217667296738796e+02
-4.226217556189312177e+02
-4.226217599595096885e+02
-4.226217434033191012e+02
-4.226217473222835110e+02
-4.226217606795839856e+02
-4.226217494980804759e+02
-4.226217486144777808e+02
-4.226217420837036798e+02
-4.226217345484158159e+02
-4.226217543650770949e+02
-4.226217421869869781e+02
-4.226217564573108803e+02
-4.226217602975810905e+02
-4.226217646390721256e+02
-4.226217555754803925e+02
-4.226217570081249164e+02
-4.226217531951596129e+02
-4.226217521484255144e+02
-4.226217666456196866e+02
-4.226217588575120203e+02
-4.226217454941295841e+02
-4.226217499883152868e+02
-4.226217445377578770e+02
-4.226217875389540950e+02
-4.226217385003064919e+02
-4.226218372617195769e+02
-4.226217500068516983e+02
-4.226217437951494276e+02
-4.226217638121191271e+02
-4.226217371951644850e+02
-4.226217476821385048e+02
-4.226217316595494253e+02
-4.226217572235389071e+02
-4.226217737944106716e+02
-4.226217383533718248e+02
-4.226217440675682724e+02
-4.226217513090031161e+02
-4.226217507430507112e+02
-4.226217335164212159e+02
-4.226217481376825162e+02
-4.226218448070667932e+02
-4.226217653475152929e+02
-4.226217407373233073e+02
-4.226217473313088249e+02
-4.226217776241982165e+02
-4.226217343612563013e+02
-4.226217461460802838e+02
-4.226217318001798731e+02
-4.226217653405697092e+02
-4.226217460143395215e+02
-4.226217534486157774e+02
-4.226217595674287963e+02
-4.226217652545789747e+02
-4.226217551867056272e+02
-4.226217628667977806e+02
-4.226217575506784101e+02
-4.226217567835852833e+02
-4.226217398875717208e+02
-4.226217435042892134e+02
-4.226217836110042754e+02
-4.226217473407285183e+02
-4.226217605159134791e+02
-4.226217573878789722e+02
-4.226217452612435181e+02
-4.226217694018877182e+02
-4.226217501928123284e+02
-4.226217413865841195e+02
-4.226217441126406129e+02
-4.226217401812384082e+02
-4.226217437646440089e+02
-4.226217638866206130e+02
-4.226217484877714128e+02
-4.226217559829790957e+02
-4.226217567898381162e+02
-4.226217614568736280e+02
-4.226217767942060277e+02
-4.226217267877410109e+02
-4.226217600848303846e+02
-4.226217617465205194e+02
-4.226217544537951767e+02
-4.226217423095362733e+02
-4.226217477884740106e+02
-4.226217549027388145e+02
-4.226217561993764207e+02
-4.226217580039427730e+02
-4.226217487992407200e+02
-4.226217624179809036e+02
-4.226217394165789187e+02
-4.226217419925524155e+02
-4.226217444598564725e+02
-4.226217552069418844e+02
-4.226217448457556998e+02
-4.226217567318493025e+02
-4.226217497224686213e+02
-4.226217388033222733e+02
-4.226217599121874855e+02
-4.226217677631860283e+02
-4.226217542977025801e+02
-4.226217413571296220e+02
-4.226217523083918195e+02
-4.226217622851086162e+02
-4.226217566935197851e+02
-4.226217645874115192e+02
-4.226217574725765758e+02
-4.226217685383340950e+02
-4.226217361864900113e+02
-4.226217576931892950e+02
-4.226217439207961775e+02
-4.226217567863765225e+02
-4.226217530882659048e+02
-4.226217343191506757e+02
-4.226217561245882166e+02
-4.226217461594814040e+02
-4.226217689020841135e+02
-4.226217529675279820e+02
-4.226217371242108811e+02
-4.226217619183076977e+02
-4.226217547317779122e+02
-4.226217586457320863e+02
-4.226217582887899198e+02
-4.226217645903382731e+02
-4.226217488851913231e+02
-4.226217913895874858e+02
-4.226217749500165155e+02
-4.226217633147874722e+02
-4.226217461182013153e+02
-4.226217597101705223e+02
-4.226217657410448965e+02
-4.226217525545122271e+02
-4.226217599035629746e+02
-4.226217389218313087e+02
-4.226217512084365922e+02
-4.226217576208637752e+02
-4.226217646978855100e+02
-4.226217565031760159e+02
-4.226217653057967141e+02
-4.226217260122026005e+02
-4.226217551195717874e+02
-4.226217421995941095e+02
-4.226217801132032150e+02
-4.226217500542171024e+02
-4.226217450118226111e+02
-4.226217491620228088e+02
-4.226217319372822772e+02
-4.226217581105868248e+02
-4.226217309383608267e+02
-4.226217638767041080e+02
-4.226217582655485216e+02
-4.226217504522622903e+02
-4.226217232664318999e+02
-4.226217520055232058e+02
-4.226217193501190081e+02
-4.226217629745738122e+02
