# iter              energy  ci_strings  determinants   pool_size   carryover    wall_sec
     1    -1121.7714784589         877        769129       54168          62         3.8
     2    -1121.7959780440         550        302500      144991         205        53.6
     3    -1121.7989023106         532        283024      145078         275        54.1
     4    -1121.7999827034         527        277729      144909         321        54.9
     5    -1121.8007761405         513        263169      145078         372        55.6
     6    -1121.8012725213         557        310249      145057         421        56.7
     7    -1121.8019699047         517        267289      144989         454        57.7
     8    -1121.8022240459         527        277729      144719         493        59.4
     9    -1121.8024145217         517        267289      145003         509        59.6
    10    -1121.8027769631         541        292681      144996         530        61.1
    11    -1121.8030434562         509        259081      144922         555        61.2
    12    -1121.8031300325         518        268324      145150         577        62.8
    13    -1121.8032439298         532        283024      144968         580        62.1
    14    -1121.8033408563         519        269361      144907         598        63.3
    15    -1121.8034634142         544        295936      145050         617        64.5
    16    -1121.8035600183         512        262144      145040         626        64.8
    17    -1121.8036488367         533        284089      144989         637        66.3
    18    -1121.8037475747         539        290521      145036         656        66.9
    19    -1121.8038376609         559        312481      145040         674        69.5
    20    -1121.8038918420         525        275625      144861         682        68.9
    21    -1121.8039578626         502        252004      145176         683        69.2
    22    -1121.8039974330         507        257049      145063         697        69.6
    23    -1121.8040257241         493        243049      145079         706        69.8
    24    -1121.8041000954         546        298116      144950         721        71.3
    25    -1121.8041414195         558        311364      145058         719        72.2
    26    -1121.8041781168         550        302500      145071         729        71.5
    27    -1121.8042493787         535        286225      145018         735        73.0
    28    -1121.8042792473         516        266256      145038         746        73.5
    29    -1121.8043202381         519        269361      145150         755        73.1
    30    -1121.8043346814         529        279841      145122         754        73.4
    31    -1121.8043530639         556        309136      145051         760        74.4
    32    -1121.8043948309         527        277729      145128         761        74.1
    33    -1121.8044228464         533        284089      144941         763        74.6
    34    -1121.8044539785         528        278784      145087         776        74.5
    35    -1121.8044834180         545        297025      144969         786        77.1
    36    -1121.8044860834         539        290521      144930         781        75.2
    37    -1121.8044982790         527        277729      145061         792        75.8
    38    -1121.8044988225         533        284089      145037         793        77.0
    39    -1121.8045545814         544        295936      145035         803        76.2
    40    -1121.8045861862         507        257049      145075         812        77.8
    41    -1121.8046060153         547        299209      144891         815        78.2
    42    -1121.8046314375         521        271441      145126         822        78.7
    43    -1121.8046298324         485        235225      145074         819        77.3
    44    -1121.8046306834         553        305809      144966         818        78.5
    45    -1121.8046756433         541        292681      145097         826        78.7
    46    -1121.8046814421         534        285156      144897         829        78.9
    47    -1121.8046900541         517        267289      145082         835        79.7
    48    -1121.8046871058         528        278784      145004         832        79.8
    49    -1121.8047086319         515        265225      144912         834        78.9
    50    -1121.8047312894         526        276676      144998         835        80.1
    51    -1121.8047702682         522        272484      145070         837        79.7
    52    -1121.8047790473         550        302500      144992         835        79.6
    53    -1121.8047935403         527        277729      145045         838        80.7
    54    -1121.8047955762         525        275625      145036         839        79.8
    55    -1121.8047967567         525        275625      145013         838        80.1
    56    -1121.8048165223         506        256036      145114         850        80.3
    57    -1121.8048327387         523        273529      145038         853        81.2
    58    -1121.8048557048         540        291600      145112         855        81.8
    59    -1121.8048611147         530        280900      145021         860        81.5
    60    -1121.8048725927         513        263169      145024        1015        81.8
    61    -1121.8049202709         548        300304      144949        1171        91.9
    62    -1121.8049533706         514        264196      144890        1304       102.4
    63    -1121.8049854603         519        269361      145074        1416       115.5
    64    -1121.8050200181         537        288369      145187        1533       125.0
    65    -1121.8050563070         540        291600      145023        1633       142.0
    66    -1121.8050863104         524        274576      145055        1724       155.2
    67    -1121.8051091006         507        257049      145042        1820       169.0
    68    -1121.8051247491         522        272484      145073        1907       181.0
    69    -1121.8051429167         532        283024      145018        1993       194.7
    70    -1121.8051602223         543        294849      144963        2077       208.3
    71    -1121.8051803642         527        277729      144971        2170       222.9
    72    -1121.8051999664         532        283024      144929        2252       243.3
    73    -1121.8052142071         519        269361      145112        2315       255.3
    74    -1121.8052259661         516        266256      145170        2381       270.0
    75    -1121.8052413336         522        272484      145121        2460       286.4
    76    -1121.8052652877         509        259081      145020        2523       304.4
    77    -1121.8052778751         514        264196      145170        2591       320.5
    78    -1121.8052904695         515        265225      145062        2656       335.0
    79    -1121.8053016975         507        257049      144908        2722       356.0
    80    -1121.8053095118         516        266256      145070        2780       369.9
    81    -1121.8053179304         547        299209      144955        2843       388.1
    82    -1121.8053322105         523        273529      144980        2917       406.6
    83    -1121.8053532405         506        256036      145121        2975       426.9
    84    -1121.8053635159         516        266256      144976        3028       444.1
    85    -1121.8053737082         552        304704      145004        3091       464.6
    86    -1121.8053846084         534        285156      144916        3135       481.8
    87    -1121.8053925638         536        287296      145024        3176       495.7
    88    -1121.8054021216         542        293764      144925        3229       523.2
    89    -1121.8054235747         501        251001      144965        3275       543.9
    90    -1121.8054337501         500        250000      145104        3316       564.5
    91    -1121.8054381412         529        279841      144973        3361       580.3
    92    -1121.8054473370         528        278784      145003        3407       596.2
    93    -1121.8054531191         496        246016      145016        3440       614.1
    94    -1121.8054581508         513        263169      145135        3485       635.1
    95    -1121.8054698888         530        280900      145127        3531       654.4
    96    -1121.8054811566         530        280900      145014        3561       668.4
    97    -1121.8054876825         522        272484      145051        3613       684.4
    98    -1121.8054942270         530        280900      145186        3657       707.9
    99    -1121.8055006549         519        269361      145072        3702       724.6
   100    -1121.8055072795         546        298116      144926        3745       747.3
   101    -1121.8055167177         546        298116      145042        3796       725.0
   102    -1121.8055319021         531        281961      145063        3836       746.3
   103    -1121.8055371625         509        259081      145016        3873       761.1
   104    -1121.8055425325         503        253009      145028        3904       775.2
   105    -1121.8055468487         529        279841      145050        3938       794.9
