# iter              energy  ci_strings  determinants   pool_size   carryover    wall_sec
     1    -1121.7945964744         253         64009        3415         230         3.5
     2    -1121.7982780886         494        244036      100548         473        50.1
     3    -1121.7997097040         505        255025      100389         666        58.1
     4    -1121.8007821672         503        253009      100489         865        68.6
     5    -1121.8016362799         504        254016      100586        1048        83.3
     6    -1121.8021303496         512        262144      100495        1205        97.9
     7    -1121.8026056655         498        248004      100444        1347       113.6
     8    -1121.8028618241         495        245025      100543        1488       129.3
     9    -1121.8032847303         522        272484      100469        1626       153.9
    10    -1121.8034924726         496        246016      100387        1755       180.7
    11    -1121.8038819134         518        268324      100565        1884       205.0
    12    -1121.8040370115         523        273529      100510        2012       231.0
    13    -1121.8041466893         520        270400      100536        2115       256.3
    14    -1121.8042636625         479        229441      100459        2214       277.9
    15    -1121.8043730029         523        273529      100490        2310       304.5
    16    -1121.8045279314         526        276676      100529        2410       329.5
    17    -1121.8046069120         499        249001      100550        2493       360.1
    18    -1121.8046706712         512        262144      100469        2581       388.7
    19    -1121.8047586823         508        258064      100489        2691       421.2
    20    -1121.8048172190         510        260100      100494        2783       462.0
    21    -1121.8048790232         510        260100      100400        2858       490.4
    22    -1121.8049129790         522        272484      100439        2950       525.0
    23    -1121.8049664538         483        233289      100464        3027       554.4
    24    -1121.8050001234         524        274576      100538        3091       589.5
    25    -1121.8050526022         508        258064      100612        3176       620.3
    26    -1121.8051004937         501        251001      100587        3231       651.0
    27    -1121.8051581928         502        252004      100463        3297       682.5
    28    -1121.8052024432         513        263169      100522        3375       710.3
    29    -1121.8052286767         511        261121      100477        3442       747.4
    30    -1121.8052566277         499        249001      100526        3517       785.3
    31    -1121.8052968693         508        258064      100496        3572       825.2
    32    -1121.8053211952         501        251001      100536        3644       851.1
    33    -1121.8053378136         533        284089      100536        3719       895.3
    34    -1121.8053550911         520        270400      100468        3793       934.1
    35    -1121.8054059307         525        275625      100456        3853       977.1
    36    -1121.8054290036         510        260100      100527        3923      1013.7
    37    -1121.8054494431         506        256036      100431        3986      1056.5
    38    -1121.8054625100         491        241081      100465        4042      1092.0
    39    -1121.8054748753         524        274576      100393        4106      1128.1
    40    -1121.8054905104         528        278784      100528        4157      1172.4
    41    -1121.8054975905         499        249001      100496        4221      1208.0
    42    -1121.8055093317         491        241081      100460        4274      1240.9
    43    -1121.8055235902         518        268324      100474        4334      1279.7
    44    -1121.8055391879         504        254016      100468        4387      1326.6
    45    -1121.8055850690         509        259081      100478        4443      1366.3
    46    -1121.8055932336         535        286225      100460        4501      1411.6
    47    -1121.8056063627         499        249001      100532        4546      1456.0
    48    -1121.8056098092         507        257049      100514        4601      1484.7
    49    -1121.8056243595         538        289444      100491        4649      1554.5
    50    -1121.8056364875         521        271441      100505        4704      1628.0
    51    -1121.8056424839         517        267289      100489        4752      1665.6
    52    -1121.8056494563         501        251001      100502        4808      1704.5
    53    -1121.8056556733         522        272484      100422        4854      1746.9
    54    -1121.8056617998         512        262144      100455        4894      1800.0
    55    -1121.8056916361         502        252004      100501        4933      1834.5
    56    -1121.8056954099         524        274576      100448        4984      1875.7
    57    -1121.8057109789         530        280900      100565        5031      1909.8
    58    -1121.8057239555         498        248004      100444        5076      1968.5
    59    -1121.8057310042         498        248004      100518        5115      1992.4
    60    -1121.8057366705         481        231361      100572        5157      2041.6
    61    -1121.8057435580         502        252004      100475        5206      2097.3
    62    -1121.8057484731         477        227529      100515        5239      2140.8
    63    -1121.8057569271         520        270400      100590        5289      2203.8
    64    -1121.8057607218         510        260100      100672        2474      1863.6
    65    -1121.8057118611         489        239121      100599        2022       395.4
    66    -1121.8056644683         497        247009      100519        1791       258.9
    67    -1121.8056205809         502        252004      100520        1643       207.4
    68    -1121.8055796044         493        243049      100575        1533       177.2
    69    -1121.8055451212         503        253009      100491        1452       159.1
    70    -1121.8055120872         495        245025      100495        1386       144.4
    71    -1121.8054831185         514        264196      100601        1332       135.4
    72    -1121.8054615230         511        261121      100502        1292       128.6
    73    -1121.8054377078         541        292681      100494        1258       122.4
    74    -1121.8054116995         517        267289      100494        1222       114.8
    75    -1121.8053959212         522        272484      100461        1197       111.6
    76    -1121.8053759865         481        231361      100500        1175       106.9
    77    -1121.8053568998         490        240100      100496        1150       105.8
    78    -1121.8053411257         523        273529      100421        1305       102.1
    79    -1121.8053720859         503        253009      100459        1452       118.8
    80    -1121.8053969330         527        277729      100537        1588       134.2
    81    -1121.8054151665         472        222784      100399        1714       150.3
    82    -1121.8054357813         504        254016      100541        1836       168.3
    83    -1121.8054577617         491        241081      100444        1956       186.4
    84    -1121.8054771912         496        246016      100549        2077       205.9
    85    -1121.8054907676         513        263169      100608        2160       227.1
    86    -1121.8055069183         539        290521      100541        2271       248.1
    87    -1121.8055214582         505        255025      100525        2379       269.4
    88    -1121.8055341163         507        257049      100504        2457       293.3
    89    -1121.8055467279         521        271441      100547        2550       313.2
    90    -1121.8055563950         482        232324      100619        2646       335.7
    91    -1121.8055676610         527        277729      100515        2740       358.8
    92    -1121.8055795996         506        256036      100426        2829       384.8
    93    -1121.8055920301         492        242064      100602        2908       412.9
    94    -1121.8056032257         503        253009      100555        2982       434.3
    95    -1121.8056131390         502        252004      100524        3061       459.4
    96    -1121.8056204305         526        276676      100384        3132       487.6
    97    -1121.8056281812         548        300304      100563        3199       509.7
    98    -1121.8056334596         493        243049      100582        3266       527.1
    99    -1121.8056413218         516        266256      100548        3342       555.6
   100    -1121.8056483276         502        252004      100474        3423       605.5
   101    -1121.8056548269         510        260100      100445        3495       641.6
   102    -1121.8056614278         503        253009      100573        3562       669.3
   103    -1121.8056672094         525        275625      100520        3641       702.7
   104    -1121.8056736948         497        247009      100509        3697       728.2
   105    -1121.8056807984         506        256036      100666        3771       757.3
   106    -1121.8056852194         539        290521      100519        3838       798.0
   107    -1121.8056896952         510        260100      100486        3893       825.4
   108    -1121.8056934200         511        261121      100471        3950       847.8
   109    -1121.8056982744         524        274576      100455        4027       879.5
   110    -1121.8057038220         507        257049      100567        4096       919.8
   111    -1121.8057100611         519        269361      100558        4163       915.8
   112    -1121.8057147736         544        295936      100550        4222       957.2
   113    -1121.8057187323         513        263169      100448        4274       990.1
   114    -1121.8057224666         519        269361      100466        4329      1013.5
