-4.224207816251267218e+02
-4.224428301997986068e+02
-4.224658336375815111e+02
-4.224841347475820044e+02
-4.224965935655641260e+02
-4.225086698101241041e+02
-4.225258852490783852e+02
-4.225308163724114934e+02
-4.225383872384289248e+02
-4.225456062154656820e+02
-4.225525447133524040e+02
-4.225566902300794254e+02
-4.225639264749329982e+02
-4.225680006865317750e+02
-4.225696550298588932e+02
-4.225769541665113138e+02
-4.225814507278453789e+02
-4.225832765995148179e+02
-4.225843393552688099e+02
-4.225884556163468915e+02
-4.225925854531108143e+02
-4.225942572636063232e+02
-4.225969538090316746e+02
-4.226003548714414251e+02
-4.226040406511709193e+02
-4.226087725974952036e+02
-4.226093053636566879e+02
-4.226103994529341890e+02
-4.226107658734406982e+02
-4.226135458585558808e+02
-4.226143684394247089e+02
-4.226155454317873819e+02
-4.226161733028984031e+02
-4.226176751966211214e+02
-4.226178041521270075e+02
-4.226184109662934816e+02
-4.226190138079224994e+02
-4.226192496079776788e+02
-4.226202056116263748e+02
-4.226205675002673843e+02
-4.226206263972551938e+02
-4.226206797394252135e+02
-4.226207512601474718e+02
-4.226208038156194107e+02
-4.226208737444383132e+02
-4.226209506703191892e+02
-4.226210658611410054e+02
-4.226224537194507889e+02
-4.226225242170107776e+02
-4.226228488188854158e+02
-4.226229341504833883e+02
-4.226229650062157930e+02
-4.226230138289063234e+02
-4.226231462541268229e+02
-4.226231948093840742e+02
-4.226234150459494003e+02
-4.226234487324051088e+02
-4.226234840891372073e+02
-4.226236302064547772e+02
