9.999986773263417339e-01
9.999946863810427189e-01
9.999886791628729288e-01
9.999903033225142623e-01
9.967062002182545122e-01
9.960130991328641770e-01
9.952401268590594929e-01
9.942118449534282920e-01
9.950371369714555714e-01
9.936896595317368241e-01
9.946770592282061507e-01
9.933858340631412931e-01
9.938470445493735594e-01
9.914628258320747900e-01
9.925732131313267370e-01
9.941576577181889807e-01
9.979840267950305099e-01
9.918753636909518612e-01
9.957429647999020972e-01
9.918498889948428321e-01
9.952304645799765481e-01
9.927210540042464837e-01
9.715364754105931117e-03
1.044016098135213018e-02
1.027266437558032458e-02
7.058556456222487424e-03
5.567030459189336450e-03
5.546619071165147588e-03
5.988070238624769101e-03
4.173900089037627451e-03
2.533947638248651782e-03
2.425604885481945187e-03
4.358121388254582521e-03
5.484164267232454620e-03
2.192176879390420399e-03
4.253611417070198714e-03
3.403287088914378530e-03
1.422457780163774964e-03
2.423951918485778029e-03
4.013789809404892314e-03
2.103633919644768476e-03
4.651008868732792179e-03
2.461723288035827691e-03
3.132342694702471963e-03
