-2.617741613042364861e+02
-2.617843869557012226e+02
-2.617938361706562205e+02
-2.618013842753205154e+02
-2.618103057934825983e+02
-2.618177851861603926e+02
-2.618227776522667227e+02
-2.618307536469504271e+02
-2.618372307941211261e+02
-2.618439546609478725e+02
-2.618491507249322012e+02
-2.618565700936894132e+02
-2.618578436695274831e+02
-2.618656659353811165e+02
-2.618683451667432109e+02
-2.618722388838218080e+02
-2.618773764898897980e+02
-2.618777573419487794e+02
-2.618778351840256278e+02
-2.618784854755622860e+02
-2.618786178224879109e+02
-2.618802770143809084e+02
-2.618835529060796716e+02
-2.618862193212232796e+02
-2.618871674148392117e+02
-2.618875802262663228e+02
-2.618880101116848209e+02
-2.618880494197092048e+02
-2.618881828735687236e+02
-2.618884833594239012e+02
-2.618885284621715073e+02
-2.618885980015219275e+02
-2.618895517245700830e+02
-2.618895935871814800e+02
-2.618900757048613173e+02
-2.618901491843552094e+02
-2.618901933966134834e+02
-2.618925464753987171e+02
-2.618925535144371111e+02
-2.618930761615258120e+02
-2.618932030284287862e+02
-2.618958382328222001e+02
-2.618959352648587924e+02
-2.618960629750324074e+02
-2.618961285623793174e+02
-2.618961507703768916e+02
-2.618963907541850062e+02
-2.618986500744904902e+02
-2.618988126420896947e+02
-2.618991835941807267e+02
-2.618992205667710209e+02
-2.618992630413986831e+02
-2.618994347654519856e+02
-2.618996447378809194e+02
-2.618996805150836167e+02
-2.618997277344819281e+02
-2.619007477795030923e+02
-2.619039183893178802e+02
-2.619039653961926888e+02
-2.619040877606183813e+02
-2.619041759098529951e+02
-2.619042441148476996e+02
-2.619043787359718181e+02
-2.619044632558399144e+02
-2.619044648349994873e+02
-2.619044918047213741e+02
-2.619045011726036023e+02
-2.619045154513597140e+02
-2.619046098522318857e+02
-2.619046256239467994e+02
-2.619046637005997127e+02
-2.619056845902854889e+02
-2.619070104256732066e+02
-2.619070363761808835e+02
-2.619070980150917194e+02
-2.619071590660561810e+02
-2.619071972172819187e+02
-2.619072023617246145e+02
-2.619073014349282857e+02
-2.619074092526470281e+02
-2.619074141236997093e+02
-2.619074643332156143e+02
-2.619075195060498231e+02
-2.619075675885351870e+02
-2.619075983993785144e+02
-2.619076343442847019e+02
-2.619076409398224996e+02
-2.619076582986784842e+02
-2.619076614826822151e+02
-2.619077011528759158e+02
-2.619077711158080888e+02
-2.619077813679056135e+02
-2.619077872058015828e+02
-2.619078195979320753e+02
-2.619078575565239930e+02
-2.619078858430282253e+02
-2.619078902920842893e+02
-2.619078981503282080e+02
-2.619079000062317277e+02
-2.619079049768515119e+02
-2.619079160998957718e+02
-2.619080075942729877e+02
-2.619080147541679935e+02
-2.619080343580407089e+02
-2.619080623943805222e+02
-2.619081177050807128e+02
-2.619082271061923848e+02
-2.619082783239205128e+02
-2.619083028133737230e+02
-2.619084023315945728e+02
-2.619084236076587899e+02
-2.619085147118140071e+02
-2.619085207971702971e+02
-2.619085596456877170e+02
-2.619085637649226896e+02
-2.619087549184949921e+02
-2.619088568655042764e+02
-2.619088809285755133e+02
-2.619088987750860156e+02
-2.619089429162070246e+02
-2.619090848013607911e+02
-2.619090857742472167e+02
-2.619091236419287725e+02
-2.619091392443830273e+02
-2.619091392418879991e+02
-2.619093412711449105e+02
-2.619093793430777168e+02
-2.619094340638725953e+02
-2.619094424155109095e+02
-2.619094737092963783e+02
-2.619094871112595797e+02
-2.619094885796372978e+02
-2.619094901506597921e+02
-2.619094901845170966e+02
-2.619095073649526171e+02
-2.619095151457054271e+02
-2.619095582631629213e+02
-2.619095617722107932e+02
-2.619095683698686798e+02
-2.619095724698099730e+02
-2.619095892348199186e+02
-2.619096286797861239e+02
-2.619096722360745844e+02
-2.619096792832875167e+02
-2.619096924484887836e+02
-2.619096949664750014e+02
-2.619096986752862222e+02
-2.619097473982104134e+02
-2.619097676114542992e+02
-2.619098128506059879e+02
-2.619098271073228261e+02
-2.619098294194462255e+02
-2.619098737998540969e+02
-2.619098746046992119e+02
-2.619099020496952903e+02
-2.619099452676347823e+02
-2.619099496761214141e+02
-2.619099580029977119e+02
-2.619100607119615916e+02
-2.619100670014167918e+02
-2.619100678448197073e+02
-2.619101396107121218e+02
-2.619101403775403014e+02
-2.619101544766899110e+02
-2.619101547990995869e+02
-2.619101706933059859e+02
-2.619101940978379730e+02
-2.619102025438535861e+02
-2.619102185108085905e+02
-2.619102237953160284e+02
-2.619102349305584880e+02
-2.619102574273312030e+02
-2.619102788636781725e+02
-2.619103405374697786e+02
-2.619103607609367828e+02
-2.619103611854167184e+02
-2.619103869813998813e+02
-2.619103984471478270e+02
-2.619103987297809795e+02
-2.619104112808857963e+02
-2.619104158787347956e+02
-2.619104187579246741e+02
-2.619104716565209969e+02
-2.619104755276266019e+02
-2.619104758235412191e+02
-2.619105096910963084e+02
-2.619105139048468232e+02
-2.619105360576743919e+02
-2.619105389457067758e+02
-2.619105499839656090e+02
-2.619107441307381237e+02
-2.619107512379351874e+02
-2.619107545256002254e+02
-2.619107725438270791e+02
-2.619107808161929825e+02
-2.619107820383690068e+02
-2.619107836123540096e+02
-2.619107846811448894e+02
-2.619108231266977782e+02
-2.619108239106680003e+02
-2.619108389031521824e+02
-2.619108395841406036e+02
-2.619108480177907268e+02
-2.619108847920301741e+02
-2.619108932760212269e+02
-2.619108935371265261e+02
-2.619109010923373830e+02
-2.619109136969761948e+02
-2.619109141475303772e+02
-2.619109154763581842e+02
-2.619109160423877825e+02
-2.619109160854989113e+02
-2.619109177970506721e+02
-2.619109241669855805e+02
-2.619109273202570876e+02
-2.619109823264632837e+02
-2.619109870373861781e+02
-2.619110329086159936e+02
-2.619110333166403279e+02
-2.619110907203813099e+02
-2.619110911955784786e+02
-2.619111037497460757e+02
-2.619111037792396814e+02
-2.619111651062751775e+02
-2.619111842604211802e+02
-2.619111926842476237e+02
-2.619112069643060750e+02
-2.619112452762494740e+02
-2.619112501246037255e+02
-2.619112530164978239e+02
-2.619112606140470803e+02
-2.619112656906991106e+02
-2.619113072453778273e+02
-2.619113257043306930e+02
-2.619113515060429904e+02
-2.619113750657502919e+02
-2.619113898552528212e+02
-2.619113940329330035e+02
-2.619114064324668902e+02
-2.619114202509130109e+02
-2.619114305697199256e+02
-2.619114369510784854e+02
-2.619114369838600282e+02
-2.619114466433716188e+02
-2.619114466492119959e+02
-2.619114466598102808e+02
-2.619114467017553807e+02
-2.619114476852739131e+02
-2.619114660900278864e+02
-2.619114662224528729e+02
-2.619114690130605254e+02
-2.619114700335517227e+02
-2.619114701846233970e+02
-2.619114702310776011e+02
-2.619114734033120726e+02
-2.619114749948676035e+02
-2.619114760737057850e+02
-2.619114761047177922e+02
-2.619114912933378037e+02
-2.619115014384665869e+02
-2.619115025755602915e+02
-2.619115025692232734e+02
-2.619116216564390243e+02
-2.619116217079521221e+02
-2.619116217795178727e+02
-2.619116218260289770e+02
-2.619116219073180218e+02
-2.619117029576054279e+02
-2.619117030027696842e+02
-2.619117194562613236e+02
-2.619117214527794886e+02
-2.619117584291278149e+02
-2.619117590070496249e+02
-2.619117641647749792e+02
-2.619117641815257116e+02
-2.619117898569878093e+02
-2.619117907040393902e+02
-2.619117909787780718e+02
-2.619117943930995125e+02
-2.619117976926730194e+02
-2.619118421287129763e+02
-2.619118445925889773e+02
-2.619118465360298842e+02
-2.619118469096827084e+02
-2.619118469120891746e+02
-2.619118475194520101e+02
-2.619118475260568744e+02
-2.619118485887893257e+02
-2.619118490385191080e+02
-2.619118491892284055e+02
-2.619118493539032215e+02
-2.619118669327186808e+02
-2.619118680985536116e+02
-2.619118955306490193e+02
-2.619119299438506800e+02
-2.619119299817502906e+02
-2.619119306225982200e+02
-2.619119314536196725e+02
-2.619119319045694283e+02
-2.619119785170697128e+02
-2.619120082343071090e+02
-2.619120105714875990e+02
-2.619120123704444723e+02
-2.619120882138656157e+02
-2.619121220749331087e+02
-2.619121409266879823e+02
-2.619121428348925065e+02
-2.619121491575040750e+02
-2.619121543973205917e+02
-2.619121543990834198e+02
-2.619121543832499128e+02
-2.619121958047334147e+02
-2.619122502104711998e+02
-2.619123162113551189e+02
-2.619123162593431857e+02
-2.619123162084098908e+02
-2.619123162157123943e+02
-2.619123166789021866e+02
-2.619123182344126803e+02
-2.619123182505272212e+02
-2.619123181889743250e+02
-2.619123346440533169e+02
-2.619123347224314102e+02
-2.619123377501729237e+02
-2.619123378314026809e+02
-2.619123442341958139e+02
-2.619123442594781181e+02
-2.619123443666334765e+02
-2.619123451354420808e+02
-2.619123453325776154e+02
-2.619123454073097150e+02
-2.619123530895723775e+02
-2.619123575562574047e+02
-2.619123575700664901e+02
-2.619123576974226921e+02
-2.619123587303736826e+02
-2.619123605192485229e+02
-2.619123634490130144e+02
-2.619123634399534808e+02
