9.999984577081657555e-01
9.999946560297443554e-01
9.999876243566363510e-01
9.999872648794737584e-01
9.967045897733450843e-01
9.960077877807739233e-01
9.952201045906217125e-01
9.941913962997073195e-01
9.950295421865504863e-01
9.936303848903267344e-01
9.946212666316107676e-01
9.933699719760546998e-01
9.938995957653893321e-01
9.914881272582115601e-01
9.927038512578376661e-01
9.942951601816807372e-01
9.980543210579048141e-01
9.920622961978691201e-01
9.958051782782797456e-01
9.917336570849225597e-01
9.951937030461979194e-01
9.926683508382077026e-01
1.022474168498645544e-02
1.006426219621903498e-02
9.958014841798942460e-03
6.933420303456317400e-03
5.483632650407164327e-03
5.553156575897578821e-03
5.966796065910315305e-03
4.216833682584030657e-03
2.545440884207870926e-03
2.438006125171946099e-03
4.386792008599081118e-03
5.495002216338690584e-03
2.190634738676484460e-03
4.267189518817975785e-03
3.420686596371635274e-03
1.404193514065068052e-03
2.409302802229626797e-03
3.999726485798773927e-03
2.120986591531381221e-03
4.648885045483242343e-03
2.467654459773195759e-03
3.157352747980355159e-03
