op     23   24   71   72   24   23   71   72                       -0.04434648743847399016                                                    
op     20   25   68   73   25   20   68   73                       -0.05214383263167927246                                                    
a_ia   23   24                                                      0.00819536626727657321                                                    
mvp2   20   25   22   32   20   22   32   25                        0.00930207990799425746   -0.00347460106326033438                          
op     21   24   69   72   24   21   69   72                       -0.02451513259429475081                                                    
op     22   26   70   74   26   22   70   74                       -0.03641150276184963036                                                    
op     22   33   70   81   33   22   70   81                       -0.01026651332060746907                                                    
op     22   26   70   81   26   22   70   81                       -0.00648699353177016168                                                    
a_ia   25   32                                                     -0.00000054340803805231                                                    
a_ia   21   24                                                     -0.00384751569557051972                                                    
a_ia   25   32                                                      0.09005282108078532799                                                    
a_ia   72   74                                                     -0.12349687857941979430                                                    
mvp2   20   25   66   73   25   20   66   73                       -0.02351586015700751070    0.20903308525325370315                          
a_ia   70   74                                                      0.00392081715414170206                                                    
a_ia   69   71                                                     -0.19600012261504470845                                                    
mvp2   23   24   68   74   24   23   68   74                        0.00747602481489752311   -0.11281422212570131614                          
op     13   35   61   83   35   13   61   83                       -0.02046339451849125968                                                    
a_ia   61   83                                                      0.00176918328724105746                                                    
op     20   24   68   73   24   20   68   73                       -0.01604127314867975079                                                    
mvp2   18   25   66   73   25   18   66   73                       -0.01212865637913164950   -1.05387355048780095856                          
