op     23   24   71   72   24   23   71   72                       -0.05011203937424139887                                                    
op     20   25   68   73   25   20   68   73                       -0.05827545026744773704                                                    
a_ia   23   24                                                      0.00338634002665456815                                                    
mvp2   20   25   22   32   20   22   32   25                        0.00963579658752225163   -0.00910775724973792583                          
op     21   24   69   72   24   21   69   72                       -0.02801438167996362152                                                    
op     22   26   70   74   26   22   70   74                       -0.03612921214890976729                                                    
op     22   33   70   81   33   22   70   81                       -0.01006994635539857491                                                    
op     22   26   70   81   26   22   70   81                       -0.00654445327295641831                                                    
a_ia   25   32                                                     -0.00011098610098591094                                                    
a_ia   21   24                                                     -0.00401545685500394670                                                    
a_ia   25   32                                                      0.08994237838783748773                                                    
a_ia   72   74                                                     -0.12293640066453771775                                                    
mvp2   20   25   66   73   25   20   66   73                       -0.02738885010318727053    0.20881896532393690036                          
a_ia   70   74                                                      0.00370610048871930324                                                    
a_ia   69   71                                                     -0.19650201909735443007                                                    
mvp2   23   24   68   74   24   23   68   74                        0.00725519184273461324   -0.11279635679664770653                          
op     13   35   61   83   35   13   61   83                       -0.02038873941483457589                                                    
a_ia   61   83                                                      0.00173117334632422854                                                    
op     20   24   68   73   24   20   68   73                       -0.01738437956730203016                                                    
mvp2   18   25   66   73   25   18   66   73                       -0.00452686237846519277   -1.05381063532569574370                          
a_ia   18   20                                                     -0.34986868473731702611                                                    
op     15   24   67   72   24   15   67   72                        0.01700660008523257466                                                    
mvp2   20   33   68   73   33   20   68   73                        0.00818170920253499454   -0.00348137704902138712                          
op     22   30   70   81   30   22   70   81                       -0.00462905695858523147                                                    
om     22   31   70   83   31   22   70   83                        0.00562163918874215417                                                    
a_ia   23   35                                                     -0.00083840984393551482                                                    
op     20   33   68   81   33   20   68   81                       -0.00835396066640778368                                                    
mvp2   23   24   69   72   24   23   69   72                       -0.01461372015240419014    0.07165276136137475882                          
om     13   35   61   78   35   13   61   78                       -0.01104956072110107289                                                    
a_ia   61   78                                                      0.00115119538494364623                                                    
om     22   31   70   79   31   22   70   79                       -0.00798348018691857203                                                    
mvp2   21   24   71   72   24   21   71   72                       -0.02909022360332371923   -0.57750588335388997052                          
a_ia   67   71                                                      0.41795057986830180807                                                    
