-4.224220545323066176e+02
-4.224393380992838161e+02
-4.224535361342336728e+02
-4.224696941486399737e+02
-4.224806888027462719e+02
-4.224891018176825241e+02
-4.224965749205467205e+02
-4.225064048622434143e+02
-4.225130016919973173e+02
-4.225196374229191179e+02
-4.225243702611235221e+02
-4.225317882382311723e+02
-4.225382589964739850e+02
-4.225426744512669188e+02
-4.225468292009869060e+02
-4.225506858077574748e+02
-4.225545214794389040e+02
-4.225598996029511909e+02
-4.225625258249855278e+02
-4.225655469990077222e+02
-4.225665064156053745e+02
-4.225672209349656896e+02
-4.225708827043197857e+02
-4.225719521419775901e+02
-4.225720440232420856e+02
-4.225747142003153272e+02
-4.225760810490514814e+02
-4.225778588253331804e+02
-4.225808595508436838e+02
-4.225844573090739118e+02
-4.225879626244694123e+02
-4.225880085085154860e+02
-4.225887202917800209e+02
-4.225887509707438880e+02
-4.225947122058652781e+02
-4.225967800901012765e+02
-4.225970323483696802e+02
-4.225973696191118165e+02
-4.225974181435320816e+02
-4.225975001351396827e+02
-4.225985533028094210e+02
-4.225989663980802789e+02
-4.226016304059551771e+02
-4.226021135752724831e+02
-4.226024091921725017e+02
-4.226027427389487912e+02
-4.226045610384770725e+02
-4.226048649249801770e+02
-4.226054508565566152e+02
-4.226060385844556890e+02
-4.226063572123740073e+02
-4.226063836163888823e+02
-4.226063969315865734e+02
-4.226065514670597736e+02
-4.226065775515497194e+02
-4.226066128165085161e+02
-4.226066448344312221e+02
-4.226067053434011882e+02
-4.226067392275764973e+02
-4.226067614133293091e+02
-4.226067803862513870e+02
-4.226068046086587060e+02
-4.226068403275144760e+02
-4.226069228026311748e+02
-4.226069453324928986e+02
-4.226069690394178906e+02
-4.226072400499053856e+02
-4.226072652029105825e+02
-4.226072824644369916e+02
-4.226073134705580969e+02
-4.226073468683081273e+02
-4.226073709757744155e+02
-4.226074162979650737e+02
-4.226074401276927119e+02
-4.226074557915645187e+02
-4.226074690917408248e+02
-4.226074869904799129e+02
-4.226074999891267794e+02
-4.226075370948195200e+02
-4.226075472572624108e+02
-4.226075751771888918e+02
-4.226075936712825865e+02
-4.226101446444590124e+02
-4.226101603034928758e+02
-4.226101723164512123e+02
-4.226102138325405804e+02
-4.226102242154979081e+02
-4.226135209135674131e+02
-4.226135405026968783e+02
-4.226135753766303083e+02
-4.226135863815039215e+02
-4.226135996160363106e+02
-4.226136234482975738e+02
-4.226140088717290837e+02
-4.226140213476529084e+02
-4.226140276059733196e+02
-4.226140614806997178e+02
-4.226140733522988739e+02
-4.226149608737591734e+02
-4.226149871910740785e+02
-4.226149963247885921e+02
-4.226150108798900078e+02
-4.226150186161318061e+02
-4.226150261887157171e+02
-4.226150348444874112e+02
-4.226150664814683182e+02
-4.226150817674375162e+02
-4.226151026165201756e+02
-4.226151150950457804e+02
-4.226151334386722738e+02
-4.226151401407344110e+02
-4.226151638913535180e+02
-4.226151682776938969e+02
-4.226151756007313907e+02
-4.226151835079842272e+02
-4.226152004166510210e+02
-4.226152114847290022e+02
-4.226152424223781736e+02
-4.226152622353749280e+02
-4.226177817135150008e+02
-4.226177921448074812e+02
-4.226178124122034205e+02
-4.226178260173645072e+02
-4.226178338633993121e+02
-4.226178429622161161e+02
-4.226178592163483927e+02
-4.226178652895192727e+02
-4.226178744976721191e+02
-4.226178955301568863e+02
-4.226179220223100970e+02
-4.226179431529105841e+02
-4.226179475341551779e+02
-4.226183451121685835e+02
-4.226183581258948720e+02
-4.226183740948442846e+02
-4.226183826035984907e+02
-4.226183893678353911e+02
-4.226184122792387825e+02
-4.226184157930774745e+02
-4.226184187335352931e+02
-4.226184268117709166e+02
-4.226184388760843831e+02
-4.226184442136038228e+02
-4.226184477344252173e+02
-4.226184550087842808e+02
-4.226184601574682915e+02
-4.226184725513512035e+02
-4.226184824584029798e+02
-4.226184868521704061e+02
-4.226184918419921246e+02
-4.226184997203711191e+02
-4.226185259024376251e+02
-4.226185304814674737e+02
-4.226185363005902218e+02
-4.226185379990590718e+02
-4.226185480541952870e+02
-4.226185664528920256e+02
-4.226185753426153155e+02
-4.226185776715595921e+02
-4.226185814130910785e+02
-4.226185871358113104e+02
-4.226185948334808131e+02
-4.226185977578924735e+02
-4.226186023630854152e+02
-4.226186125099375204e+02
-4.226186340897622244e+02
-4.226186507278335966e+02
-4.226186739515733279e+02
-4.226186925346702878e+02
-4.226186163356587144e+02
-4.226185550668644737e+02
-4.226184963467333091e+02
-4.226184558531090261e+02
-4.226184137591130252e+02
-4.226183700605881199e+02
-4.226183332931486234e+02
-4.226182940598358755e+02
-4.226182562941074821e+02
-4.226182048035989283e+02
-4.226181587954018255e+02
-4.226181064463690973e+02
-4.226180629166001950e+02
-4.226180269418330795e+02
-4.226179881820502828e+02
-4.226179646222959150e+02
-4.226179425797266163e+02
-4.226179037121303850e+02
-4.226178694360805821e+02
-4.226178348278393173e+02
-4.226178214423309214e+02
-4.226177919010777941e+02
-4.226177565682523891e+02
-4.226177439745006836e+02
-4.226177315967490813e+02
-4.226177217663350234e+02
-4.226177042259026848e+02
-4.226176870390949034e+02
-4.226176823923075858e+02
-4.226176557796940756e+02
-4.226176580849993911e+02
-4.226176335477895805e+02
-4.226176136731190809e+02
-4.226176141628225196e+02
-4.226175947421650108e+02
-4.226175583630084134e+02
-4.226175461602355199e+02
-4.226175339382012908e+02
-4.226175292169679096e+02
-4.226175269121774249e+02
-4.226175211434696735e+02
-4.226174887290641209e+02
-4.226175043707436885e+02
-4.226174744253372069e+02
-4.226175006670815719e+02
-4.226174703160758099e+02
-4.226174940269090143e+02
-4.226174715328328944e+02
-4.226174845514702270e+02
-4.226174777388455936e+02
-4.226174878531859918e+02
-4.226174941682891131e+02
-4.226174905419758829e+02
-4.226174824719598746e+02
-4.226175145278277796e+02
-4.226174840210977095e+02
-4.226175039059629057e+02
-4.226174847778415256e+02
-4.226174625330062895e+02
-4.226174758520172077e+02
-4.226174919747385275e+02
-4.226178026543760780e+02
-4.226175013713515227e+02
-4.226174656249312989e+02
-4.226174908699599087e+02
-4.226177871229580774e+02
-4.226175055687049280e+02
-4.226174688080304236e+02
-4.226174803364442027e+02
-4.226174849919681833e+02
-4.226174973802998238e+02
-4.226175069553340222e+02
-4.226174916519067892e+02
-4.226174940270964839e+02
-4.226174694544181989e+02
-4.226174710338182763e+02
-4.226174964840968755e+02
-4.226174696638138926e+02
-4.226174954530408741e+02
-4.226175061045373127e+02
-4.226174712005753236e+02
-4.226174728101598816e+02
-4.226174944490296070e+02
-4.226174823525424813e+02
-4.226174865713405211e+02
-4.226174730579261904e+02
-4.226174864233145740e+02
-4.226174991914614907e+02
-4.226174769765715951e+02
-4.226174938797091727e+02
-4.226175118275348268e+02
-4.226174909566349811e+02
-4.226174701477281133e+02
-4.226175009368491828e+02
-4.226175107304105154e+02
-4.226174817976790905e+02
-4.226174761920411811e+02
-4.226174726432890907e+02
-4.226174694270101782e+02
-4.226174796840966792e+02
-4.226174787617864013e+02
-4.226174835489513839e+02
-4.226174903330423263e+02
-4.226174730036964888e+02
-4.226174969369577070e+02
-4.226174731972193968e+02
-4.226178049171160183e+02
-4.226174730083824898e+02
-4.226174760840372073e+02
-4.226175168044251791e+02
-4.226174660769368074e+02
-4.226175196883768876e+02
-4.226174654792894785e+02
-4.226174794305072169e+02
-4.226174765493103109e+02
-4.226174842397356883e+02
-4.226174856580606161e+02
-4.226174789234397053e+02
-4.226174839199753137e+02
-4.226174969611121810e+02
-4.226174724492884138e+02
-4.226174791633288805e+02
-4.226174717572844770e+02
-4.226174811960186730e+02
-4.226174827121441808e+02
-4.226174920650913123e+02
-4.226174681994240245e+02
-4.226174791048183010e+02
-4.226174762740574238e+02
-4.226174909935066921e+02
-4.226174862186304040e+02
-4.226175034627307241e+02
-4.226174797232537230e+02
-4.226174710166890236e+02
-4.226174788781614780e+02
-4.226174807791999797e+02
-4.226174635739138807e+02
-4.226174774578083202e+02
-4.226174893491939883e+02
-4.226175007183662728e+02
-4.226174925349727118e+02
-4.226174988305647275e+02
-4.226174913765843826e+02
-4.226174835293533079e+02
-4.226174936346204163e+02
-4.226174751273973129e+02
-4.226175066166492797e+02
-4.226177888610736204e+02
-4.226175005528206157e+02
-4.226175013944816783e+02
-4.226174669276664986e+02
-4.226174624397696107e+02
-4.226174848033294893e+02
-4.226174717621652235e+02
-4.226174872746033202e+02
-4.226174703059317039e+02
-4.226175018531337173e+02
-4.226174911734144075e+02
-4.226174840896321143e+02
-4.226174924913540281e+02
-4.226174852567601192e+02
-4.226174923280296980e+02
-4.226174999021483814e+02
-4.226174984194892090e+02
-4.226174718452991215e+02
-4.226174936451922122e+02
-4.226174945201407809e+02
-4.226174911105571255e+02
-4.226174856652859262e+02
-4.226174762156243787e+02
-4.226174792700838907e+02
-4.226174847202121896e+02
