-2.618664788952834783e+02
-2.618795908423003880e+02
-2.618918790546579203e+02
-2.618975156161740188e+02
-2.618994527352696196e+02
-2.619009327192936212e+02
-2.619027940894786752e+02
-2.619043894598892166e+02
-2.619047527391380186e+02
-2.619053083134173221e+02
-2.619056696231393175e+02
-2.619061022202324125e+02
-2.619064114400879930e+02
-2.619066308655977764e+02
-2.619068956919708739e+02
-2.619070936843965001e+02
-2.619071853216839258e+02
-2.619073602002051757e+02
-2.619075075307907241e+02
-2.619078349361208780e+02
-2.619079008758789087e+02
-2.619079399110011082e+02
-2.619080044825458913e+02
-2.619080628198599925e+02
-2.619081551476010077e+02
-2.619082338514795083e+02
-2.619083103109430226e+02
-2.619084685423272276e+02
-2.619085662953041833e+02
-2.619085664755688754e+02
-2.619085946157662761e+02
-2.619086092437788125e+02
-2.619086224472836193e+02
-2.619086475678744250e+02
-2.619086769889146922e+02
-2.619086866360407271e+02
-2.619087070141557092e+02
-2.619087222323901756e+02
-2.619087773055040884e+02
-2.619087783243210765e+02
-2.619087890500574076e+02
-2.619088754365973841e+02
-2.619089472436526762e+02
-2.619089908382632075e+02
-2.619089920276380212e+02
-2.619089923119854006e+02
-2.619089924043918813e+02
-2.619089947511055243e+02
-2.619090107930775275e+02
-2.619090122120434785e+02
-2.619090208238126252e+02
-2.619090208263531849e+02
-2.619090223316472930e+02
-2.619090433861800875e+02
-2.619090433888262055e+02
