9.999956349381564635e-01
9.999884513045769197e-01
9.999877964223643501e-01
9.959027461654528235e-01
9.958176013939714633e-01
9.949248706134437015e-01
9.955749901641783861e-01
9.943994166817498037e-01
9.962751608540796333e-01
9.934254167404982239e-01
9.942689442922290066e-01
9.881656957519233675e-01
9.931282934618357316e-01
9.930726622547143556e-01
9.818522430208365126e-01
9.772770478564786201e-01
2.920515945751834402e-02
1.824778487664424978e-02
5.292859693199812240e-03
4.227436490767342778e-03
8.663550047308326424e-03
2.365368148038509474e-03
4.546969158798421125e-03
2.561980297942835494e-03
3.772570552363574414e-03
2.728673882744012038e-03
1.056085970586428079e-03
5.208508745149473956e-03
2.820634772334046358e-03
5.322053649892943480e-03
5.255111927951474152e-03
4.668280410618216858e-03
