op     21   27   73   79   27   21   73   79                       -0.15845529401635299882                                                    
op     21   27   75   79   27   21   75   79                       -0.05564331161337882775                                                    
mvp2   73   78   74   79   73   74   78   79                        0.05429907900241703889    0.32829859439548259026                          
mvp2   16   27   73   79   27   16   73   79                       -0.00196101595020879574   -0.02199293745378133255                          
a_ia   74   78                                                     -0.00440433746221321858                                                    
a_ia   16   27                                                      0.00202760035673993323                                                    
a_ia   16   23                                                     -0.52396277946621994115                                                    
mvp2   23   26   74   78   26   23   74   78                        0.00465968617328870165    0.15207949114415492131                          
op     22   28   74   80   28   22   74   80                       -0.01654624397905209848                                                    
mvp2   20   26   74   80   26   20   74   80                       -0.00401279623622948813   -0.53753356415203112917                          
mvp2   22   26   75   79   26   22   75   79                        0.00318262687836260490    0.54789276577195400453                          
mvp3   73   78   75   79   73   75   79   78   73   75   78   79   -0.01486118296982816278    0.12830335782654400667   -0.22563624092147410716
mvp2   20   27   74   79   27   20   74   79                       -0.00802701321931631115    0.42233402391469626602                          
a_ia   21   23                                                      0.34192261862839640196                                                    
a_ia   73   79                                                     -0.00964696267248857722                                                    
a_ia   26   27                                                     -0.08976717490927839382                                                    
a_ia   21   23                                                      0.00617048134686102624                                                    
op     53   78   72  101   53   72  101   78                       -0.00130291126887711189                                                    
mvp2   22   26   74   78   26   22   74   78                       -0.02246374612744517218   -1.02656738945052272705                          
a_ia   74   78                                                      0.00267162203910927118                                                    
a_ia   16   27                                                     -0.00217863406537237986                                                    
mvp2   21   27   70   79   27   21   70   79                        0.03235230089488980859   -0.17969794424205839944                          
mvp2   21   27   71   78   27   21   71   78                       -0.02618029909709519362    0.10084342994075654043                          
mvp3   19   26   21   27   19   21   27   26   19   21   26   27   -0.03240283092088740158   -0.44507685792654932966    0.28497499614709753679
a_ia   19   20                                                     -2.02676845475354694415                                                    
a_ia   26   27                                                      0.11271591500482233683                                                    
a_ia   70   74                                                     -0.45882816371384738119                                                    
mvp3   19   26   21   27   19   21   27   26   19   21   26   27   -0.05223434888757726158   -0.80483794904269967407    0.80854833661952529855
a_ia   19   20                                                     -0.67500539121727565206                                                    
mvp2   20   26   67  101   26   20   67  101                       -0.00805189242145768445    0.16627702812044137248                          
a_ia   20   21                                                      0.17695799740831436031                                                    
mvp2   20   26   53  101   26   20   53  101                       -0.01136466361468704139    0.22596265154569455946                          
a_ia   20   26                                                      0.00457464167834710413                                                    
a_ia   18   21                                                      0.50159425656734080157                                                    
a_ia   72   80                                                      0.05466718636350786226                                                    
a_ia   53  101                                                     -0.00012552958161620703                                                    
a_ia   72   73                                                      0.36823298394892689522                                                    
mvp3   53   79   73   80   53   73   80   79   53   73   79   80   -0.00924379255423870422    0.01356281126789984567    0.16612783866773497832
mvp2   20   28   74   78   28   20   74   78                        0.00597758953311627959    0.44971214165047607159                          
a_ia   74   78                                                      0.11004150513573093817                                                    
mvp2    1   49   53  101   49    1   53  101                       -0.01036119908179406433   -0.73832300025356323303                          
a_ia   73   80                                                     -0.00680743033635817889                                                    
a_ia   73   79                                                      0.00314266649259071313                                                    
a_ia   79   80                                                      0.04185099679128884143                                                    
a_ia   53  101                                                     -0.00037795144478117154                                                    
mvp3   72   78   73   79   72   73   79   78   72   73   78   79    0.03520616119006188260    0.73877819108067754872    0.49982449819729724005
a_ia   72   73                                                     -0.26393928721580289798                                                    
a_ia   74   78                                                     -0.11113689825918245113                                                    
a_ia   72   80                                                     -0.05243515720557198612                                                    
a_ia   27   32                                                     -0.18479493096804258667                                                    
a_ia   79   88                                                     -0.20844866649732213260                                                    
a_ia   28   29                                                      0.54805990139546822970                                                    
a_ia   80   81                                                     -0.17225929384648838716                                                    
a_ia   78   93                                                      0.12438147271467234201                                                    
a_ia   78   94                                                      0.07565905496704754263                                                    
a_ia   27   36                                                     -0.20590353003195521753                                                    
a_ia   79   84                                                     -0.19726610469243635593                                                    
a_ia   79   90                                                      0.08466437772996812661                                                    
a_ia   79   91                                                     -0.05074619304037079198                                                    
a_ia   18   22                                                     -0.31394028240159022047                                                    
mvp2    1   49   67  101   49    1   67  101                       -0.00455236438172482247   -0.21645491205990638472                          
a_ia   27   38                                                      0.08356040796955586936                                                    
a_ia   78   96                                                     -0.07265936621287047426                                                    
a_ia   78   98                                                      0.11463191961951792186                                                    
a_ia   26   31                                                     -0.07649682177602462607                                                    
a_ia   67   71                                                     -0.27558629101749165802                                                    
a_ia   72   73                                                      0.08725302215317493060                                                    
a_ia   16   21                                                     -0.07457786449859761524                                                    
a_ia   79   97                                                     -0.14516692798445846035                                                    
a_ia   72   73                                                      0.09170145109123553628                                                    
a_ia   27   44                                                      0.14304584389905955488                                                    
a_ia   27   45                                                     -0.13952019783438512901                                                    
a_ia   27   46                                                     -0.14506122039042210203                                                    
a_ia   16   21                                                     -0.10710455767190207865                                                    
a_ia   27   47                                                     -0.07557332306923013332                                                    
a_ia   18   21                                                     -0.22412111937758402713                                                    
mvp2   21   49   73  101   49   21   73  101                       -0.00266603309229595554    0.08078702621684774599                          
mvp2   20   28   72   80   28   20   72   80                       -0.01122041629902409583    0.64840648104233833404                          
a_ia   20   23                                                      0.22792694519829906352                                                    
a_ia   20   24                                                      0.13400546085930031825                                                    
a_ia   79   99                                                     -0.08475436256286680847                                                    
