op     21   27   73   79   27   21   73   79                       -0.12356414904254924003                                                    
op     21   27   75   79   27   21   75   79                       -0.05547608526919546590                                                    
mvp2   73   78   74   79   73   74   78   79                        0.03695163215302207232    0.47346886377780961208                          
mvp2   16   27   73   79   27   16   73   79                       -0.01310079738579599321   -0.30889569309250003437                          
a_ia   74   78                                                     -0.00368795537165917710                                                    
a_ia   16   27                                                      0.00237961298771435618                                                    
a_ia   16   23                                                     -0.06187516181757325706                                                    
mvp2   23   26   74   78   26   23   74   78                        0.00768890604418150103    0.31560319797316827017                          
op     22   28   74   80   28   22   74   80                       -0.01450885283307979355                                                    
mvp2   20   26   74   80   26   20   74   80                       -0.00189711248064890810   -0.00425876877366263441                          
mvp2   22   26   75   79   26   22   75   79                       -0.00902600927946957052    0.13756031460378137510                          
mvp3   73   78   75   79   73   75   79   78   73   75   78   79   -0.01593259769306520912   -0.69506662775645244867   -0.27624680879265850475
mvp2   20   27   74   79   27   20   74   79                       -0.00017294155875650349    0.07493166660458948358                          
a_ia   21   23                                                      0.35158790220505686808                                                    
a_ia   73   79                                                     -0.00627676612716163672                                                    
a_ia   26   27                                                     -0.15479868708127075827                                                    
a_ia   21   23                                                      0.01583576492352151491                                                    
op     53   78   72  101   53   72  101   78                        0.00958550647283646848                                                    
mvp2   22   26   74   78   26   22   74   78                       -0.02166977466667640087   -0.74848306421840671288                          
a_ia   74   78                                                      0.00673288655591972908                                                    
a_ia   16   27                                                     -0.00488188906246075655                                                    
mvp2   21   27   70   79   27   21   70   79                        0.02935243475411987435   -0.19062842514663466686                          
mvp2   21   27   71   78   27   21   71   78                       -0.02237867628560935573    0.12513066725782753807                          
mvp3   19   26   21   27   19   21   27   26   19   21   26   27   -0.04095277321998462561   -0.63284620607571928641   -0.19592840623777937892
a_ia   19   20                                                     -1.12813623121098371982                                                    
a_ia   26   27                                                      0.33044993855430021545                                                    
a_ia   70   74                                                     -0.45480377803831067984                                                    
mvp3   19   26   21   27   19   21   27   26   19   21   26   27   -0.01352568065969115066   -0.23666313446015219135   -0.36070648375177544187
a_ia   19   20                                                     -0.44804566268087026026                                                    
mvp2   20   26   67  101   26   20   67  101                       -0.00750398646681906326    0.13151162153677586897                          
a_ia   20   21                                                      0.04013542813628027256                                                    
mvp2   20   26   53  101   26   20   53  101                       -0.01244605661539631598    0.21410755593101854499                          
a_ia   20   26                                                      0.00268348432248905529                                                    
a_ia   18   21                                                      0.27735536774293328977                                                    
a_ia   72   80                                                     -0.00044604417764946072                                                    
a_ia   53  101                                                     -0.00006405728026996106                                                    
a_ia   72   73                                                      0.55704849186193217125                                                    
mvp3   53   79   73   80   53   73   80   79   53   73   79   80   -0.00510234682251940914    0.04678642507693400038    0.20551252062684222111
mvp2   20   28   74   78   28   20   74   78                        0.01027610043287605079    0.24496109241293925751                          
a_ia   74   78                                                     -0.00042050498847110037                                                    
mvp2    1   49   53  101   49    1   53  101                       -0.01046099439897588135   -0.81106278503509976474                          
a_ia   73   80                                                      0.00116439190808930479                                                    
a_ia   73   79                                                     -0.00136115260235639525                                                    
a_ia   79   80                                                      0.06758133234138516410                                                    
a_ia   53  101                                                     -0.00024582690206534000                                                    
mvp3   72   78   73   79   72   73   79   78   72   73   78   79    0.04629641423987659876    0.52892139000736337895    0.95271345821098141204
