op     21   27   73   79   27   21   73   79                       -0.10243145326805547235                                                    
op     21   27   75   79   27   21   75   79                       -0.05347646873861489764                                                    
mvp2   73   78   74   79   73   74   78   79                        0.03020573430561931602    0.33248905556743840739                          
mvp2   16   27   73   79   27   16   73   79                       -0.01350883139871388895   -0.01976393066597467024                          
a_ia   74   78                                                      0.01303334152626142717                                                    
a_ia   16   27                                                     -0.00186501820166761552                                                    
a_ia   16   23                                                      0.00172476000684185335                                                    
mvp2   23   26   74   78   26   23   74   78                        0.00620455551937056874    0.51340753072691736048                          
op     22   28   74   80   28   22   74   80                       -0.01655696228264500261                                                    
mvp2   20   26   74   80   26   20   74   80                        0.01279438541068220712    0.09328314646464756776                          
mvp2   22   26   75   79   26   22   75   79                       -0.00678503231548348643   -0.55954745700484842530                          
mvp3   73   78   75   79   73   75   79   78   73   75   78   79   -0.01068592397054787813    0.34031504752079044795   -0.26546996375834086557
mvp2   20   27   74   79   27   20   74   79                        0.00365024142819827223   -0.24529380420037452670                          
a_ia   21   23                                                      0.41027495746798808840                                                    
a_ia   73   79                                                     -0.00615956992986227501                                                    
a_ia   26   27                                                      0.26912658224327495882                                                    
a_ia   21   23                                                      0.07452282018645274564                                                    
op     53   78   72  101   53   72  101   78                        0.00931595073606024393                                                    
mvp2   22   26   74   78   26   22   74   78                       -0.01891362184698049120   -0.22962679774278615952                          
a_ia   74   78                                                     -0.00773626964685221637                                                    
a_ia   16   27                                                     -0.00046046644090840558                                                    
