op     21   27   73   79   27   21   73   79                       -0.15184270089679671734                                                    
op     21   27   75   79   27   21   75   79                       -0.05454750969580773878                                                    
mvp2   73   78   74   79   73   74   78   79                        0.06038064379081397454    0.32223773797829696752                          
mvp2   16   27   73   79   27   16   73   79                       -0.01823759203307095955   -0.09801755088057149956                          
a_ia   74   78                                                     -0.00392327590919481009                                                    
a_ia   16   27                                                      0.00319182675482418843                                                    
a_ia   16   23                                                     -0.38408875894290239739                                                    
mvp2   23   26   74   78   26   23   74   78                        0.01043028420182919372    0.41300143608696876507                          
op     22   28   74   80   28   22   74   80                       -0.01266396339685075742                                                    
mvp2   20   26   74   80   26   20   74   80                       -0.00243569022096640567   -0.26081335523947862809                          
mvp2   22   26   75   79   26   22   75   79                        0.00328305590137117215    0.57992058717303018867                          
mvp3   73   78   75   79   73   75   79   78   73   75   78   79   -0.01474730856351222016    0.03340926976486690431   -0.21240675011347401324
mvp2   20   27   74   79   27   20   74   79                       -0.00816418524194357717    0.41176896332382240118                          
a_ia   21   23                                                      0.34955968245961821506                                                    
a_ia   73   79                                                     -0.00780752859386782752                                                    
a_ia   26   27                                                     -0.07012643745283547725                                                    
a_ia   21   23                                                      0.01380754517808268841                                                    
op     53   78   72  101   53   72  101   78                       -0.00078213548403964776                                                    
mvp2   22   26   74   78   26   22   74   78                       -0.02187447839277619627   -1.08499262292668507968                          
a_ia   74   78                                                      0.00204149073522476385                                                    
a_ia   16   27                                                     -0.00552971432188886954                                                    
mvp2   21   27   70   79   27   21   70   79                        0.03118609646789917769   -0.19846632812048650707                          
mvp2   21   27   71   78   27   21   71   78                       -0.02349958727910010994    0.10001807629305455027                          
mvp3   19   26   21   27   19   21   27   26   19   21   26   27   -0.02885271529143138350   -0.45293067436739381515    0.10798162343008481379
a_ia   19   20                                                     -1.88841180033453337472                                                    
a_ia   26   27                                                      0.17577581630076744013                                                    
a_ia   70   74                                                     -0.45259109719326251486                                                    
mvp3   19   26   21   27   19   21   27   26   19   21   26   27   -0.04223342381826450387   -0.74006470054153816740    0.99175471739905840529
a_ia   19   20                                                     -0.62291924385219832327                                                    
mvp2   20   26   67  101   26   20   67  101                       -0.00706962680153597027    0.14125231734547860629                          
a_ia   20   21                                                      0.20166707139666509296                                                    
mvp2   20   26   53  101   26   20   53  101                       -0.01151957693654821757    0.24443816545558758047                          
a_ia   20   26                                                      0.00290489478937564329                                                    
a_ia   18   21                                                      0.30056461724405597602                                                    
a_ia   72   80                                                      0.01979915925703984794                                                    
a_ia   53  101                                                     -0.00010725559682457452                                                    
a_ia   72   73                                                      0.49818244404646438994                                                    
mvp3   53   79   73   80   53   73   80   79   53   73   79   80   -0.00658194770007640081    0.01799216948977982317    0.16808169703457753741
mvp2   20   28   74   78   28   20   74   78                        0.01133888990494344787    0.30889825346685867435                          
a_ia   74   78                                                      0.11280131078333195671                                                    
mvp2    1   49   53  101   49    1   53  101                       -0.01041955228166509956   -0.81602379219571208324                          
a_ia   73   80                                                     -0.00540779717664966082                                                    
a_ia   73   79                                                      0.00027105245384841125                                                    
a_ia   79   80                                                      0.05814949241964981197                                                    
a_ia   53  101                                                     -0.00043859516824366332                                                    
mvp3   72   78   73   79   72   73   79   78   72   73   78   79    0.03583903863116210536    0.75798259439172965823    0.59129116007816739931
a_ia   72   73                                                     -0.24411956084957725510                                                    
a_ia   74   78                                                     -0.11347772223528790336                                                    
a_ia   72   80                                                     -0.01883985638501276330                                                    
a_ia   27   32                                                     -0.19250206879773523738                                                    
a_ia   79   88                                                     -0.20857917713536655580                                                    
a_ia   28   29                                                      0.57259890935857293837                                                    
a_ia   80   81                                                     -0.26199342947134918180                                                    
a_ia   78   93                                                      0.12535167907833383305                                                    
a_ia   78   94                                                      0.07413061320166999812                                                    
a_ia   27   36                                                     -0.20891710761749626712                                                    
a_ia   79   84                                                     -0.20072191965791130741                                                    
a_ia   79   90                                                      0.08321484919815171077                                                    
a_ia   79   91                                                     -0.04821105387311496598                                                    
a_ia   18   22                                                     -0.33386707219973060790                                                    
mvp2    1   49   67  101   49    1   67  101                       -0.00465795658806065094   -0.02914557865664367878                          
a_ia   27   38                                                      0.08581884496689259900                                                    
a_ia   78   96                                                     -0.05917081877063504886                                                    
a_ia   78   98                                                      0.09768909214387240525                                                    
a_ia   26   31                                                     -0.07892767612296300306                                                    
a_ia   67   71                                                     -0.26563411329383884718                                                    
a_ia   72   73                                                      0.01577986279749102674                                                    
