Energy (SCF): -289.331895919

--------------------------------------------------------------------------------
CEO-ADAPT-VQE iteration: 1
--------------------------------------------------------------------------------
    gate        derivative      name       op1       op2       op3        g_unscaled   penalty
  113625        0.00209125        op      2212      2213                  0.06901119        33
  113626        0.00209125        om      2212      2213                  0.06901119        33
    2212        0.00140839    a_iajb      2212                            0.06901119        49
  113681        0.00095343        op      2268      2269                  0.02383580        25
  113682        0.00095343        om      2268      2269                  0.02383580        25
  113507        0.00071513        op      2094      2095                  0.03504114        49
  113508        0.00071513        om      2094      2095                  0.03504114        49
  113633        0.00059303        op      2220      2221                  0.03854670        65
  113634        0.00059303        om      2220      2221                  0.03854670        65
  113689        0.00058979        op      2276      2277                  0.03361801        57

  ==> Add operator: op -1: 2212 2213
  ==> Current qubit order: 0  1  2  3  4  5  6  7  8  9  10  11  12  13  14  15  16  17  18  19  20  21  22  23  24  25  26  27  28  29  30  31  32  33  34  35  36  37  38  39  40  41  42  43  44  45  46  47  48  49  50  51  52  53  56  57  54  55  58  59  60  61  62  63  64  65  66  67  68  69  70  71  72  73  74  75  76  77  78  79  80  81  82  83  84  85  86  87  88  89  90  91  92  93  94  95  96  97  98  99  100  101  102  103  104  105  106  107  108  109  110  111  


  ==> Energy                -289.333393973
  ==> dE                       -1.50e-03
  ==> Gradient Norm             6.49e-01
  ==> Abs. Max. Deriv.          7.21e-02
  ==> Time-Grad. (s)             217.518
  ==> Time-Energy (s)             17.680
  ==> Time-Iter. (s)             235.354

--------------------------------------------------------------------------------
CEO-ADAPT-VQE iteration: 2
--------------------------------------------------------------------------------
    gate        derivative      name       op1       op2       op3        g_unscaled   penalty
  246784        0.00087415        op    103221    103222                  0.02185364        25
  246785        0.00087415        om    103221    103222                  0.02185364        25
  241698        0.00080836        op     99320     99321                  0.03314286        41
  241699        0.00080836        om     99320     99321                  0.03314286        41
  246798        0.00068608        op    103235    103236                  0.03361801        49
  246799        0.00068608        om    103235    103236                  0.03361801        49
   99320        0.00058145    a_iajb     99320                            0.03314286        57
  245218        0.00057065        op    102042    102043                  0.03709256        65
  245219        0.00057065        om    102042    102043                  0.03709256        65
  103221        0.00053302    a_iajb    103221                            0.02185364        41

  ==> Add operator: op -1: 103221 103222
  ==> Current qubit order: 0  1  2  3  4  5  6  7  8  9  10  11  12  13  14  15  16  17  18  19  20  21  22  23  24  25  26  27  28  29  30  31  32  33  34  35  36  37  38  39  40  41  42  43  44  45  46  47  48  49  50  51  52  53  56  57  54  55  58  59  60  61  62  63  64  65  66  67  68  69  70  71  72  73  74  75  76  77  78  79  80  81  82  83  84  85  86  87  88  89  90  91  92  93  94  95  96  97  98  99  100  101  102  103  104  105  106  107  108  109  110  111  


  ==> Energy                -289.333573878
  ==> dE                       -1.80e-04
  ==> Gradient Norm             6.35e-01
  ==> Abs. Max. Deriv.          7.21e-02
  ==> Time-Grad. (s)             213.017
  ==> Time-Energy (s)             17.759
  ==> Time-Iter. (s)             232.812

--------------------------------------------------------------------------------
CEO-ADAPT-VQE iteration: 3
--------------------------------------------------------------------------------
    gate        derivative      name       op1       op2       op3        g_unscaled   penalty
  253901        0.00019912        op    107980    107981                  0.01214642        61
  253902        0.00019912        om    107980    107981                  0.01214642        61
  253479        0.00017440        op    107672    107673                  0.01342856        77
  253480        0.00017440        op    107672    107673                  0.01342856        77
  253483        0.00017440        op    107672    107674                  0.01342856        77
  253484        0.00017440        op    107672    107674                  0.01342856        77
  203261        0.00015814        op     69631     69632                  0.02799107       177
  203262        0.00015814        om     69631     69632                  0.02799107       177
  107980        0.00015775    a_iajb    107980                            0.01214642        77
  203345        0.00015214        op     69715     69716                  0.05614023       369

  ==> Add operator: op -1: 107980 107981
  ==> Current qubit order: 0  1  2  3  4  5  6  7  8  9  10  11  12  13  14  15  16  17  18  19  20  21  22  23  24  25  26  27  28  29  30  31  32  33  34  35  36  37  38  39  40  41  42  43  44  45  46  47  48  49  50  51  52  53  56  57  58  59  60  61  54  55  67  68  62  63  64  65  66  69  70  71  72  73  74  75  76  77  78  79  80  81  82  83  84  85  86  87  88  89  90  91  92  93  94  95  96  97  98  99  100  101  102  103  104  105  106  107  108  109  110  111  


  ==> Energy                -289.333605189
  ==> dE                       -3.13e-05
  ==> Gradient Norm             4.28e-01
  ==> Abs. Max. Deriv.          5.61e-02
  ==> Time-Grad. (s)             225.077
  ==> Time-Energy (s)             17.318
  ==> Time-Iter. (s)             244.447

--------------------------------------------------------------------------------
CEO-ADAPT-VQE iteration: 4
--------------------------------------------------------------------------------
    gate        derivative      name       op1       op2       op3        g_unscaled   penalty
  253449        0.00052645        op    107765    107766                  0.05948855       113
  253450        0.00052645        om    107765    107766                  0.05948855       113
  107765        0.00046115    a_iajb    107765                            0.05948855       129
  250885       -0.00023919        op    105834    105835                 -0.01076333        45
  250886       -0.00023919        om    105834    105835                 -0.01076333        45
  252721        0.00023284        op    107223    107224                  0.01513448        65
  252722        0.00023284        om    107223    107224                  0.01513448        65
  107223        0.00018685    a_iajb    107223                            0.01513448        81
  105834       -0.00017645    a_iajb    105834                           -0.01076333        61
  151705        0.00013820        op     30528     30529                  0.02998939       217

  ==> Add operator: op -1: 107765 107766
  ==> Current qubit order: 0  1  2  3  4  5  6  7  8  9  10  11  12  13  14  15  16  17  18  19  20  21  22  23  24  25  26  27  28  29  30  31  32  33  34  35  36  37  38  39  40  41  42  43  44  45  46  47  48  49  50  51  52  53  56  57  58  59  60  61  67  68  62  63  64  65  66  69  70  71  54  55  84  85  72  73  74  75  76  77  78  79  80  81  82  83  86  87  88  89  90  91  92  93  94  95  96  97  98  99  100  101  102  103  104  105  106  107  108  109  110  111  


  ==> Energy                -289.334088996
  ==> dE                       -4.84e-04
  ==> Gradient Norm             3.89e-01
  ==> Abs. Max. Deriv.          5.95e-02
  ==> Time-Grad. (s)             268.045
  ==> Time-Energy (s)             16.783
  ==> Time-Iter. (s)             286.932

--------------------------------------------------------------------------------
CEO-ADAPT-VQE iteration: 5
--------------------------------------------------------------------------------
    gate        derivative      name       op1       op2       op3        g_unscaled   penalty
  249517        0.00019451        op    104704    104705                  0.01731154        89
  249518        0.00019451        om    104704    104705                  0.01731154        89
  251457        0.00017752        op    106215    106216                  0.00727825        41
  251458        0.00017752        om    106215    106216                  0.00727825        41
  104704        0.00016487    a_iajb    104704                            0.01731154       105
  250961        0.00014985        op    105836    105837                  0.00794181        53
  250962        0.00014985        om    105836    105837                  0.00794181        53
  161699        0.00013820        op     38198     38199                  0.02999014       217
  161700        0.00013820        om     38198     38199                  0.02999014       217
   38198        0.00012871    a_iajb     38198                            0.02999014       233

  ==> Add operator: op -1: 104704 104705
  ==> Current qubit order: 0  1  2  3  4  5  6  7  8  9  10  11  12  13  14  15  16  17  18  19  20  21  22  23  24  25  26  27  28  29  30  31  32  33  34  35  36  37  38  39  40  41  42  43  44  46  47  49  50  51  52  53  56  57  58  45  48  64  65  59  60  61  67  68  62  63  66  69  70  71  54  55  84  85  72  73  74  75  76  77  78  79  80  81  82  83  86  87  88  89  90  91  92  93  94  95  96  97  98  99  100  101  102  103  104  105  106  107  108  109  110  111  


  ==> Energy                -289.334147540
  ==> dE                       -5.85e-05
  ==> Gradient Norm             3.28e-01
  ==> Abs. Max. Deriv.          3.35e-02
  ==> Time-Grad. (s)             244.727
  ==> Time-Energy (s)             18.553
  ==> Time-Iter. (s)             265.314

--------------------------------------------------------------------------------
CEO-ADAPT-VQE iteration: 6
--------------------------------------------------------------------------------
    gate        derivative      name       op1       op2       op3        g_unscaled   penalty
  253710        0.00079057        op    107816    107817                  0.03241347        41
  253711        0.00079057        om    107816    107817                  0.03241347        41
  107816        0.00056866    a_iajb    107816                            0.03241347        57
  253032        0.00026317        op    107279    107280                  0.02447501        93
  253033        0.00026317        op    107279    107280                  0.02447501        93
  253036        0.00025784        op    107279    107281                  0.02397898        93
  253037        0.00025784        op    107279    107281                  0.02397898        93
  253020        0.00024751        op    107273    107274                  0.02301888        93
  253021        0.00024751        op    107273    107274                  0.02301888        93
  253024        0.00024751        op    107273    107275                  0.02301888        93

  ==> Add operator: op -1: 107816 107817
  ==> Current qubit order: 0  1  2  3  4  5  6  7  8  9  10  11  12  13  14  15  16  17  18  19  20  21  22  23  24  25  26  27  28  29  30  31  32  33  34  35  36  37  38  39  40  41  42  43  44  46  47  49  50  51  52  53  56  57  58  45  48  64  65  59  60  61  67  68  62  63  66  69  70  71  84  85  72  54  55  74  75  73  76  77  78  79  80  81  82  83  86  87  88  89  90  91  92  93  94  95  96  97  98  99  100  101  102  103  104  105  106  107  108  109  110  111  


  ==> Energy                -289.334346639
  ==> dE                       -1.99e-04
  ==> Gradient Norm             3.52e-01
  ==> Abs. Max. Deriv.          3.35e-02
  ==> Time-Grad. (s)             265.901
  ==> Time-Energy (s)             18.556
  ==> Time-Iter. (s)             286.519

--------------------------------------------------------------------------------
CEO-ADAPT-VQE iteration: 7
--------------------------------------------------------------------------------
    gate        derivative      name       op1       op2       op3        g_unscaled   penalty
  181081        0.00014352        op     53094     53095                  0.02999485       209
  181082        0.00014352        om     53094     53095                  0.02999485       209
   53094        0.00013331    a_iajb     53094                            0.02999485       225
  248305       -0.00012624        op    104031    104032                 -0.01830529       145
  248306       -0.00012624        om    104031    104032                 -0.01830529       145
  181089        0.00012024        op     53102     53103                  0.02705314       225
  181090        0.00012024        om     53102     53103                  0.02705314       225
  104031       -0.00011370    a_iajb    104031                           -0.01830529       161
  245979       -0.00011245        op    102254    102255                 -0.00708410        63
  245980       -0.00011245        om    102254    102255                 -0.00708410        63

  ==> Add operator: op -1: 53094 53095
  ==> Current qubit order: 0  1  2  3  6  7  8  9  10  11  12  13  14  15  16  17  18  19  20  21  22  23  24  25  26  27  4  5  56  57  28  29  30  31  32  33  34  35  36  37  38  39  40  41  42  43  44  46  47  49  50  51  52  53  58  45  48  64  65  59  60  61  67  68  62  63  66  69  70  71  84  85  72  54  55  74  75  73  76  77  78  79  80  81  82  83  86  87  88  89  90  91  92  93  94  95  96  97  98  99  100  101  102  103  104  105  106  107  108  109  110  111  


  ==> Energy                -289.334447156
  ==> dE                       -1.01e-04
  ==> Gradient Norm             3.04e-01
  ==> Abs. Max. Deriv.          3.35e-02
  ==> Time-Grad. (s)             270.494
  ==> Time-Energy (s)             18.531
  ==> Time-Iter. (s)             291.039

--------------------------------------------------------------------------------
CEO-ADAPT-VQE iteration: 8
--------------------------------------------------------------------------------
    gate        derivative      name       op1       op2       op3        g_unscaled   penalty
  253254       -0.00064327        op    107789    107790                 -0.03152015        49
  253255       -0.00064327        om    107789    107790                 -0.03152015        49
  107789       -0.00048493    a_iajb    107789                           -0.03152015        65
  253252        0.00021763        op    107787    107788                  0.01371074        63
  253253        0.00021763        om    107787    107788                  0.01371074        63
  251331        0.00021586        om    106342    106343                  0.02007468        93
  251330        0.00021038        op    106342    106343                  0.01956490        93
  190918        0.00019580        op     60501     60502                  0.02682436       137
  190919        0.00019580        om     60501     60502                  0.02682436       137
  106342        0.00018183    a_iajb    106342                            0.01981979       109

  ==> Add operator: op -1: 107789 107790
  ==> Current qubit order: 0  1  2  3  6  7  8  9  10  11  12  13  14  15  16  17  18  19  20  21  22  23  24  25  26  27  4  5  56  57  28  29  30  31  32  33  34  35  36  37  38  39  40  41  42  43  44  46  47  49  50  51  52  53  58  45  48  64  65  59  60  61  67  68  62  63  66  69  70  71  84  72  85  54  55  76  74  75  73  77  78  79  80  81  82  83  86  87  88  89  90  91  92  93  94  95  96  97  98  99  100  101  102  103  104  105  106  107  108  109  110  111  


  ==> Energy                -289.334600890
  ==> dE                       -1.54e-04
  ==> Gradient Norm             2.81e-01
  ==> Abs. Max. Deriv.          3.52e-02
  ==> Time-Grad. (s)             277.255
  ==> Time-Energy (s)             30.477
  ==> Time-Iter. (s)             309.799

--------------------------------------------------------------------------------
CEO-ADAPT-VQE iteration: 9
--------------------------------------------------------------------------------
    gate        derivative      name       op1       op2       op3        g_unscaled   penalty
  253470       -0.00018426        op    107697    107698                 -0.01234565        67
  253471       -0.00018426        om    107697    107698                 -0.01234565        67
     166        0.00017149      a_ia       166                            0.00068598         4
  247548        0.00016297        op    103191    103192                  0.01580765        97
  247549        0.00016297        om    103191    103192                  0.01580765        97
  107697       -0.00014874    a_iajb    107697                           -0.01234565        83
  103191        0.00013989    a_iajb    103191                            0.01580765       113
  246932       -0.00013677        op    102740    102741                 -0.00943705        69
  246933       -0.00013677        om    102740    102741                 -0.00943705        69
  251600       -0.00012863        op    106265    106266                 -0.01350655       105

  ==> Add operator: op -1: 107697 107698
  ==> Current qubit order: 0  1  2  3  6  7  8  9  10  11  12  13  14  15  16  17  18  19  20  21  22  23  24  25  26  27  4  5  56  57  28  29  30  31  32  33  34  35  36  37  38  39  40  41  42  43  44  46  47  49  50  51  52  53  58  45  48  65  59  60  61  67  68  62  63  66  64  71  54  55  69  70  84  72  85  76  74  75  73  77  78  79  80  81  82  83  86  87  88  89  90  91  92  93  94  95  96  97  98  99  100  101  102  103  104  105  106  107  108  109  110  111  


  ==> Energy                -289.334635810
  ==> dE                       -3.49e-05
  ==> Gradient Norm             2.21e-01
  ==> Abs. Max. Deriv.          2.33e-02
  ==> Time-Grad. (s)             279.248
  ==> Time-Energy (s)             18.795
  ==> Time-Iter. (s)             300.058

--------------------------------------------------------------------------------
CEO-ADAPT-VQE iteration: 10
--------------------------------------------------------------------------------
    gate        derivative      name       op1       op2       op3        g_unscaled   penalty
  252752        0.00020075        op    107431    107432                  0.00863206        43
  252753        0.00020075        om    107431    107432                  0.00863206        43
  107431        0.00014631    a_iajb    107431                            0.00863206        59
     180       -0.00013016      a_ia       180                           -0.00078097         6
  236996        0.00012857        op     95506     95507                  0.03407146       265
  236997        0.00012857        om     95506     95507                  0.03407146       265
   95506        0.00012125    a_iajb     95506                            0.03407146       281
  246920        0.00010063        op    102973    102974                  0.01479329       147
  246921        0.00010063        om    102973    102974                  0.01479329       147
  227326        0.00009533        op     88107     88108                  0.03212591       337

  ==> Add operator: op -1: 107431 107432
  ==> Current qubit order: 0  1  2  3  6  7  8  9  10  11  12  13  14  15  16  17  18  19  20  21  22  23  24  25  26  27  4  5  56  57  28  29  30  31  32  33  34  35  36  37  38  39  40  41  42  43  44  46  47  49  50  51  52  53  58  45  48  65  59  60  61  67  68  62  63  66  64  71  69  70  84  54  55  72  75  85  76  74  73  77  78  79  80  81  82  83  86  87  88  89  90  91  92  93  94  95  96  97  98  99  100  101  102  103  104  105  106  107  108  109  110  111  


  ==> Energy                -289.334649773
  ==> dE                       -1.40e-05
  ==> Gradient Norm             2.17e-01
  ==> Abs. Max. Deriv.          3.41e-02
  ==> Time-Grad. (s)             300.265
  ==> Time-Energy (s)             18.226
  ==> Time-Iter. (s)             320.790

--------------------------------------------------------------------------------
CEO-ADAPT-VQE iteration: 11
--------------------------------------------------------------------------------
    gate        derivative      name       op1       op2       op3        g_unscaled   penalty
  253070       -0.00042997        op    107714    107715                 -0.02450824        57
  253071       -0.00042997        om    107714    107715                 -0.02450824        57
  107714       -0.00033573    a_iajb    107714                           -0.02450824        73
  249019        0.00029009        om    104640    104641                  0.01653487        57
  249018        0.00029009        op    104640    104641                  0.01653486        57
  104640        0.00022651    a_iajb    104640                            0.01653487        73
  230498        0.00019762        op     90494     90495                  0.02983992       151
  230499        0.00019762        om     90494     90495                  0.02983992       151
     190       -0.00019432      a_ia       190                           -0.00077728         4
   90494        0.00017868    a_iajb     90494                            0.02983992       167

  ==> Add operator: op -1: 107714 107715
  ==> Current qubit order: 0  1  2  3  6  7  8  9  10  11  12  13  14  15  16  17  18  19  20  21  22  23  24  25  26  27  4  5  56  57  28  29  30  31  32  33  34  35  36  37  38  39  40  41  42  43  44  46  47  49  50  51  52  53  58  45  48  65  59  60  61  67  62  63  66  64  71  69  68  54  55  85  70  84  72  75  76  74  73  77  78  79  80  81  82  83  86  87  88  89  90  91  92  93  94  95  96  97  98  99  100  101  102  103  104  105  106  107  108  109  110  111  


  ==> Energy                -289.334747880
  ==> dE                       -9.81e-05
  ==> Gradient Norm             2.36e-01
  ==> Abs. Max. Deriv.          2.98e-02
  ==> Time-Grad. (s)             291.957
  ==> Time-Energy (s)             17.499
  ==> Time-Iter. (s)             311.469

--------------------------------------------------------------------------------
CEO-ADAPT-VQE iteration: 12
--------------------------------------------------------------------------------
    gate        derivative      name       op1       op2       op3        g_unscaled   penalty
  253206        0.00050951        op    107691    107692                  0.03108013        61
  253207        0.00050951        om    107691    107692                  0.03108013        61
  253198       -0.00043610        op    107683    107684                 -0.01962467        45
  253199       -0.00043610        om    107683    107684                 -0.01962467        45
  107691        0.00040364    a_iajb    107691                            0.03108013        77
  107683       -0.00032172    a_iajb    107683                           -0.01962467        61
     208       -0.00013045      a_ia       208                           -0.00078271         6
  216706       -0.00012374        op     80083     80084                 -0.01744675       141
  216707       -0.00012374        om     80083     80084                 -0.01744675       141
   80083       -0.00011113    a_iajb     80083                           -0.01744675       157

  ==> Add operator: op -1: 107691 107692
  ==> Current qubit order: 0  1  2  3  6  7  8  9  10  11  12  13  14  15  16  17  18  19  20  21  22  23  24  25  26  27  4  5  56  57  28  29  30  31  32  33  34  35  36  37  38  39  40  41  42  43  44  46  47  49  50  51  52  53  58  45  48  65  59  60  61  67  62  63  66  64  71  69  68  85  70  84  72  54  55  78  79  75  76  74  73  77  80  81  82  83  86  87  88  89  90  91  92  93  94  95  96  97  98  99  100  101  102  103  104  105  106  107  108  109  110  111  


  ==> Energy                -289.334914144
  ==> dE                       -1.66e-04
  ==> Gradient Norm             2.31e-01
  ==> Abs. Max. Deriv.          3.11e-02
  ==> Time-Grad. (s)             216.026
  ==> Time-Energy (s)             17.857
  ==> Time-Iter. (s)             235.803

--------------------------------------------------------------------------------
CEO-ADAPT-VQE iteration: 13
--------------------------------------------------------------------------------
    gate        derivative      name       op1       op2       op3        g_unscaled   penalty
  217992        0.00020577        op     81154     81155                  0.02160613       105
  217993        0.00020577        om     81154     81155                  0.02160613       105
  252044       -0.00019393        op    107121    107122                 -0.02269022       117
  252045       -0.00019393        om    107121    107122                 -0.02269022       117
   81154        0.00017856    a_iajb     81154                            0.02160613       121
  107121       -0.00017060    a_iajb    107121                           -0.02269022       133
     220       -0.00015380      a_ia       220                           -0.00153805        10
  252042        0.00015076        op    107119    107120                  0.01341750        89
  252043        0.00015076        om    107119    107120                  0.01341750        89
     223       -0.00014158      a_ia       223                           -0.00084946         6

  ==> Add operator: op -1: 81154 81155
  ==> Current qubit order: 0  1  2  3  6  7  8  9  10  11  12  13  14  16  17  18  19  20  21  22  23  24  25  26  27  4  5  15  56  57  52  28  29  30  31  32  33  34  35  36  37  38  39  40  41  42  43  44  46  47  49  50  51  53  58  45  48  65  59  60  61  67  62  63  66  64  71  69  68  85  70  84  72  54  55  78  79  75  76  74  73  77  80  81  82  83  86  87  88  89  90  91  92  93  94  95  96  97  98  99  100  101  102  103  104  105  106  107  108  109  110  111  


  ==> Energy                -289.335015640
  ==> dE                       -1.01e-04
  ==> Gradient Norm             2.21e-01
  ==> Abs. Max. Deriv.          2.27e-02
  ==> Time-Grad. (s)             267.855
  ==> Time-Energy (s)             18.815
  ==> Time-Iter. (s)             288.728

--------------------------------------------------------------------------------
CEO-ADAPT-VQE iteration: 14
--------------------------------------------------------------------------------
    gate        derivative      name       op1       op2       op3        g_unscaled   penalty
     234       -0.00015274      a_ia       234                           -0.00152736        10
     238       -0.00014130      a_ia       238                           -0.00084783         6
     219        0.00011857      a_ia       219                            0.00142286        12
  250715        0.00010877        op    105886    105887                  0.00924512        85
  250716        0.00010877        om    105886    105887                  0.00924509        85
  252778       -0.00009994        om    107471    107472                 -0.00749551        75
  252777       -0.00009740        op    107471    107472                 -0.00730530        75
  105886        0.00009154    a_iajb    105886                            0.00924511       101
     214        0.00009132      a_ia       214                            0.00438341        48
     239        0.00008526      a_ia       239                            0.00085257        10

  ==> Add operator: a_ia 234
  ==> Current qubit order: 0  1  2  3  6  7  8  9  10  11  12  13  14  16  17  18  19  20  21  22  23  24  25  26  27  4  5  15  56  57  52  28  29  30  31  32  33  34  35  36  37  38  39  40  41  42  43  44  46  47  49  50  51  58  45  48  65  53  59  60  61  67  62  63  66  64  71  69  68  85  70  84  72  54  55  78  79  75  76  74  73  77  80  81  82  83  86  87  88  89  90  91  92  93  94  95  96  97  98  99  100  101  102  103  104  105  106  107  108  109  110  111  


  ==> Energy                -289.335016814
  ==> dE                       -1.17e-06
  ==> Gradient Norm             2.16e-01
  ==> Abs. Max. Deriv.          2.02e-02
  ==> Time-Grad. (s)             288.334
  ==> Time-Energy (s)             12.469
  ==> Time-Iter. (s)             302.901

--------------------------------------------------------------------------------
CEO-ADAPT-VQE iteration: 15
--------------------------------------------------------------------------------
    gate        derivative      name       op1       op2       op3        g_unscaled   penalty
  246581        0.00023659        op    103179    103180                  0.02010998        85
  246582        0.00023659        om    103179    103180                  0.02010998        85
     260       -0.00022165      a_ia       260                           -0.00088660         4
  103179        0.00019911    a_iajb    103179                            0.02010998       101
     258       -0.00013903      a_ia       258                           -0.00083417         6
  249927        0.00012543        op    105715    105716                  0.00940703        75
  249928        0.00011901        om    105715    105716                  0.00892582        75
     161        0.00011251      a_ia       161                            0.00067507         6
  215017        0.00010974        op     79070     79071                  0.01240084       113
  215018        0.00010974        op     79070     79071                  0.01240084       113

  ==> Add operator: op -1: 103179 103180
  ==> Current qubit order: 0  1  2  3  6  7  8  9  10  11  12  13  14  16  17  18  19  20  21  22  23  24  25  26  27  4  5  15  56  57  52  28  29  30  31  32  33  34  35  36  37  38  39  40  41  44  46  47  49  50  51  58  42  43  67  66  45  48  65  53  59  60  61  62  63  64  71  69  68  85  70  84  72  54  55  78  79  75  76  74  73  77  80  81  82  83  86  87  88  89  90  91  92  93  94  95  96  97  98  99  100  101  102  103  104  105  106  107  108  109  110  111  


  ==> Energy                -289.335086861
  ==> dE                       -7.00e-05
  ==> Gradient Norm             2.26e-01
  ==> Abs. Max. Deriv.          2.22e-02
  ==> Time-Grad. (s)             296.828
  ==> Time-Energy (s)             19.344
  ==> Time-Iter. (s)             318.333

--------------------------------------------------------------------------------
CEO-ADAPT-VQE iteration: 16
--------------------------------------------------------------------------------
    gate        derivative      name       op1       op2       op3        g_unscaled   penalty
  197876        0.00041811        op     66054     66055                  0.01463380        35
  197877        0.00041811        om     66054     66055                  0.01463380        35
  244386       -0.00028850        op    101287    101288                 -0.02336826        81
  244387       -0.00028850        om    101287    101288                 -0.02336826        81
   66054        0.00028694    a_iajb     66054                            0.01463380        51
  101287       -0.00024091    a_iajb    101287                           -0.02336826        97
     275       -0.00022347      a_ia       275                           -0.00089388         4
     273       -0.00013898      a_ia       273                           -0.00083389         6
  240922        0.00013800        op     98735     98736                  0.03546624       257
  240923        0.00013800        om     98735     98736                  0.03546624       257

  ==> Add operator: op -1: 66054 66055
  ==> Current qubit order: 0  1  2  3  6  7  8  9  10  11  12  13  14  16  17  18  19  20  21  22  23  24  25  26  27  4  15  5  56  57  52  28  29  30  31  32  33  34  35  36  37  38  39  40  41  44  46  47  49  50  51  58  42  43  67  66  45  48  65  53  59  60  61  62  63  64  71  69  68  85  70  84  72  54  55  78  79  75  76  74  73  77  80  81  82  83  86  87  88  89  90  91  92  93  94  95  96  97  98  99  100  101  102  103  104  105  106  107  108  109  110  111  


  ==> Energy                -289.335124567
  ==> dE                       -3.77e-05
  ==> Gradient Norm             2.27e-01
  ==> Abs. Max. Deriv.          3.55e-02
  ==> Time-Grad. (s)             286.884
  ==> Time-Energy (s)             18.913
  ==> Time-Iter. (s)             307.846

--------------------------------------------------------------------------------
CEO-ADAPT-VQE iteration: 17
--------------------------------------------------------------------------------
    gate        derivative      name       op1       op2       op3        g_unscaled   penalty
  249406        0.00048525        op    105443    105444                  0.02474770        51
  249407        0.00048525        om    105443    105444                  0.02474770        51
  105443        0.00036937    a_iajb    105443                            0.02474770        67
     302       -0.00022294      a_ia       302                           -0.00089176         4
     300       -0.00013921      a_ia       300                           -0.00083528         6
     277        0.00011861      a_ia       277                            0.00142335        12
     185        0.00011010      a_ia       185                            0.00066061         6
  251834        0.00011002        op    107295    107296                  0.00495071        45
  251835        0.00011002        om    107295    107296                  0.00495071        45
  193370        0.00010014        op     62760     62761                  0.02753862       275

  ==> Add operator: op -1: 105443 105444
  ==> Current qubit order: 0  1  2  3  6  7  8  9  10  11  12  13  14  16  17  18  19  20  21  22  23  24  25  26  27  4  15  5  56  57  52  28  29  30  31  32  33  34  35  36  37  38  39  40  41  44  46  47  49  50  51  58  42  43  67  66  45  59  60  48  65  53  64  61  62  63  71  69  68  85  70  84  72  54  55  78  79  75  76  74  73  77  80  81  82  83  86  87  88  89  90  91  92  93  94  95  96  97  98  99  100  101  102  103  104  105  106  107  108  109  110  111  


  ==> Energy                -289.335264894
  ==> dE                       -1.40e-04
  ==> Gradient Norm             2.23e-01
  ==> Abs. Max. Deriv.          2.75e-02
  ==> Time-Grad. (s)             226.654
  ==> Time-Energy (s)              0.865
  ==> Time-Iter. (s)             229.561

--------------------------------------------------------------------------------
CEO-ADAPT-VQE iteration: 18
--------------------------------------------------------------------------------
    gate        derivative      name       op1       op2       op3        g_unscaled   penalty
     318       -0.00022228      a_ia       318                           -0.00088912         4
     372       -0.00017111      a_ia       372                           -0.00034221         2
  251913        0.00015083        op    107347    107348                  0.00678720        45
  251914        0.00015083        om    107347    107348                  0.00678720        45
     316       -0.00013976      a_ia       316                           -0.00083854         6
     292        0.00013434      a_ia       292                            0.00134341        10
  245385       -0.00011261        op    102442    102443                 -0.02263399       201
  245386       -0.00011261        om    102442    102443                 -0.02263399       201
  107347        0.00011127    a_iajb    107347                            0.00678720        61
  246233       -0.00011084        op    103074    103075                 -0.01385523       125

  ==> Add operator: a_ia 318
  ==> Current qubit order: 0  1  2  3  6  7  8  9  10  11  12  13  14  16  17  18  19  20  21  22  23  24  25  26  27  4  15  5  56  57  52  28  29  30  31  32  33  34  35  36  37  38  39  40  41  44  46  47  49  50  51  58  42  43  67  66  45  59  60  48  65  53  64  61  62  63  71  69  68  85  70  84  72  55  54  78  79  75  76  74  73  77  80  81  82  83  86  87  88  89  90  91  92  93  94  95  96  97  98  99  100  101  102  103  104  105  106  107  108  109  110  111  


  ==> Energy                -289.335265185
  ==> dE                       -2.91e-07
  ==> Gradient Norm             2.15e-01
  ==> Abs. Max. Deriv.          2.26e-02
  ==> Time-Grad. (s)             242.566
  ==> Time-Energy (s)              1.369
  ==> Time-Iter. (s)             246.225

--------------------------------------------------------------------------------
CEO-ADAPT-VQE iteration: 19
--------------------------------------------------------------------------------
    gate        derivative      name       op1       op2       op3        g_unscaled   penalty
     332       -0.00070307      a_ia       332                           -0.00140614         2
     396       -0.00017105      a_ia       396                           -0.00034211         2
  251338        0.00014037        op    106982    106983                  0.01052756        75
  251339        0.00014037        op    106982    106983                  0.01052756        75
  251342        0.00013842        op    106982    106984                  0.01038147        75
  251343        0.00013842        op    106982    106984                  0.01038147        75
     312        0.00013426      a_ia       312                            0.00134260        10
  106982        0.00011408    a_iajb    106982                            0.01038147        91
     209        0.00010933      a_ia       209                            0.00065600         6
  236452       -0.00010888        op     95654     95655                 -0.01012612        93

  ==> Add operator: a_ia 332
  ==> Current qubit order: 0  1  2  3  6  7  8  9  10  11  12  13  14  16  17  18  19  20  21  22  23  24  25  26  27  4  15  5  56  57  52  28  29  30  31  32  33  34  35  36  37  38  39  40  41  44  46  47  49  50  51  58  42  43  67  66  45  59  60  48  65  53  64  61  62  63  71  69  68  85  70  84  72  55  54  78  79  75  76  74  73  77  80  81  82  83  86  87  88  89  90  91  92  93  94  95  96  97  98  99  100  101  102  103  104  105  106  107  108  109  110  111  


  ==> Energy                -289.335266177
  ==> dE                       -9.92e-07
  ==> Gradient Norm             2.19e-01
  ==> Abs. Max. Deriv.          2.14e-02
  ==> Time-Grad. (s)             296.143
  ==> Time-Energy (s)              1.405
  ==> Time-Iter. (s)             299.533

--------------------------------------------------------------------------------

--------------------------------------------------------------------------------
RESTART
--------------------------------------------------------------------------------

Last Energy: -289.335312159

--------------------------------------------------------------------------------
CEO-ADAPT-VQE iteration: 20
--------------------------------------------------------------------------------
