op     26   28   82   84   28   26   82   84                       -0.04277637942157749840                                                    
op     27   28   83   84   28   27   83   84                       -0.01557073372585792911                                                    
op     27   34   83   89   34   27   83   89                       -0.00521101931629208009                                                    
op     27   42   83   98   42   27   83   98                       -0.01670153276921355207                                                    
op     24   32   78   88   32   24   78   88                       -0.00676018015435832578                                                    
op     27   37   83   93   37   27   83   93                       -0.01225968435243832665                                                    
op      2   28   58   84   28    2   58   84                       -0.00669647403063981881                                                    
op     27   38   83   98   38   27   83   98                        0.00987957587564430688                                                    
op     27   32   83   91   32   27   83   91                        0.00566159188920449703                                                    
op     27   36   83   93   36   27   83   93                       -0.00322815109558359774                                                    
op     27   34   83   98   34   27   83   98                        0.00800597870757657065                                                    
op     27   39   83   95   39   27   83   95                       -0.01068712055460742556                                                    
