op     26   28   82   84   28   26   82   84                       -0.04277649473216250942                                                    
op     27   28   83   84   28   27   83   84                       -0.01561233281315614098                                                    
op     27   34   83   89   34   27   83   89                       -0.00500796679863198171                                                    
op     27   42   83   98   42   27   83   98                       -0.01647510983904940454                                                    
op     24   32   78   88   32   24   78   88                       -0.00676015499547292197                                                    
op     27   37   83   93   37   27   83   93                       -0.01224873873164009086                                                    
op      2   28   58   84   28    2   58   84                       -0.00669635250965872671                                                    
op     27   38   83   98   38   27   83   98                        0.00974223784025842095                                                    
op     27   32   83   91   32   27   83   91                        0.00565254776721895152                                                    
op     27   36   83   93   36   27   83   93                       -0.00323412391315645821                                                    
