op     29   32   93   96   32   29   93   96                       -0.03729199401962677435                                                    
op     29   33   93   97   33   29   93   97                       -0.02970728768600709377                                                    
mvp2   29   33   91   96   33   29   91   96                        0.00890691666929932339    0.00035895771293708136                          
a_ia   95   97                                                     -0.00002376770277685853                                                    
a_ia   95   97                                                     -0.00038583069825031535                                                    
op      2   33   66   97   33    2   66   97                       -0.00517374270686550824                                                    
op      1   33   65   97   33    1   65   97                       -0.00511524456999162911                                                    
op      2   39   66  103   39    2   66  103                       -0.00571723232120014812                                                    
op      2   32   66   96   32    2   66   96                       -0.00313191750447457552                                                    
op     30   44   94  108   44   30   94  108                       -0.00797848467013363878                                                    
a_ia   92   93                                                     -0.32241770825930521349                                                    
mvp2   29   32   85   97   32   29   85   97                       -0.01228817079584082657    0.01042015706536537564                          
a_ia   23   29                                                      0.26834159493420139952                                                    
op     23   39   87  103   39   23   87  103                       -0.00747516925275357701                                                    
op     31   32   95   96   32   31   95   96                       -0.00992854166560860896                                                    
mvp2   27   33   93   96   33   27   93   96                        0.01024599024217952466    0.03240987503442172707                          
op     24   39   89  103   39   24   89  103                        0.00306364827478207988                                                    
mvp2   29   35   93   96   35   29   93   96                        0.00752525019825697576    0.06950872570918514848                          
op     25   39   89  103   39   25   89  103                       -0.00829038438954936459                                                    
mvp2   21   32   85   96   32   21   85   96                       -0.00971643096807086638    1.53909682793278856927                          
