op     29   32   93   96   32   29   93   96                       -0.03483775795776139494                                                    
op     29   33   93   97   33   29   93   97                       -0.02788611470410318205                                                    
mvp2   29   33   91   96   33   29   91   96                        0.00887542604617974802    0.00019758490087467737                          
a_ia   95   97                                                      0.00000000000000000000                                                    
a_ia   95   97                                                     -0.00036206299547345683                                                    
op      2   33   66   97   33    2   66   97                       -0.00552026551791214189                                                    
op      1   33   65   97   33    1   65   97                       -0.00513400454316852075                                                    
op      2   39   66  103   39    2   66  103                       -0.00574439974780700281                                                    
op      2   32   66   96   32    2   66   96                       -0.00316755233330860177                                                    
op     30   44   94  108   44   30   94  108                       -0.00797825722475803932                                                    
