op     29   32   93   96   32   29   93   96                       -0.04156518080490386596                                                    
op     29   33   93   97   33   29   93   97                       -0.03038376381069363835                                                    
mvp2   29   33   91   96   33   29   91   96                        0.01007961665068610527    0.04172748712715531466                          
a_ia   95   97                                                     -0.00011708477643042716                                                    
a_ia   95   97                                                     -0.00047914777190388480                                                    
op      2   33   66   97   33    2   66   97                       -0.00535366466657438093                                                    
op      1   33   65   97   33    1   65   97                       -0.00511517756762387959                                                    
op      2   39   66  103   39    2   66  103                       -0.00558266198362428970                                                    
op      2   32   66   96   32    2   66   96                       -0.00317680786167737726                                                    
op     30   44   94  108   44   30   94  108                       -0.00798079822097854524                                                    
a_ia   92   93                                                     -0.32142730891880644251                                                    
mvp2   29   32   85   97   32   29   85   97                       -0.01241512058723336434    0.32052395726816462762                          
a_ia   23   29                                                      0.27476948943413492810                                                    
op     23   39   87  103   39   23   87  103                       -0.00741066636700135443                                                    
op     31   32   95   96   32   31   95   96                       -0.00983015548754069025                                                    
mvp2   27   33   93   96   33   27   93   96                        0.01011382440122732089    0.03406234193230878171                          
op     24   39   89  103   39   24   89  103                        0.00330529724361507083                                                    
mvp2   29   35   93   96   35   29   93   96                        0.00764893939719175735    0.07014054634956949641                          
op     25   39   89  103   39   25   89  103                       -0.00841364601636803398                                                    
mvp2   21   32   85   96   32   21   85   96                       -0.00965888703488574328    1.53911517738471692596                          
mvp2   15   32   93   97   32   15   93   97                        0.00575446441199263439    0.01088760145310158252                          
op     29   43   95  110   43   29   95  110                        0.00995028380492335961                                                    
