op     16   18   52   54   18   16   52   54                       -0.06099055085433020135                                                    
op     17   19   53   55   19   17   53   55                       -0.02054912526673083675                                                    
op     16   19   51   54   19   16   51   54                        0.01707980044197103878                                                    
a_ia   52   54                                                     -0.00419719958588789244                                                    
a_ia   16   19                                                      0.00494536909307193191                                                    
op     15   19   51   55   19   15   51   55                       -0.03136666961419624228                                                    
op     13   21   49   57   21   13   49   57                       -0.03028315374499794543                                                    
a_ia   13   21                                                     -0.00660671800562662604                                                    
a_ia   51   57                                                      0.00134320764450978876                                                    
mvp2   16   19   51   55   19   16   51   55                        0.02230264825437454704    0.00238257562419481395                          
op     17   20   53   56   20   17   53   56                       -0.00960878689072141266                                                    
a_ia   48   54                                                      0.00257759903162321216                                                    
mvp2   13   21   45   57   21   13   45   57                       -0.01516886016124313792    0.00056581392270148453                          
a_ia   45   57                                                     -0.00254459015285937338                                                    
mvp2   16   19   52   55   19   16   52   55                       -0.01502818433591053028    0.00089648178318018398                          
op     17   22   53   58   22   17   53   58                       -0.02429603286722823233                                                    
mvp2   15   18   52   55   18   15   52   55                        0.01427664259720931757   -0.00283494171504955657                          
a_ia   16   21                                                     -0.00279020829239840602                                                    
op      8   21   49   57   21    8   49   57                        0.01386988715672325331                                                    
mvp2   16   18   48   54   18   16   48   54                        0.02472592036343236946    0.00357522866027546252                          
a_ia   48   57                                                     -0.00071002726011458320                                                    
mvp2   52   58   53   59   52   53   58   59                       -0.00197064537211219266    0.09923067406018105940                          
om     17   22   53   63   22   17   53   63                       -0.01495893759399477725                                                    
a_ia   17   22                                                      0.00178200905394883735                                                    
a_ia   51   52                                                     -0.26804935184611783372                                                    
mvp2   17   27   53   58   27   17   53   58                       -0.01980040190973414091   -0.02403215386349828384                          
a_ia   52   59                                                     -0.00162060761542073026                                                    
a_ia   16   18                                                     -0.00640251690607854772                                                    
a_ia   13   18                                                     -0.00085314629839221257                                                    
a_ia   58   63                                                     -0.01264282610354609121                                                    
op      9   21   49   57   21    9   49   57                       -0.01572750361087083687                                                    
a_ia    9   21                                                     -0.00267442647821871868                                                    
a_ia   52   55                                                      0.00459614484152038975                                                    
op     15   25   51   61   25   15   51   61                       -0.00967210674571304489                                                    
mvp2   15   19   52   54   19   15   52   54                        0.01647315610520101725   -0.00410517996180550029                          
mvp2   15   25   53   58   25   15   53   58                        0.01024905708066848643    0.27194590813350932867                          
a_ia   53   61                                                      0.00096190220997089055                                                    
mvp2    9   21   47   57   21    9   47   57                        0.00178070030588042350   -0.64551840095269463760                          
mvp2   17   27   53   63   27   17   53   63                       -0.01550747546080877975    0.89292588650355941837                          
op     17   26   53   56   26   17   53   56                        0.00902691867243134161                                                    
a_ia   57   66                                                      0.41329816437478933411                                                    
a_ia   12   16                                                      0.34888070773076795827                                                    
a_ia   45   51                                                     -0.23810558999006958825                                                    
a_ia   54   56                                                      0.24317078460169397336                                                    
a_ia    9   15                                                     -0.27264673261152672090                                                    
a_ia   21   30                                                      0.48770755179947000713                                                    
a_ia    9   17                                                      0.09197004207761369510                                                    
a_ia   45   53                                                      0.08370703898206041660                                                    
a_ia   18   19                                                     -0.10519694905518504890                                                    
om     12   19   51   55   19   12   51   55                        0.00961301095544676854                                                    
mvp2   17   22   52   59   22   17   52   59                        0.00823857328940185395   -0.17761090947159050013                          
a_ia   12   13                                                     -0.21289885645616390963                                                    
mvp2   15   18   51   54   18   15   51   54                       -0.02592470740054065095    0.01090243958526860256                          
a_ia   18   25                                                      0.08398168472769636239                                                    
a_ia   47   49                                                      0.25617029585759087951                                                    
mvp2   17   27   52   59   27   17   52   59                        0.00728851835682961177   -0.12059866633931885793                          
a_ia   54   58                                                     -0.10497664746120907719                                                    
a_ia    8   17                                                     -0.07176605653951304009                                                    
op     10   19   46   55   19   10   46   55                       -0.01081191809974796532                                                    
a_ia   46   55                                                     -0.00146544370012659502                                                    
a_ia   48   55                                                     -0.00227523836033137689                                                    
a_ia   50   55                                                     -0.00138039429210801189                                                    
a_ia   17   27                                                      0.00065399310137743874                                                    
a_ia   13   16                                                      0.08101865012541764610                                                    
a_ia   44   49                                                      0.43323152317269991718                                                    
a_ia   10   19                                                     -0.00144268451495414732                                                    
