op     16   18   52   54   18   16   52   54                       -0.05353287712850447050                                                    
op     17   19   53   55   19   17   53   55                       -0.02177143611692267458                                                    
op     16   19   51   54   19   16   51   54                        0.01541446009971452272                                                    
a_ia   52   54                                                     -0.00636183805753618489                                                    
a_ia   16   19                                                      0.00522209398792231310                                                    
op     15   19   51   55   19   15   51   55                       -0.02868295512693929891                                                    
op     13   21   49   57   21   13   49   57                       -0.02183658740304961557                                                    
a_ia   13   21                                                     -0.00552185397610935064                                                    
a_ia   51   57                                                      0.00138217242492896342                                                    
mvp2   16   19   51   55   19   16   51   55                        0.01944955231048797056    0.00083327901767213017                          
op     17   20   53   56   20   17   53   56                       -0.00907608814611553065                                                    
a_ia   48   54                                                      0.00352059686370336270                                                    
mvp2   13   21   45   57   21   13   45   57                       -0.01180687764089859149    0.00002493522938787260                          
a_ia   45   57                                                     -0.00206848203305351388                                                    
mvp2   16   19   52   55   19   16   52   55                       -0.01674923919863289049   -0.00022855928248042068                          
op     17   22   53   58   22   17   53   58                       -0.02392317333779383354                                                    
mvp2   15   18   52   55   18   15   52   55                        0.01401112338175736216   -0.00377158033421492664                          
a_ia   16   21                                                     -0.00165088109030234100                                                    
op      8   21   49   57   21    8   49   57                        0.00908577056725480038                                                    
mvp2   16   18   48   54   18   16   48   54                        0.02036509175194920265    0.00216991805433795846                          
a_ia   48   57                                                     -0.00114475790567963734                                                    
mvp2   52   58   53   59   52   53   58   59                       -0.00707023408425769100    0.10253044145387457675                          
om     17   22   53   63   22   17   53   63                       -0.01581412937623060885                                                    
a_ia   17   22                                                      0.00133599646420060319                                                    
a_ia   51   52                                                     -0.25303681578418424358                                                    
mvp2   17   27   53   58   27   17   53   58                       -0.01585673117114760194   -0.00009148733056347572                          
