op     16   18   52   54   18   16   52   54                       -0.05367273020553606916                                                    
op     17   19   53   55   19   17   53   55                       -0.02180387467590019779                                                    
op     16   19   51   54   19   16   51   54                        0.01545393739984811041                                                    
a_ia   52   54                                                     -0.00636283578607350041                                                    
a_ia   16   19                                                      0.00521681464641555494                                                    
op     15   19   51   55   19   15   51   55                       -0.02874381139328980803                                                    
op     13   21   49   57   21   13   49   57                       -0.02180869607545867297                                                    
a_ia   13   21                                                     -0.00551141884231904321                                                    
a_ia   51   57                                                      0.00138723523234941391                                                    
mvp2   16   19   51   55   19   16   51   55                        0.01954628948307817610    0.00083198337912428698                          
op     17   20   53   56   20   17   53   56                       -0.00903922989701851087                                                    
a_ia   48   54                                                      0.00352030742129765114                                                    
mvp2   13   21   45   57   21   13   45   57                       -0.01183494893047768066    0.00002478212683057781                          
a_ia   45   57                                                     -0.00204166800283919715                                                    
mvp2   16   19   52   55   19   16   52   55                       -0.01671300269564691271   -0.00023185278969561985                          
op     17   22   53   58   22   17   53   58                       -0.02285270155160254446                                                    
mvp2   15   18   52   55   18   15   52   55                        0.01402835811010286898   -0.00376387598579131779                          
a_ia   16   21                                                     -0.00164680728465269564                                                    
op      8   21   49   57   21    8   49   57                        0.00911471362535049359                                                    
mvp2   16   18   48   54   18   16   48   54                        0.02036794991966086113    0.00216179202298667425                          
a_ia   48   57                                                     -0.00113754448309814709                                                    
mvp2   52   58   53   59   52   53   58   59                       -0.00705230595674606522    0.10226154081317354039                          
om     17   22   53   63   22   17   53   63                       -0.01611695605641117607                                                    
a_ia   17   22                                                      0.00155707018018275242                                                    
a_ia   51   52                                                     -0.25313642869162306104                                                    
