op     16   18   52   54   18   16   52   54                       -0.06405600382572548823                                                    
op     17   19   53   55   19   17   53   55                       -0.02003387311362575876                                                    
op     16   19   51   54   19   16   51   54                        0.01798633151773373559                                                    
a_ia   52   54                                                     -0.00501735546655436310                                                    
a_ia   16   19                                                      0.00472238889635792376                                                    
op     15   19   51   55   19   15   51   55                       -0.03506223561094125307                                                    
op     13   21   49   57   21   13   49   57                       -0.02902719506332730390                                                    
a_ia   13   21                                                     -0.00709367517506787580                                                    
a_ia   51   57                                                      0.00108324310822025720                                                    
mvp2   16   19   51   55   19   16   51   55                        0.02363549456349361977    0.00172201757940363938                          
op     17   20   53   56   20   17   53   56                       -0.00955129131085476202                                                    
a_ia   48   54                                                      0.00269767879567916948                                                    
mvp2   13   21   45   57   21   13   45   57                       -0.01431494496928153830    0.00104845803570460718                          
a_ia   45   57                                                     -0.00304478256646797171                                                    
mvp2   16   19   52   55   19   16   52   55                       -0.01481017275703802073    0.00065173554950033452                          
op     17   22   53   58   22   17   53   58                       -0.02700386162722610145                                                    
mvp2   15   18   52   55   18   15   52   55                        0.01364434969021311242   -0.00307135340391005230                          
a_ia   16   21                                                     -0.00238831743171151554                                                    
op      8   21   49   57   21    8   49   57                        0.01246412688191371465                                                    
mvp2   16   18   48   54   18   16   48   54                        0.02699804602389021396    0.00354106801480104936                          
a_ia   48   57                                                     -0.00071880702826667569                                                    
mvp2   52   58   53   59   52   53   58   59                       -0.00248983358445700785    0.10203271711760189544                          
om     17   22   53   63   22   17   53   63                       -0.02195975662871514980                                                    
a_ia   17   22                                                      0.00215416486584082360                                                    
a_ia   51   52                                                     -0.26101036768281626888                                                    
mvp2   17   27   53   58   27   17   53   58                       -0.01887301080235899431   -0.02613943460906633862                          
a_ia   52   59                                                     -0.00167885719368534962                                                    
a_ia   16   18                                                     -0.00631572781294426240                                                    
a_ia   13   18                                                     -0.00162128081778582095                                                    
a_ia   58   63                                                     -0.01067232544624313086                                                    
op      9   21   49   57   21    9   49   57                       -0.01424236162263755982                                                    
a_ia    9   21                                                     -0.00423665533025209366                                                    
a_ia   52   55                                                      0.00442312855383372727                                                    
op     15   25   51   61   25   15   51   61                       -0.01066181032143257573                                                    
mvp2   15   19   52   54   19   15   52   54                        0.01668337610514463235   -0.00403941741737673995                          
mvp2   15   25   53   58   25   15   53   58                        0.01133938044883412224    0.26508802693633315428                          
a_ia   53   61                                                      0.00112094369622017190                                                    
mvp2    9   21   47   57   21    9   47   57                        0.00538149769877319627   -0.64718733467046185570                          
mvp2   17   27   53   63   27   17   53   63                       -0.01570846468510285476    0.89439467977225428630                          
op     17   26   53   56   26   17   53   56                        0.00884062009800032703                                                    
a_ia   57   66                                                      0.39919169828954537138                                                    
a_ia   12   16                                                      0.34358347325845101095                                                    
a_ia   45   51                                                     -0.23717442664313945211                                                    
a_ia   54   56                                                      0.24277825888434534374                                                    
a_ia    9   15                                                     -0.27220174876491798344                                                    
a_ia   21   30                                                      0.48696621153944985583                                                    
a_ia    9   17                                                      0.09163777755502774958                                                    
a_ia   45   53                                                      0.08229561352423062082                                                    
a_ia   18   19                                                     -0.10168415564408873897                                                    
om     12   19   51   55   19   12   51   55                        0.00981495300585668272                                                    
mvp2   17   22   52   59   22   17   52   59                        0.00743298290188118202   -0.17344682605308298085                          
a_ia   12   13                                                     -0.21189815143089557603                                                    
mvp2   15   18   51   54   18   15   51   54                       -0.02465823849822109184    0.01081731952518610006                          
a_ia   18   25                                                      0.08392018763451818131                                                    
a_ia   47   49                                                      0.25337697969992933889                                                    
mvp2   17   27   52   59   27   17   52   59                        0.00731885795144093885   -0.11873348800020980254                          
a_ia   54   58                                                     -0.10481458678675177609                                                    
a_ia    8   17                                                     -0.07137775839883349349                                                    
op     10   19   46   55   19   10   46   55                       -0.01066210990092229804                                                    
a_ia   46   55                                                     -0.00150076006329353910                                                    
