op     16   18   52   54   18   16   52   54                       -0.05166371204246039683                                                    
op     17   19   53   55   19   17   53   55                       -0.02275066572746135829                                                    
op     16   19   51   54   19   16   51   54                        0.01629536227812278942                                                    
a_ia   52   54                                                     -0.00648362322646312168                                                    
a_ia   16   19                                                      0.00385833218017056371                                                    
op     15   19   51   55   19   15   51   55                       -0.02626644826449590908                                                    
op     13   21   49   57   21   13   49   57                       -0.02153772388872004714                                                    
a_ia   13   21                                                     -0.00555063792923896938                                                    
a_ia   51   57                                                      0.00102478562404146570                                                    
mvp2   16   19   51   55   19   16   51   55                        0.01376352145760105158    0.00002688389773680703                          
op     17   20   53   56   20   17   53   56                       -0.00956998878002286550                                                    
a_ia   48   54                                                      0.00444928840386500397                                                    
mvp2   13   21   45   57   21   13   45   57                       -0.01195719270247853731    0.00002335729426898521                          
a_ia   45   57                                                     -0.00202210541476305437                                                    
