op     18   21   46   49   21   18   46   49                       -0.04712047612808664687                                                    
op     17   21   45   49   21   17   45   49                       -0.03854757584719974151                                                    
a_ia   20   21                                                      0.35196734221311143376                                                    
mvp2   43   48   46   49   43   46   49   48                       -0.01348984625995175435   -0.25768418897174161231                          
op     14   21   42   49   21   14   42   49                       -0.01268859817830548554                                                    
a_ia   42   49                                                      0.00604467813977505389                                                    
a_ia   14   21                                                      0.00530888473985722392                                                    
a_ia   18   22                                                     -0.00101357515774225162                                                    
mvp2   18   20   46   48   20   18   46   48                       -0.01321061796711211350   -0.00007899656851119293                          
a_ia   45   50                                                      0.00166650353598198357                                                    
