-4.224188201767519786e+02
-4.224520498559872976e+02
-4.224785897102544254e+02
-4.224895672894090808e+02
-4.225059902221198058e+02
-4.225240883175669069e+02
-4.225359991134063762e+02
-4.225433934559433169e+02
-4.225534235066771203e+02
-4.225594267546325113e+02
-4.225670573768065879e+02
-4.225714240013630274e+02
-4.225754388595581759e+02
-4.225806351805466079e+02
-4.225850893963930730e+02
-4.225864712725290815e+02
-4.225868454837013246e+02
-4.225897658724729808e+02
-4.225932059269704268e+02
-4.225958544578555234e+02
-4.225970613922983716e+02
-4.225981535332319936e+02
-4.226032811165587191e+02
-4.226040628084692230e+02
-4.226043634343146778e+02
-4.226055016468852159e+02
-4.226063436303601861e+02
-4.226096025700326777e+02
-4.226096575746539088e+02
-4.226103615465131043e+02
-4.226114294999034087e+02
-4.226115268765541941e+02
-4.226125463652534791e+02
-4.226153412745234164e+02
-4.226171597897334209e+02
-4.226172199156491729e+02
-4.226172716377043912e+02
-4.226173050309382120e+02
-4.226173681918339753e+02
-4.226174064974584894e+02
-4.226174651310990953e+02
-4.226175361709958906e+02
-4.226175953502188918e+02
-4.226176343462365139e+02
-4.226176865839207721e+02
-4.226177261982775235e+02
-4.226177530127379214e+02
-4.226177677647619930e+02
-4.226178314927543056e+02
-4.226178665171901798e+02
-4.226178924558224139e+02
-4.226179257122636272e+02
-4.226179791264480059e+02
-4.226179945989176758e+02
-4.226180462642716975e+02
-4.226180889809343171e+02
-4.226181376252059181e+02
-4.226181680278181716e+02
-4.226182067446317205e+02
-4.226182235693764824e+02
-4.226183451835912024e+02
-4.226183726155870772e+02
-4.226183864263423970e+02
-4.226184179415345170e+02
-4.226184467969579828e+02
-4.226184770250183078e+02
-4.226185038239490837e+02
-4.226185268845022165e+02
-4.226185492520223761e+02
-4.226185871503145108e+02
-4.226186008886814989e+02
-4.226186293059993204e+02
-4.226186460943316092e+02
-4.226186960941291773e+02
-4.226187020171618087e+02
-4.226187310385315072e+02
-4.226187523677353965e+02
-4.226187911781340745e+02
-4.226188107149989150e+02
-4.226221562682836748e+02
-4.226221654418902176e+02
-4.226221760058072050e+02
-4.226222270894680832e+02
-4.226222410072248863e+02
-4.226222763349024945e+02
-4.226222850274851908e+02
-4.226223931574037920e+02
-4.226224065669177890e+02
-4.226224327083127150e+02
-4.226224684285460853e+02
-4.226224925218161275e+02
-4.226225029768065724e+02
-4.226225538252476213e+02
-4.226225698449416086e+02
-4.226225821731368910e+02
-4.226225923725103826e+02
-4.226226236254067885e+02
-4.226226385503589995e+02
-4.226226598783276245e+02
-4.226226770752014090e+02
