9.999999917622284240e-01
9.999991063401955094e-01
9.999990982457095390e-01
9.999992340214102216e-01
9.999993448756003822e-01
9.999917240893267945e-01
9.999817757475597535e-01
9.999835344795445780e-01
9.999791199627481308e-01
9.983638523078524063e-01
9.982434640670008186e-01
9.983631967538354468e-01
9.983110346508352606e-01
9.962908037559582430e-01
9.957457226430821429e-01
9.973888904294667679e-01
9.990105669139096589e-01
9.978409570887041280e-01
9.988587575167366950e-01
9.967866358332206911e-01
9.970681403651242558e-01
9.958204627193754099e-01
9.944425318122536162e-01
9.937522587166576216e-01
9.935477345684043948e-01
9.933767293061561698e-01
9.929956008684490687e-01
9.920214432558775997e-01
9.918859912569548687e-01
1.154743452100556039e-02
6.813203647974618721e-03
7.653250509740677082e-03
1.630283185465808459e-03
6.868133884539179973e-03
2.859820725251567466e-03
2.305971518705757575e-03
4.310832795024827774e-03
2.387699352765070698e-03
1.052582819299338049e-03
1.609421782686296402e-03
1.054937900247435341e-03
6.083292853091467603e-04
5.486313128108353393e-04
1.268110930545497672e-03
8.743929863076517484e-04
1.765316875828655107e-03
2.031067220386860786e-03
3.788364538228530982e-03
1.293714036249106643e-03
1.710646721321840927e-03
1.847901571588366366e-03
2.568965847867952373e-03
1.824495970408724927e-03
2.171058740604026038e-03
1.896777770765796988e-03
1.709919657045997970e-03
3.951028400053107487e-03
