-9.821499766300715919e+02
-9.821719234599316906e+02
-9.821856485867652964e+02
-9.821942336770647444e+02
-9.822021053276513385e+02
-9.822092384041485502e+02
-9.822147063601624950e+02
-9.822183922397301785e+02
-9.822253142549114955e+02
-9.822307691730565011e+02
-9.822327276656337744e+02
-9.822377336238273529e+02
-9.822414488813333264e+02
-9.822449695482004017e+02
-9.822484942485555166e+02
-9.822525112101996001e+02
-9.822541721938072214e+02
-9.822556675223165712e+02
-9.822560121565790041e+02
-9.822575705785286573e+02
-9.822596848806359731e+02
-9.822606261836745034e+02
-9.822618027039609387e+02
-9.822630209134796360e+02
-9.822652756611432778e+02
-9.822661060369792949e+02
-9.822673684412343391e+02
-9.822689869871366000e+02
-9.822694290239504653e+02
-9.822717469397234709e+02
-9.822730280430807852e+02
-9.822740247918669638e+02
-9.822746607209669492e+02
-9.822758277274734837e+02
-9.822763290697710090e+02
-9.822786062242008711e+02
-9.822793011309939857e+02
-9.822797720910028829e+02
-9.822806424822935014e+02
-9.822811125780423254e+02
-9.822812604491206230e+02
-9.822815927304342267e+02
-9.822816597980680626e+02
-9.822818646483045768e+02
-9.822838192938479551e+02
-9.822845933986735645e+02
-9.822848617727763667e+02
-9.822864167262299588e+02
