-2.618198566513666492e+02
-2.618398633411046603e+02
-2.618507507573431212e+02
-2.618653805973850126e+02
-2.618695253864818824e+02
-2.618766328546033719e+02
-2.618770965039798284e+02
-2.618792496143499307e+02
-2.618803108003641000e+02
-2.618805336962393540e+02
-2.618805659850693246e+02
-2.618832035976383850e+02
-2.618835582495606218e+02
-2.618836267521623427e+02
-2.618852849913386081e+02
-2.618853346037412848e+02
-2.618853764730438343e+02
-2.618854196757860109e+02
-2.618877528677962800e+02
-2.618877833756056361e+02
-2.618878216190962576e+02
-2.618878218584676461e+02
-2.618878276431227050e+02
-2.618878279020999571e+02
-2.618879016143762328e+02
-2.618879080636638719e+02
-2.618880475620591710e+02
-2.618880540004547584e+02
-2.618880736367856343e+02
-2.618880748044501274e+02
-2.618881091436540487e+02
-2.618881092005914297e+02
-2.618881261818839334e+02
-2.618881264918518923e+02
