-2.617724553638967109e+02
-2.617927413256122691e+02
-2.618004524659728531e+02
-2.618099301619514563e+02
-2.618117906121509577e+02
-2.618189166865009838e+02
-2.618208484478070659e+02
-2.618208563132499762e+02
-2.618211667973232011e+02
-2.618227312252039383e+02
-2.618232078886700833e+02
-2.618238558815363604e+02
-2.618252909179140602e+02
-2.618274205415429492e+02
-2.618282846784449021e+02
-2.618282957526388373e+02
-2.618296707313470506e+02
-2.618304675948511431e+02
-2.618316545028492897e+02
-2.618316905364641798e+02
-2.618316976581479594e+02
-2.618319557431079829e+02
-2.618343317095520888e+02
-2.618344014504106099e+02
-2.618347597955042261e+02
-2.618350820251614550e+02
-2.618351093326594992e+02
-2.618351125533764048e+02
-2.618351449095565044e+02
-2.618352832521711093e+02
-2.618352843219544752e+02
-2.618352903335933206e+02
-2.618406932356808738e+02
-2.618409270654928491e+02
-2.618413495092697758e+02
-2.618413495088169043e+02
