-1.116513618156124721e+03
-1.120750652409253689e+03
-1.121753829256205108e+03
-1.121784058515871720e+03
-1.121793442919724612e+03
-1.121798538479873287e+03
-1.121800649939196774e+03
-1.121801310614901467e+03
-1.121801816709551076e+03
-1.121802351768843891e+03
-1.121802645298011839e+03
-1.121803042332921905e+03
-1.121803350446156401e+03
-1.121803562145171327e+03
-1.121803863774515776e+03
-1.121804059219309011e+03
-1.121804393452254999e+03
-1.121804724015962847e+03
-1.121804873346521617e+03
-1.121804997376423216e+03
-1.121805073240509955e+03
-1.121805373981481580e+03
-1.121805424917080927e+03
-1.121805480249855918e+03
-1.121805518614063658e+03
-1.121805562466303627e+03
-1.121805577444408300e+03
-1.121805625230781516e+03
-1.121805643403866270e+03
-1.121805690435271345e+03
-1.121805700802014144e+03
-1.121805708044600351e+03
-1.121805735332399763e+03
-1.121805746249967115e+03
-1.121805770820385078e+03
