-2.618778296613767225e+02
-2.618940806923304763e+02
-2.619003584806906133e+02
-2.619042915726022898e+02
-2.619069147978660794e+02
-2.619081358395848724e+02
-2.619087967760223137e+02
-2.619095343119686845e+02
-2.619103199178865111e+02
-2.619109262736562869e+02
-2.619113285004273166e+02
-2.619119548396200230e+02
-2.619124559341698841e+02
-2.619127517219961874e+02
-2.619129515979781786e+02
-2.619132727767811275e+02
-2.619137984093188152e+02
-2.619141003753189807e+02
-2.619145922920192220e+02
-2.619147444669669085e+02
-2.619148571142267201e+02
-2.619150113504002775e+02
-2.619151663257176779e+02
-2.619153455060491069e+02
-2.619155609015514869e+02
-2.619156685545689811e+02
-2.619157447804043954e+02
-2.619160017170423203e+02
-2.619161000805278263e+02
-2.619162198280474172e+02
-2.619163160197135767e+02
-2.619164579831207789e+02
-2.619165284420192279e+02
-2.619167597891233754e+02
-2.619168619960968840e+02
-2.619169420608409951e+02
-2.619170396183127991e+02
-2.619171243662984807e+02
-2.619172027758809236e+02
-2.619172271426870111e+02
-2.619172906135967196e+02
-2.619173402825355765e+02
-2.619173752156917203e+02
-2.619174496856022074e+02
-2.619175349053297168e+02
-2.619175917982424266e+02
-2.619177067206775860e+02
-2.619177531657105078e+02
-2.619178644461189833e+02
-2.619178948695799249e+02
-2.619179693944045084e+02
-2.619180162763254884e+02
-2.619180687219977131e+02
-2.619181183441996268e+02
-2.619182191170351075e+02
-2.619182459498014737e+02
-2.619182541078753275e+02
-2.619183132006941719e+02
-2.619183310830882760e+02
-2.619183784049150745e+02
-2.619184347029345759e+02
-2.619184512378105865e+02
-2.619184578895445838e+02
-2.619184859786166157e+02
-2.619185123670126814e+02
-2.619185514213945112e+02
-2.619185551897728033e+02
-2.619186546834600904e+02
-2.619186602786397202e+02
-2.619186934733755834e+02
-2.619186940578317717e+02
-2.619186940589004280e+02
-2.619187076817752882e+02
-2.619187293025951817e+02
-2.619187303566882861e+02
-2.619187304863975783e+02
-2.619187411851955858e+02
-2.619187417884725164e+02
-2.619187769108448833e+02
-2.619187769126671128e+02
-2.619187848857786776e+02
-2.619187900223228098e+02
-2.619188021098610761e+02
-2.619188032168668769e+02
-2.619188208720362923e+02
-2.619188210661603762e+02
-2.619188368742892976e+02
-2.619188473650228275e+02
-2.619188646709918089e+02
-2.619188691888435869e+02
-2.619188696128077822e+02
-2.619188698729943212e+02
-2.619188698729943212e+02
