op     18   21   46   49   21   18   46   49                       -0.04643641230416766658                                                    
op     17   21   45   49   21   17   45   49                       -0.03976892073318266663                                                    
op     17   21   45   48   21   17   45   48                        0.01549903912477431506                                                    
op      0   22   28   50   22    0   28   50                       -0.01078075081418471137                                                    
mvp2   16   20   45   49   20   16   45   49                       -0.01173324385346635398   -0.33619650024433483937                          
mvp2   17   21   44   49   21   17   44   49                       -0.00803469598813053021    0.20962666064265048083                          
mvp2   15   20   18   21   15   18   21   20                       -0.01446021401940709820   -0.27561179003570734913                          
a_ia   16   23                                                     -0.00479197644689822316                                                    
a_ia   15   20                                                      0.00177889171090284473                                                    
op     19   26   47   54   26   19   47   54                       -0.01567336058225142492                                                    
a_ia   42   49                                                      0.00537202981422154648                                                    
mvp2   43   48   46   49   43   46   49   48                       -0.01424634627930217515   -0.32008976866191135580                          
a_ia   42   48                                                     -0.00561882727246594983                                                    
op     19   25   47   53   25   19   47   53                       -0.01316956280963722976                                                    
op     11   22   39   50   22   11   39   50                       -0.00619357134042036132                                                    
a_ia   16   26                                                      0.00819130683320000788                                                    
op     12   20   40   48   20   12   40   48                       -0.01630663261336982514                                                    
