op     18   21   46   49   21   18   46   49                       -0.04638727249567250327                                                    
op     17   21   45   49   21   17   45   49                       -0.04021107791955551986                                                    
op     17   21   45   48   21   17   45   48                        0.01541067925175825491                                                    
op      0   22   28   50   22    0   28   50                       -0.01086459074363651904                                                    
mvp2   16   20   45   49   20   16   45   49                       -0.01178936539510902319   -0.33601271535074367369                          
mvp2   17   21   44   49   21   17   44   49                       -0.00806967487477250507    0.20757499189948519502                          
mvp2   15   20   18   21   15   18   21   20                       -0.01436470374837179285   -0.27415353683892784709                          
a_ia   16   23                                                     -0.00460976985802156233                                                    
a_ia   15   20                                                      0.00191281822191517324                                                    
op     19   26   47   54   26   19   47   54                       -0.01552837864788501193                                                    
a_ia   42   49                                                      0.00578051285127838092                                                    
mvp2   43   48   46   49   43   46   49   48                       -0.01412140707290800851   -0.32025983619055609086                          
