op     18   21   46   49   21   18   46   49                       -0.04681917000696533132                                                    
op     17   21   45   49   21   17   45   49                       -0.03973491491753629312                                                    
op     17   21   45   48   21   17   45   48                        0.01400053339190069843                                                    
op      0   22   28   50   22    0   28   50                       -0.01090909221816293781                                                    
mvp2   16   20   45   49   20   16   45   49                       -0.01172303594276499078   -0.33623169900073385241                          
mvp2   17   21   44   49   21   17   44   49                       -0.00803381439827183415    0.20999706357282255098                          
mvp2   15   20   18   21   15   18   21   20                       -0.01433287460585802413   -0.27585910563112170379                          
a_ia   16   23                                                     -0.00479134630942049892                                                    
a_ia   15   20                                                      0.00177265938295197850                                                    
op     19   26   47   54   26   19   47   54                       -0.01569723886053854545                                                    
a_ia   42   49                                                      0.00537453357337471654                                                    
mvp2   43   48   46   49   43   46   49   48                       -0.01405472895403126442   -0.32004615524759494338                          
a_ia   42   48                                                     -0.00600095161397753030                                                    
op     19   25   47   53   25   19   47   53                       -0.01317030986664766319                                                    
op     11   22   39   50   22   11   39   50                       -0.00619455724380783227                                                    
a_ia   16   26                                                      0.00815492905830948397                                                    
op     12   20   40   48   20   12   40   48                       -0.01630063132700631731                                                    
mvp2   18   21   46   48   21   18   46   48                        0.01730051984880428065    0.00011844310101497563                          
