op     18   21   46   49   21   18   46   49                       -0.04433494452895372223                                                    
op     17   21   45   49   21   17   45   49                       -0.03972068087984782780                                                    
op     17   21   45   48   21   17   45   48                        0.01429216171879993738                                                    
op      0   22   28   50   22    0   28   50                       -0.01088816207456835133                                                    
mvp2   16   20   45   49   20   16   45   49                       -0.01160923489819531279   -0.31823171523995402721                          
mvp2   17   21   44   49   21   17   44   49                       -0.00806334597355462014    0.11403800048706771997                          
mvp2   15   20   18   21   15   18   21   20                       -0.01467522739063817708   -0.33465222219772661205                          
a_ia   16   23                                                     -0.00473338659907045038                                                    
a_ia   15   20                                                      0.00176552168898541965                                                    
op     19   26   47   54   26   19   47   54                       -0.01560684439554475660                                                    
