op     18   21   46   49   21   18   46   49                       -0.04649663962796792699                                                    
op     17   21   45   49   21   17   45   49                       -0.03968033405601500280                                                    
op     17   21   45   48   21   17   45   48                        0.01546290947264445693                                                    
op      0   22   28   50   22    0   28   50                       -0.01103866622208939975                                                    
mvp2   16   20   45   49   20   16   45   49                       -0.01164707589174883949   -0.33605113939195307982                          
mvp2   17   21   44   49   21   17   44   49                       -0.00803624212961550136    0.20805746636815922179                          
mvp2   15   20   18   21   15   18   21   20                       -0.01448398713271382282   -0.27450104639074912605                          
a_ia   16   23                                                     -0.00460783703871704003                                                    
a_ia   15   20                                                      0.00190934762761884886                                                    
op     19   26   47   54   26   19   47   54                       -0.01559727210085764919                                                    
a_ia   42   49                                                      0.00562106768368065158                                                    
mvp2   43   48   46   49   43   46   49   48                       -0.01427598359681547628   -0.32022025291726802232                          
a_ia   42   48                                                     -0.00590681981386443570                                                    
op     19   25   47   53   25   19   47   53                       -0.01317312025642286555                                                    
