op     18   21   46   49   21   18   46   49                       -0.04449996800340526304                                                    
op     17   21   45   49   21   17   45   49                       -0.03963375588518826959                                                    
op     17   21   45   48   21   17   45   48                        0.01436682331071279309                                                    
op      0   22   28   50   22    0   28   50                       -0.01086403576085249664                                                    
mvp2   16   20   45   49   20   16   45   49                       -0.01182085738475141708   -0.31831799946965971815                          
mvp2   17   21   44   49   21   17   44   49                       -0.00806981019193050465    0.11444991656893699350                          
mvp2   15   20   18   21   15   18   21   20                       -0.01448866842925046819   -0.33436654670233106890                          
a_ia   16   23                                                     -0.00462445945710179482                                                    
a_ia   15   20                                                      0.00189379231070789912                                                    
op     19   26   47   54   26   19   47   54                       -0.01559779398262792389                                                    
a_ia   42   49                                                      0.00592746948715645264                                                    
