op     26   29   82   85   29   26   82   85                       -0.03404648866245957306                                                    
a_ia   82   84                                                      0.01945880374092833279                                                    
a_ia   81   85                                                     -0.00639931997389552899                                                    
op     26   34   82   85   34   26   82   85                        0.01612001542375194815                                                    
a_ia   25   29                                                     -0.00372722475184680997                                                    
mvp2   26   29   81   85   29   26   81   85                        0.01441052427164046627    0.02186629549218179619                          
a_ia   84   85                                                      0.60415295738112551049                                                    
a_ia   82   84                                                     -0.02435273298915865969                                                    
a_ia   20   29                                                      0.00434437630039065208                                                    
op     21   45   77  101   45   21   77  101                       -0.01292998571993403574                                                    
mvp2   25   29   82   85   29   25   82   85                        0.01211044443088643563   -0.00001316759238792038                          
mvp2   25   34   82   85   34   25   82   85                       -0.00734636187452472177   -0.00003937785555933396                          
a_ia   21   32                                                      0.00000000000000000000                                                    
op     21   45   77  100   45   21   77  100                        0.00777248268319169489                                                    
om     25   34   82   90   34   25   82   90                        0.00560233177571178419                                                    
op     21   42   77  100   42   21   77  100                       -0.00512939894892002445                                                    
mvp2   26   32   82   84   32   26   82   84                       -0.00371718319969628749   -0.24366942795600293747                          
om     25   42   76   85   42   25   76   85                        0.00457883559686479702                                                    
om     25   28   76   85   28   25   76   85                       -0.00663251359874145446                                                    
