op     25   26   77   78   26   25   77   78                       -0.11114878867484410951                                                    
op     23   27   75   79   27   23   75   79                       -0.06711322028535278428                                                    
mvp2   22   26   25   31   22   25   26   31                        0.02655186330201303457    0.10271167783150830788                          
a_ia   23   26                                                      0.01159789550928934029                                                    
op     23   31   75   83   31   23   75   83                       -0.01116544058310717236                                                    
a_ia   75   78                                                     -0.01747452086673748767                                                    
op      0   29   52   81   29    0   52   81                       -0.01231526242565262989                                                    
op      0   51   52  103   51    0   52  103                       -0.01160428333962438066                                                    
mvp2   22   26   77   83   26   22   77   83                        0.02780690622325274891   -0.67509583141101614512                          
op      0   32   52   84   32    0   52   84                       -0.00425633345142487334                                                    
op      0   33   52   85   33    0   52   85                       -0.00461665539322734988                                                    
op      0   34   52   86   34    0   52   86                       -0.00409308945701407443                                                    
op      0   40   52   92   40    0   52   92                       -0.00830959677462236347                                                    
op      0   35   52   87   35    0   52   87                       -0.00206086222576348311                                                    
op      0   45   52   97   45    0   52   97                       -0.00727248632219243407                                                    
op      0   38   52   90   38    0   52   90                       -0.00184831625468417178                                                    
mvp2    0   51   74   97   51    0   74   97                        0.01027449142745035481   -0.30935039007407294509                          
mvp2    0   34   74   97   34    0   74   97                        0.00213561233369252224   -0.01138164198742486546                          
mvp2    0   51   74   78   51    0   74   78                        0.00645285191330867165   -0.18784732603528356276                          
mvp2   23   26   75   78   26   23   75   78                       -0.05738970127077625688   -0.00039677485928711972                          
mvp3    0   45   22   51    0   22   51   45    0   22   45   51   -0.00418101747477111606   -0.15235440001866876192   -0.78407224832044009055
mvp3    0   33   22   45    0   22   45   33    0   22   33   45   -0.00276961982643481562   -0.09734671071359404793    0.03012059833563340838
mvp2   22   26   75   78   26   22   75   78                        0.02878234782748518086    0.15751757025063273243                          
op     11   26   63   78   26   11   63   78                       -0.02569608783230432208                                                    
op     23   45   63   97   45   23   63   97                       -0.00915538441816884062                                                    
mvp2    0   45   63  103   45    0   63  103                       -0.00362658604917357082   -0.21018409805838456084                          
mvp2    0   30   63   97   30    0   63   97                        0.00287624763021276583    0.02266082180009620223                          
mvp2   25   27   75   78   27   25   75   78                       -0.05514382601042531334   -0.77591758200809168855                          
a_ia   75   78                                                      0.01889742469401114316                                                    
