op     25   26   77   78   26   25   77   78                       -0.11401335338886103843                                                    
op     23   27   75   79   27   23   75   79                       -0.06692808528263455292                                                    
mvp2   22   26   25   31   22   25   26   31                        0.02065418170107106641    0.08956903659058838840                          
a_ia   23   26                                                      0.00986366002922659142                                                    
op     23   31   75   83   31   23   75   83                       -0.01271757313909846476                                                    
a_ia   75   78                                                      0.00853391628041171198                                                    
op      0   29   52   81   29    0   52   81                       -0.01230744890814721750                                                    
op      0   51   52  103   51    0   52  103                       -0.00829380146506844551                                                    
mvp2   22   26   77   83   26   22   77   83                        0.02870926435309645308   -0.00279348434109824139                          
op      0   32   52   84   32    0   52   84                       -0.00425493965493735620                                                    
op      0   33   52   85   33    0   52   85                       -0.00492428512607711970                                                    
op      0   34   52   86   34    0   52   86                       -0.00413227931908692180                                                    
op      0   40   52   92   40    0   52   92                       -0.00832576682278545095                                                    
op      0   35   52   87   35    0   52   87                       -0.00206750341526540328                                                    
op      0   45   52   97   45    0   52   97                       -0.00563679993370397748                                                    
op      0   38   52   90   38    0   52   90                       -0.00192583974197081090                                                    
mvp2    0   51   74   97   51    0   74   97                        0.00640064480956772323   -0.00003362426447387750                          
