op     25   26   77   78   26   25   77   78                       -0.10787261642137374595                                                    
op     23   27   75   79   27   23   75   79                       -0.06404888968226839230                                                    
mvp2   22   26   25   31   22   25   26   31                        0.02061968936988280154    0.08850335394691032087                          
a_ia   23   26                                                      0.01024565570126501936                                                    
op     23   31   75   83   31   23   75   83                       -0.01190669334221484098                                                    
a_ia   75   78                                                      0.00934427494133179166                                                    
op      0   29   52   81   29    0   52   81                       -0.01229767049004036432                                                    
op      0   51   52  103   51    0   52  103                       -0.00827362660686795266                                                    
mvp2   22   26   77   83   26   22   77   83                        0.02852108171108640178   -0.00813821045928481666                          
op      0   32   52   84   32    0   52   84                       -0.00425019416035796009                                                    
op      0   33   52   85   33    0   52   85                       -0.00492062357335652702                                                    
op      0   34   52   86   34    0   52   86                       -0.00412860888011369956                                                    
op      0   40   52   92   40    0   52   92                       -0.00832154282001395032                                                    
op      0   35   52   87   35    0   52   87                       -0.00206463479437233406                                                    
op      0   45   52   97   45    0   52   97                       -0.00567576872873783080                                                    
op      0   38   52   90   38    0   52   90                       -0.00192623095913896261                                                    
mvp2    0   51   74   97   51    0   74   97                        0.00642700852237395714   -0.00222764597299730197                          
mvp2    0   34   74   97   34    0   74   97                        0.00221032863453270688   -0.00024505557323650491                          
mvp2    0   51   74   78   51    0   74   78                        0.00375453456426228177   -0.00115031220020161756                          
mvp2   23   26   75   78   26   23   75   78                       -0.04633567385549497430    0.00001136281412926931                          
mvp3    0   45   22   51    0   22   51   45    0   22   45   51   -0.00406479721504351358   -0.00001340774453508317   -0.00010134628709191399
