op     25   26   77   78   26   25   77   78                       -0.12121742010112965260                                                    
op     23   27   75   79   27   23   75   79                       -0.07829068361729972503                                                    
mvp2   22   26   25   31   22   25   26   31                        0.03636736034791382410    0.08638299569737147021                          
a_ia   23   26                                                      0.00841701627282464768                                                    
op     23   31   75   83   31   23   75   83                       -0.00764921557667543224                                                    
a_ia   75   78                                                     -0.02668992791904388831                                                    
op      0   29   52   81   29    0   52   81                       -0.01266115244283893757                                                    
op      0   51   52  103   51    0   52  103                       -0.01261277349639324669                                                    
mvp2   22   26   77   83   26   22   77   83                        0.02965637176744685341   -0.46147841433286751478                          
op      0   32   52   84   32    0   52   84                       -0.00429024584927692118                                                    
op      0   33   52   85   33    0   52   85                       -0.00466156441621467729                                                    
op      0   34   52   86   34    0   52   86                       -0.00390339236281811181                                                    
op      0   40   52   92   40    0   52   92                       -0.00836891316571084821                                                    
op      0   35   52   87   35    0   52   87                       -0.00180475175010090679                                                    
op      0   45   52   97   45    0   52   97                       -0.01515012817603191703                                                    
op      0   38   52   90   38    0   52   90                       -0.00142484762758633482                                                    
mvp2    0   51   74   97   51    0   74   97                        0.00238822617697941357   -0.13398427868937179408                          
mvp2    0   34   74   97   34    0   74   97                        0.00065406169364454452    0.24108937977912303641                          
mvp2    0   51   74   78   51    0   74   78                       -0.00093911912777769704    0.18950742203388626361                          
mvp2   23   26   75   78   26   23   75   78                       -0.09055395939384082438   -0.04729307203432862178                          
mvp3    0   45   22   51    0   22   51   45    0   22   45   51   -0.00289679908642036287   -0.11338226123160310976   -0.79161651502588281648
mvp3    0   33   22   45    0   22   45   33    0   22   33   45   -0.00113249615288525240   -0.26527361094424456445    0.02320239908217254857
mvp2   22   26   75   78   26   22   75   78                        0.01638972800083456777   -0.29891505041540566978                          
op     11   26   63   78   26   11   63   78                       -0.02499303156137079596                                                    
op     23   45   63   97   45   23   63   97                       -0.01708028958751690862                                                    
mvp2    0   45   63  103   45    0   63  103                       -0.00460760214406570178   -1.13515688990540830616                          
mvp2    0   30   63   97   30    0   63   97                        0.00339624778133488505    0.11539657637777812893                          
mvp2   25   27   75   78   27   25   75   78                       -0.07459825147178750226   -0.41142655733132149631                          
a_ia   75   78                                                      0.00936035594720045945                                                    
a_ia   25   26                                                      0.03015401343436015930                                                    
mvp2   11   45   63   97   45   11   63   97                       -0.02543629142629396170   -0.91819949159381231141                          
a_ia   52   90                                                     -0.00029122879549748709                                                    
op     12   29   64   81   29   12   64   81                       -0.00756953660682396345                                                    
a_ia   22   23                                                      0.36465661889626727055                                                    
a_ia   78   79                                                     -0.10971139711367780545                                                    
mvp2   22   26   74   78   26   22   74   78                       -0.03765000303219104977    0.72260323311531382551                          
a_ia   74   78                                                      0.01314072216118248454                                                    
a_ia   62   63                                                     -0.44212632555122377553                                                    
a_ia   22   26                                                      0.01017278343262224653                                                    
a_ia   22   31                                                     -0.00362140787419092678                                                    
mvp2   11   45   74   78   45   11   74   78                        0.00322841323292274388   -0.05861111464124203752                          
a_ia   62   97                                                     -0.00034727539299958196                                                    
mvp2   22   45   63   78   45   22   63   78                        0.01285840764034056581   -0.20119736692891540542                          
a_ia   63   78                                                      0.00656272473428705632                                                    
a_ia   63   78                                                     -0.00229673296743689330                                                    
a_ia   22   45                                                      0.00042051739611532243                                                    
a_ia   63   74                                                     -0.22339956952603895468                                                    
a_ia   74   97                                                      0.00042319578315683741                                                    
mvp2   23   45   63   78   45   23   63   78                       -0.00877889488019563402   -0.03320708143134673551                          
a_ia   78   83                                                      0.04569926430996706229                                                    
op     15   29   67   81   29   15   67   81                       -0.00866337481097674035                                                    
mvp2    0   51   52   85   51    0   52   85                        0.00329360134725431618   -0.03962749489486616650                          
mvp2    0   33   52   84   33    0   52   84                       -0.00422816812387613507    0.00527366238793012827                          
mvp3   75   78   77   79   75   77   79   78   75   77   78   79   -0.04242418998862177576    0.68916602923681091752   -0.08591874139956219569
mvp2   23   45   52  103   45   23   52  103                       -0.00791413905728931451    0.00742389699565673949                          
a_ia   52   54                                                     -0.30994341308685996461                                                    
a_ia   63   83                                                     -0.00052436760142417834                                                    
mvp2   11   26   74   79   26   11   74   79                       -0.00937804319345660747   -0.01297444346411488064                          
a_ia   75   78                                                      0.01585919457099714894                                                    
a_ia   74   75                                                      0.35945557058535643202                                                    
a_ia   74   77                                                      0.28572965978310915780                                                    
