op     25   26   77   78   26   25   77   78                       -0.10614031567779019793                                                    
op     23   27   75   79   27   23   75   79                       -0.07174692224620658754                                                    
mvp2   22   26   25   31   22   25   26   31                        0.03661824492364080391    0.07671891823243030817                          
a_ia   23   26                                                      0.01163475334246216394                                                    
op     23   31   75   83   31   23   75   83                       -0.00914964098018621573                                                    
a_ia   75   78                                                     -0.01470575927737364369                                                    
op      0   29   52   81   29    0   52   81                       -0.01221716773150189131                                                    
op      0   51   52  103   51    0   52  103                       -0.01065471236118115290                                                    
mvp2   22   26   77   83   26   22   77   83                        0.03047118714895858879   -0.48775452408799230275                          
op      0   32   52   84   32    0   52   84                       -0.00425878175729682302                                                    
op      0   33   52   85   33    0   52   85                       -0.00402701606259869057                                                    
op      0   34   52   86   34    0   52   86                       -0.00400676427860909012                                                    
op      0   40   52   92   40    0   52   92                       -0.00834016574405079154                                                    
op      0   35   52   87   35    0   52   87                       -0.00207291690444767838                                                    
op      0   45   52   97   45    0   52   97                       -0.01385691585427803463                                                    
op      0   38   52   90   38    0   52   90                       -0.00206569469157602678                                                    
mvp2    0   51   74   97   51    0   74   97                        0.00874217169296701013   -0.39839585501710983451                          
mvp2    0   34   74   97   34    0   74   97                        0.00217934285134745512    0.11268179614256365606                          
mvp2    0   51   74   78   51    0   74   78                        0.00351824386779771596   -0.03388723806518885440                          
mvp2   23   26   75   78   26   23   75   78                       -0.06321287352353613387   -0.00444322021098332923                          
mvp3    0   45   22   51    0   22   51   45    0   22   45   51   -0.00289299950006676951   -0.14352412393171562477   -0.68913620462976898917
mvp3    0   33   22   45    0   22   45   33    0   22   33   45   -0.00094536695748728065   -0.37048239767178270387    0.03438417412980596111
mvp2   22   26   75   78   26   22   75   78                        0.02280082552783337102   -0.04147182736171162176                          
op     11   26   63   78   26   11   63   78                       -0.02677672343259629439                                                    
op     23   45   63   97   45   23   63   97                       -0.01518391119407673344                                                    
mvp2    0   45   63  103   45    0   63  103                       -0.00437503646727755314   -1.11785744252318952618                          
mvp2    0   30   63   97   30    0   63   97                        0.00319803612599083974    0.12086048614152383740                          
mvp2   25   27   75   78   27   25   75   78                       -0.06646187432806459350   -0.84362982459781066247                          
a_ia   75   78                                                      0.01598069195877313206                                                    
a_ia   25   26                                                      0.03170412083423064520                                                    
mvp2   11   45   63   97   45   11   63   97                       -0.02384407185877237406   -0.91283445684714148438                          
a_ia   52   90                                                     -0.00044163320051480596                                                    
op     12   29   64   81   29   12   64   81                       -0.00774511174953235789                                                    
a_ia   22   23                                                      0.29558906952189489825                                                    
a_ia   78   79                                                     -0.18411484774605751946                                                    
mvp2   22   26   74   78   26   22   74   78                       -0.06191062923590040512    0.81220882567088381609                          
a_ia   74   78                                                      0.01160098875827657479                                                    
a_ia   62   63                                                     -0.46006148289753084901                                                    
a_ia   22   26                                                     -0.00256203929275482202                                                    
a_ia   22   31                                                     -0.00364770715336435727                                                    
mvp2   11   45   74   78   45   11   74   78                        0.01072937244354758846   -0.00053682152618342598                          
a_ia   62   97                                                     -0.00036001015180020963                                                    
mvp2   22   45   63   78   45   22   63   78                        0.01200237562202182556   -0.00045442945923567407                          
a_ia   63   78                                                      0.00885947065507442302                                                    
