op     25   26   77   78   26   25   77   78                       -0.10558556024681743646                                                    
op     23   27   75   79   27   23   75   79                       -0.06723314663507436173                                                    
mvp2   22   26   25   31   22   25   26   31                        0.03782021297819024991    0.09557355169758537106                          
a_ia   23   26                                                      0.00781310592412447387                                                    
op     23   31   75   83   31   23   75   83                       -0.00888663711631022118                                                    
a_ia   75   78                                                     -0.01617486014532028629                                                    
op      0   29   52   81   29    0   52   81                       -0.01244384986792828121                                                    
op      0   51   52  103   51    0   52  103                       -0.01247450051869573515                                                    
mvp2   22   26   77   83   26   22   77   83                        0.02892014020080633033   -0.47744562993336114864                          
op      0   32   52   84   32    0   52   84                       -0.00436625995065310652                                                    
op      0   33   52   85   33    0   52   85                       -0.00489808553409811290                                                    
op      0   34   52   86   34    0   52   86                       -0.00441138527472263384                                                    
op      0   40   52   92   40    0   52   92                       -0.00820639785880367123                                                    
op      0   35   52   87   35    0   52   87                       -0.00201945504264681259                                                    
op      0   45   52   97   45    0   52   97                       -0.01423235034632740897                                                    
op      0   38   52   90   38    0   52   90                       -0.00191162841964390737                                                    
mvp2    0   51   74   97   51    0   74   97                        0.00589571960772050391   -0.26840191241925420718                          
mvp2    0   34   74   97   34    0   74   97                        0.00142944182444481802    0.18135979658709888707                          
mvp2    0   51   74   78   51    0   74   78                        0.00088601948232758568    0.20418434785792499708                          
mvp2   23   26   75   78   26   23   75   78                       -0.07726593639033217664   -0.02457858705486808126                          
mvp3    0   45   22   51    0   22   51   45    0   22   45   51   -0.00326143526733752281   -0.11951456925542884580   -0.70934020070590386720
mvp3    0   33   22   45    0   22   45   33    0   22   33   45   -0.00138542990432806499   -0.26928879572175840051    0.02039245031579419234
mvp2   22   26   75   78   26   22   75   78                        0.02435331554700693665   -0.08057551739882425068                          
op     11   26   63   78   26   11   63   78                       -0.02470769764744508434                                                    
op     23   45   63   97   45   23   63   97                       -0.01691695706576394620                                                    
mvp2    0   45   63  103   45    0   63  103                       -0.00472749049556667623   -1.11847453777430505539                          
mvp2    0   30   63   97   30    0   63   97                        0.00336831288442345856    0.10204512973662965836                          
mvp2   25   27   75   78   27   25   75   78                       -0.07445961227988054376   -0.73455198816187627919                          
a_ia   75   78                                                      0.01412526919280709600                                                    
a_ia   25   26                                                      0.03529245404545082454                                                    
mvp2   11   45   63   97   45   11   63   97                       -0.02625170537880756536   -0.89560296015965601413                          
a_ia   52   90                                                     -0.00021045830658744750                                                    
op     12   29   64   81   29   12   64   81                       -0.00751210448373386061                                                    
a_ia   22   23                                                      0.31699351208823728365                                                    
a_ia   78   79                                                     -0.14121227314142617559                                                    
mvp2   22   26   74   78   26   22   74   78                       -0.05993027767189989391    0.90945433999388802793                          
a_ia   74   78                                                      0.01395771971684233587                                                    
a_ia   62   63                                                     -0.43352485783540239961                                                    
a_ia   22   26                                                     -0.00041364752417628371                                                    
a_ia   22   31                                                     -0.00484126135858419394                                                    
mvp2   11   45   74   78   45   11   74   78                        0.00735206331901739219   -0.06178846747194290112                          
a_ia   62   97                                                     -0.00034867911507972208                                                    
mvp2   22   45   63   78   45   22   63   78                        0.01335071718466964916   -0.26928146076535564024                          
a_ia   63   78                                                      0.00625649454437634828                                                    
a_ia   63   78                                                     -0.00260296051221056961                                                    
a_ia   22   45                                                      0.00027473742774696469                                                    
a_ia   63   74                                                     -0.19727962241449048530                                                    
a_ia   74   97                                                      0.00051207103027944151                                                    
mvp2   23   45   63   78   45   23   63   78                       -0.00809690434147271668   -0.16592070832065475283                          
a_ia   78   83                                                      0.06187838282550432029                                                    
op     15   29   67   81   29   15   67   81                       -0.00809646606634048180                                                    
mvp2    0   51   52   85   51    0   52   85                        0.00349985294180338129   -0.01066998258310306903                          
mvp2    0   33   52   84   33    0   52   84                       -0.00429830006692044717    0.00113807716090076052                          
mvp3   75   78   77   79   75   77   79   78   75   77   78   79   -0.03255451942772905061    0.43704789832830620577   -0.11149825509099495213
mvp2   23   45   52  103   45   23   52  103                       -0.00838732226886295881    0.00004107930177950447                          
