op     25   26   77   78   26   25   77   78                       -0.11219833263896640541                                                    
op     23   27   75   79   27   23   75   79                       -0.06715191215135249414                                                    
mvp2   22   26   25   31   22   25   26   31                        0.02710095550683245397    0.10070790860609600548                          
a_ia   23   26                                                      0.01090821074376918491                                                    
op     23   31   75   83   31   23   75   83                       -0.01120525037945313551                                                    
a_ia   75   78                                                     -0.01681248058520882355                                                    
op      0   29   52   81   29    0   52   81                       -0.01225237428940093541                                                    
op      0   51   52  103   51    0   52  103                       -0.01161291048720130420                                                    
mvp2   22   26   77   83   26   22   77   83                        0.02830797339339408136   -0.67507419060041096159                          
op      0   32   52   84   32    0   52   84                       -0.00425856802897173984                                                    
op      0   33   52   85   33    0   52   85                       -0.00465658414650116630                                                    
op      0   34   52   86   34    0   52   86                       -0.00414224722054179224                                                    
op      0   40   52   92   40    0   52   92                       -0.00832285960863860148                                                    
op      0   35   52   87   35    0   52   87                       -0.00206650713350160905                                                    
op      0   45   52   97   45    0   52   97                       -0.00703453025711461583                                                    
op      0   38   52   90   38    0   52   90                       -0.00192567581112993921                                                    
mvp2    0   51   74   97   51    0   74   97                        0.01010838080529011251   -0.30956133258987522661                          
mvp2    0   34   74   97   34    0   74   97                        0.00218324997477568287   -0.01119907929028743192                          
mvp2    0   51   74   78   51    0   74   78                        0.00645751085051884076   -0.18811719678652377707                          
mvp2   23   26   75   78   26   23   75   78                       -0.05724087647164737003   -0.00040559882018146405                          
mvp3    0   45   22   51    0   22   51   45    0   22   45   51   -0.00427037605594794006   -0.15274488915339182182   -0.78429724103912856759
mvp3    0   33   22   45    0   22   45   33    0   22   33   45   -0.00266692376645916857   -0.09830931836101929056    0.03021576310768281717
mvp2   22   26   75   78   26   22   75   78                        0.02817186524034542491    0.15639369599861158155                          
op     11   26   63   78   26   11   63   78                       -0.02541953099603624228                                                    
op     23   45   63   97   45   23   63   97                       -0.00966226551190230848                                                    
mvp2    0   45   63  103   45    0   63  103                       -0.00389251354130165520   -0.21214220796599855823                          
mvp2    0   30   63   97   30    0   63   97                        0.00281974464912466451    0.02294766053892387248                          
mvp2   25   27   75   78   27   25   75   78                       -0.05667062794650110091   -0.77580051026428731298                          
a_ia   75   78                                                      0.01996334893756052803                                                    
a_ia   25   26                                                      0.02373997259938671542                                                    
mvp2   11   45   63   97   45   11   63   97                       -0.02068831231107536028   -0.00016565301710933438                          
a_ia   52   90                                                     -0.00029870624778837303                                                    
op     12   29   64   81   29   12   64   81                       -0.00776036046311640807                                                    
