op     25   26   77   78   26   25   77   78                       -0.10497385882806858914                                                    
op     23   27   75   79   27   23   75   79                       -0.07460155692389636162                                                    
mvp2   22   26   25   31   22   25   26   31                        0.03645504558817343199    0.09340290179103810653                          
a_ia   23   26                                                      0.00377785761328929296                                                    
op     23   31   75   83   31   23   75   83                       -0.00881611735568142534                                                    
a_ia   75   78                                                     -0.00251576125593943071                                                    
op      0   29   52   81   29    0   52   81                       -0.01257355470425689480                                                    
op      0   51   52  103   51    0   52  103                       -0.01278060590415301158                                                    
mvp2   22   26   77   83   26   22   77   83                        0.02957332068214067397   -0.47386014309191260008                          
op      0   32   52   84   32    0   52   84                       -0.00427163366243627374                                                    
op      0   33   52   85   33    0   52   85                       -0.00524948722907672347                                                    
op      0   34   52   86   34    0   52   86                       -0.00312700819137695088                                                    
op      0   40   52   92   40    0   52   92                       -0.00843424007410231366                                                    
op      0   35   52   87   35    0   52   87                       -0.00186943929499286572                                                    
op      0   45   52   97   45    0   52   97                       -0.01560422587300809572                                                    
op      0   38   52   90   38    0   52   90                       -0.00166971376721813166                                                    
mvp2    0   51   74   97   51    0   74   97                        0.00391676408714931781   -0.25063685180187228463                          
mvp2    0   34   74   97   34    0   74   97                        0.00096066898314400059    0.22724607336066568464                          
mvp2    0   51   74   78   51    0   74   78                       -0.00030620956326908718    0.16646323530707116123                          
mvp2   23   26   75   78   26   23   75   78                       -0.08929139711510386546   -0.02904437718488252218                          
mvp3    0   45   22   51    0   22   51   45    0   22   45   51   -0.00215010769297283412   -0.11305911119821142330   -0.80292006311531383123
mvp3    0   33   22   45    0   22   45   33    0   22   33   45   -0.00115188630260060123   -0.28200865527662744014    0.02381340842087696988
mvp2   22   26   75   78   26   22   75   78                        0.01830574815808979489   -0.06158516543869201054                          
op     11   26   63   78   26   11   63   78                       -0.02398408539853619584                                                    
op     23   45   63   97   45   23   63   97                       -0.01707766432118712485                                                    
mvp2    0   45   63  103   45    0   63  103                       -0.00478666727159553565   -1.13480998066726246343                          
mvp2    0   30   63   97   30    0   63   97                        0.00327014788736168689    0.11566582001031133764                          
mvp2   25   27   75   78   27   25   75   78                       -0.07347496230640455928   -0.51197213777122441147                          
a_ia   75   78                                                      0.00274075226824731190                                                    
a_ia   25   26                                                      0.03250552983267708529                                                    
mvp2   11   45   63   97   45   11   63   97                       -0.02538258959892333161   -0.90623194715627930496                          
a_ia   52   90                                                      0.00004208695041936982                                                    
op     12   29   64   81   29   12   64   81                       -0.00757433834739157982                                                    
a_ia   22   23                                                      0.36559037273887878827                                                    
a_ia   78   79                                                     -0.09457949634076541490                                                    
mvp2   22   26   74   78   26   22   74   78                       -0.05226521996152378585    0.86131963512433096231                          
a_ia   74   78                                                      0.01022016834149869734                                                    
a_ia   62   63                                                     -0.43687709466493573895                                                    
a_ia   22   26                                                      0.00183805806333638198                                                    
a_ia   22   31                                                     -0.00446647471997113372                                                    
mvp2   11   45   74   78   45   11   74   78                        0.00568797256294528188   -0.07809104370644405491                          
a_ia   62   97                                                     -0.00035478668082129843                                                    
mvp2   22   45   63   78   45   22   63   78                        0.01322072339157070835   -0.27837943038254503447                          
a_ia   63   78                                                      0.00682442506862185067                                                    
a_ia   63   78                                                     -0.00203502708215739765                                                    
a_ia   22   45                                                      0.00070324085217017291                                                    
a_ia   63   74                                                     -0.18340688969281201959                                                    
a_ia   74   97                                                      0.00060784036327842352                                                    
mvp2   23   45   63   78   45   23   63   78                       -0.00898419889392803282   -0.03027971341290013399                          
a_ia   78   83                                                      0.05683778351141900026                                                    
op     15   29   67   81   29   15   67   81                       -0.00867742846719038625                                                    
mvp2    0   51   52   85   51    0   52   85                        0.00230976755212738451   -0.03365692235010314670                          
mvp2    0   33   52   84   33    0   52   84                       -0.00435160429279046745    0.00450558720500262699                          
mvp3   75   78   77   79   75   77   79   78   75   77   78   79   -0.03546391969194576804    0.73363401716571940980   -0.10432207976076959821
mvp2   23   45   52  103   45   23   52  103                       -0.00933026805757483993    0.00197478851830401331                          
a_ia   52   54                                                     -0.31092285529716129355                                                    
a_ia   63   83                                                     -0.00059056617044094515                                                    
mvp2   11   26   74   79   26   11   74   79                       -0.01286777143049364601   -0.00664190859263117002                          
a_ia   75   78                                                      0.00064630075609715140                                                    
a_ia   74   75                                                      0.28869304289536529273                                                    
