op     25   26   77   78   26   25   77   78                       -0.10611437551829547288                                                    
op     23   27   75   79   27   23   75   79                       -0.06426982627732961972                                                    
mvp2   22   26   25   31   22   25   26   31                        0.02672715719111487531    0.09230099773785017947                          
a_ia   23   26                                                      0.01132596391298000549                                                    
op     23   31   75   83   31   23   75   83                       -0.01125640589175839860                                                    
a_ia   75   78                                                      0.00957855451366342557                                                    
op      0   29   52   81   29    0   52   81                       -0.01229817528608067971                                                    
op      0   51   52  103   51    0   52  103                       -0.01121535812774095836                                                    
mvp2   22   26   77   83   26   22   77   83                        0.02841334954405017391   -0.65198892328583113454                          
op      0   32   52   84   32    0   52   84                       -0.00425000939529849697                                                    
op      0   33   52   85   33    0   52   85                       -0.00505214360687393418                                                    
op      0   34   52   86   34    0   52   86                       -0.00415510747820375861                                                    
op      0   40   52   92   40    0   52   92                       -0.00832358208414089688                                                    
op      0   35   52   87   35    0   52   87                       -0.00206583997439221349                                                    
op      0   45   52   97   45    0   52   97                       -0.00591099621508825532                                                    
op      0   38   52   90   38    0   52   90                       -0.00192556072734074903                                                    
mvp2    0   51   74   97   51    0   74   97                        0.01006916835935386771   -0.27019818514551469102                          
mvp2    0   34   74   97   34    0   74   97                        0.00219835062681292444   -0.02681864806900322029                          
mvp2    0   51   74   78   51    0   74   78                        0.00642790315502608529   -0.14812450087712536462                          
mvp2   23   26   75   78   26   23   75   78                       -0.04547819818777172618    0.00028374394380982542                          
mvp3    0   45   22   51    0   22   51   45    0   22   45   51   -0.00391388675597302560   -0.11104699675612020315   -0.78749254421398384718
mvp3    0   33   22   45    0   22   45   33    0   22   33   45   -0.00268950383221437488    0.05571490240361019058    0.02110326260210277152
mvp2   22   26   75   78   26   22   75   78                        0.01769760408539683763    0.25707225981375458890                          
op     11   26   63   78   26   11   63   78                       -0.02619329478484168014                                                    
op     23   45   63   97   45   23   63   97                       -0.00917552953719322391                                                    
mvp2    0   45   63  103   45    0   63  103                       -0.00364651526083730566   -0.00004862972368628383                          
