op     25   26   77   78   26   25   77   78                       -0.10517872444314062264                                                    
op     23   27   75   79   27   23   75   79                       -0.07175545349429628128                                                    
mvp2   22   26   25   31   22   25   26   31                        0.03776647682163423309    0.07363555319228676233                          
a_ia   23   26                                                      0.01105143640486747243                                                    
op     23   31   75   83   31   23   75   83                       -0.00832180071202277133                                                    
a_ia   75   78                                                     -0.01349496534116446760                                                    
op      0   29   52   81   29    0   52   81                       -0.01215070595801866389                                                    
op      0   51   52  103   51    0   52  103                       -0.01069280546211145468                                                    
mvp2   22   26   77   83   26   22   77   83                        0.02804924902325257527   -0.48015024483242402242                          
op      0   32   52   84   32    0   52   84                       -0.00442123699875833585                                                    
op      0   33   52   85   33    0   52   85                       -0.00430220741244120245                                                    
op      0   34   52   86   34    0   52   86                       -0.00395234905143540538                                                    
op      0   40   52   92   40    0   52   92                       -0.00831498806304701264                                                    
op      0   35   52   87   35    0   52   87                       -0.00206882203093580264                                                    
op      0   45   52   97   45    0   52   97                       -0.01416948888624446762                                                    
op      0   38   52   90   38    0   52   90                       -0.00193168257178326602                                                    
mvp2    0   51   74   97   51    0   74   97                        0.00554650378368934729   -0.28097591223393442172                          
mvp2    0   34   74   97   34    0   74   97                        0.00140084907010779350    0.19410279643276395767                          
mvp2    0   51   74   78   51    0   74   78                        0.00081448074432448358    0.16370609066926478103                          
mvp2   23   26   75   78   26   23   75   78                       -0.06511286085793412115   -0.01888324844935443045                          
mvp3    0   45   22   51    0   22   51   45    0   22   45   51   -0.00289923455294066948   -0.11726317279548938155   -0.62902378603948649882
mvp3    0   33   22   45    0   22   45   33    0   22   33   45   -0.00094563828729289548   -0.32567473129680829524    0.02719564036177164051
mvp2   22   26   75   78   26   22   75   78                        0.02385246067209851467   -0.05467917378990955202                          
op     11   26   63   78   26   11   63   78                       -0.02771763082765676608                                                    
op     23   45   63   97   45   23   63   97                       -0.01713070048575499396                                                    
mvp2    0   45   63  103   45    0   63  103                       -0.00480584326558507451   -1.14788019808548580336                          
mvp2    0   30   63   97   30    0   63   97                        0.00337523442187678477    0.11045962695531784392                          
mvp2   25   27   75   78   27   25   75   78                       -0.06729429142597553870   -0.84330551319240987240                          
a_ia   75   78                                                      0.01401145061643214659                                                    
a_ia   25   26                                                      0.03160623185833190407                                                    
mvp2   11   45   63   97   45   11   63   97                       -0.02619789710674574196   -0.89179249574273911083                          
a_ia   52   90                                                     -0.00041841714182585003                                                    
op     12   29   64   81   29   12   64   81                       -0.00757333832665709698                                                    
a_ia   22   23                                                      0.32356666825264207565                                                    
a_ia   78   79                                                     -0.19282642604496103012                                                    
mvp2   22   26   74   78   26   22   74   78                       -0.06001743632885073176    0.89276885578769094032                          
a_ia   74   78                                                      0.01389141369978744503                                                    
a_ia   62   63                                                     -0.42775702761870104673                                                    
a_ia   22   26                                                     -0.00308637755134373712                                                    
a_ia   22   31                                                     -0.00412680966694856446                                                    
mvp2   11   45   74   78   45   11   74   78                        0.00720189508850190962   -0.02566059867522594087                          
a_ia   62   97                                                     -0.00037698754229952003                                                    
mvp2   22   45   63   78   45   22   63   78                        0.01341952414682662589   -0.09445318183873628592                          
a_ia   63   78                                                      0.00617634829663141812                                                    
a_ia   63   78                                                     -0.00268310697195585108                                                    
a_ia   22   45                                                      0.00034755487132434511                                                    
a_ia   63   74                                                     -0.20393139392825176959                                                    
a_ia   74   97                                                      0.00059388167855640788                                                    
mvp2   23   45   63   78   45   23   63   78                       -0.00822309681274743971   -0.00247296200031084986                          
a_ia   78   83                                                      0.06019713976668517735                                                    
op     15   29   67   81   29   15   67   81                       -0.00854380865338224757                                                    
mvp2    0   51   52   85   51    0   52   85                        0.00315635428514713561   -0.00091440006670535522                          
mvp2    0   33   52   84   33    0   52   84                       -0.00406007765343838634    0.00000338780090627249                          
