op     25   26   77   78   26   25   77   78                       -0.10680586567326622038                                                    
op     23   27   75   79   27   23   75   79                       -0.07192605248061598178                                                    
mvp2   22   26   25   31   22   25   26   31                        0.03758687660672820757    0.07460975338671992085                          
a_ia   23   26                                                      0.01168284960608116305                                                    
op     23   31   75   83   31   23   75   83                       -0.00866241152424755863                                                    
a_ia   75   78                                                     -0.01362586257336245374                                                    
op      0   29   52   81   29    0   52   81                       -0.01216796102529761267                                                    
op      0   51   52  103   51    0   52  103                       -0.01043215737136334552                                                    
mvp2   22   26   77   83   26   22   77   83                        0.02944232888945172433   -0.47292322164380906635                          
op      0   32   52   84   32    0   52   84                       -0.00411498491661808734                                                    
op      0   33   52   85   33    0   52   85                       -0.00442047064473047053                                                    
op      0   34   52   86   34    0   52   86                       -0.00388836395754543632                                                    
op      0   40   52   92   40    0   52   92                       -0.00821278800414648909                                                    
op      0   35   52   87   35    0   52   87                       -0.00200434881785655720                                                    
op      0   45   52   97   45    0   52   97                       -0.01434867828622999643                                                    
op      0   38   52   90   38    0   52   90                       -0.00203608669846057789                                                    
mvp2    0   51   74   97   51    0   74   97                        0.00536426930457087770   -0.28205278979457293342                          
mvp2    0   34   74   97   34    0   74   97                        0.00135297054899399848    0.20496449241813372022                          
mvp2    0   51   74   78   51    0   74   78                        0.00135104604899976828    0.14934518591928030995                          
mvp2   23   26   75   78   26   23   75   78                       -0.06446951898148987892   -0.01600147620837613638                          
mvp3    0   45   22   51    0   22   51   45    0   22   45   51   -0.00258079191054657415   -0.13761087468657426380   -0.61459863260632607851
mvp3    0   33   22   45    0   22   45   33    0   22   33   45   -0.00070454254107405498   -0.33205523588699153992    0.03296278725867363840
mvp2   22   26   75   78   26   22   75   78                        0.02236067863460488789   -0.04601015205512461875                          
op     11   26   63   78   26   11   63   78                       -0.02749213704504917255                                                    
op     23   45   63   97   45   23   63   97                       -0.01746402294792469626                                                    
mvp2    0   45   63  103   45    0   63  103                       -0.00498764062573703315   -1.16097127323014359668                          
mvp2    0   30   63   97   30    0   63   97                        0.00349881787259436611    0.10794714681726803873                          
mvp2   25   27   75   78   27   25   75   78                       -0.06731087039502174629   -0.86310679584889316018                          
a_ia   75   78                                                      0.01339449626636859091                                                    
a_ia   25   26                                                      0.03192377843950842953                                                    
mvp2   11   45   63   97   45   11   63   97                       -0.02621332368818325015   -0.89342131878411557011                          
a_ia   52   90                                                     -0.00041895352549650792                                                    
op     12   29   64   81   29   12   64   81                       -0.00773310769854928647                                                    
a_ia   22   23                                                      0.32746340791371730816                                                    
a_ia   78   79                                                     -0.18783235980531198805                                                    
mvp2   22   26   74   78   26   22   74   78                       -0.05917169755851866414    0.87866282013734087197                          
a_ia   74   78                                                      0.01449537843672021875                                                    
a_ia   62   63                                                     -0.42879841264354534580                                                    
a_ia   22   26                                                     -0.00295597864792957040                                                    
a_ia   22   31                                                     -0.00409346074072613163                                                    
mvp2   11   45   74   78   45   11   74   78                        0.00662106999330246398   -0.01348033193550450017                          
a_ia   62   97                                                     -0.00013191202266381013                                                    
mvp2   22   45   63   78   45   22   63   78                        0.01313675981501894775   -0.02600056908144773166                          
a_ia   63   78                                                      0.00565112318550127762                                                    
a_ia   63   78                                                     -0.00320834477862948653                                                    
a_ia   22   45                                                      0.00026097902292348326                                                    
a_ia   63   74                                                     -0.21892198637171786380                                                    
