op     25   26   77   78   26   25   77   78                       -0.10518541548434565125                                                    
op     23   27   75   79   27   23   75   79                       -0.07185246179887719298                                                    
mvp2   22   26   25   31   22   25   26   31                        0.03776903865410923683    0.07442329706110238641                          
a_ia   23   26                                                      0.01097233175407600833                                                    
op     23   31   75   83   31   23   75   83                       -0.00825828002530303897                                                    
a_ia   75   78                                                     -0.01342606440580012064                                                    
op      0   29   52   81   29    0   52   81                       -0.01223472802851146950                                                    
op      0   51   52  103   51    0   52  103                       -0.01078469945114763837                                                    
mvp2   22   26   77   83   26   22   77   83                        0.02788973264528964852   -0.47759093421130555113                          
op      0   32   52   84   32    0   52   84                       -0.00426513007400613174                                                    
op      0   33   52   85   33    0   52   85                       -0.00416328925587529982                                                    
op      0   34   52   86   34    0   52   86                       -0.00388678953950918286                                                    
op      0   40   52   92   40    0   52   92                       -0.00817731622900538281                                                    
op      0   35   52   87   35    0   52   87                       -0.00200298044023069794                                                    
op      0   45   52   97   45    0   52   97                       -0.01410518909854326271                                                    
op      0   38   52   90   38    0   52   90                       -0.00190569942838220282                                                    
mvp2    0   51   74   97   51    0   74   97                        0.00555926278629488742   -0.28128934662211435569                          
mvp2    0   34   74   97   34    0   74   97                        0.00139161626884651453    0.19699498772448151285                          
mvp2    0   51   74   78   51    0   74   78                        0.00102172524822910071    0.16031381382837214811                          
mvp2   23   26   75   78   26   23   75   78                       -0.06523027137789588759   -0.01805912909094592456                          
mvp3    0   45   22   51    0   22   51   45    0   22   45   51   -0.00299489929978142416   -0.12083404526361021802   -0.62321415436729798998
mvp3    0   33   22   45    0   22   45   33    0   22   33   45   -0.00090705060250358702   -0.33018777992433223645    0.03278965012575247445
mvp2   22   26   75   78   26   22   75   78                        0.02396619439950329125   -0.04873893756809700994                          
op     11   26   63   78   26   11   63   78                       -0.02792540737740047130                                                    
op     23   45   63   97   45   23   63   97                       -0.01724973161718562631                                                    
mvp2    0   45   63  103   45    0   63  103                       -0.00477903265248186965   -1.15052136062842635944                          
mvp2    0   30   63   97   30    0   63   97                        0.00337152355803493810    0.10996597465138048533                          
mvp2   25   27   75   78   27   25   75   78                       -0.06717100810298602676   -0.85333007174453445742                          
a_ia   75   78                                                      0.01398441249338754251                                                    
a_ia   25   26                                                      0.03181167387092020266                                                    
mvp2   11   45   63   97   45   11   63   97                       -0.02623378598672275810   -0.89121904596030332435                          
a_ia   52   90                                                     -0.00041204215338927421                                                    
op     12   29   64   81   29   12   64   81                       -0.00774277452915339299                                                    
a_ia   22   23                                                      0.32495964070455546358                                                    
a_ia   78   79                                                     -0.18971299537040220429                                                    
mvp2   22   26   74   78   26   22   74   78                       -0.05997273025736882951    0.88135579730495339223                          
a_ia   74   78                                                      0.01378553227808535821                                                    
a_ia   62   63                                                     -0.42722532883056352215                                                    
a_ia   22   26                                                     -0.00311380393129165062                                                    
a_ia   22   31                                                     -0.00412619661434182258                                                    
mvp2   11   45   74   78   45   11   74   78                        0.00697341736118418671   -0.01702283788673378609                          
a_ia   62   97                                                     -0.00036438429747900100                                                    
mvp2   22   45   63   78   45   22   63   78                        0.01353026504110447711   -0.06598242586182451186                          
a_ia   63   78                                                      0.00612504206854563339                                                    
a_ia   63   78                                                     -0.00273442631534193950                                                    
a_ia   22   45                                                      0.00026953312996814928                                                    
a_ia   63   74                                                     -0.20567807288613970673                                                    
a_ia   74   97                                                      0.00058131083371452247                                                    
mvp2   23   45   63   78   45   23   63   78                       -0.00806091369725282954   -0.00121699430925837791                          
a_ia   78   83                                                      0.06827106718761136173                                                    
