op     25   26   77   78   26   25   77   78                       -0.10671183433322374567                                                    
op     23   27   75   79   27   23   75   79                       -0.07181573840920885132                                                    
mvp2   22   26   25   31   22   25   26   31                        0.03664706489330923217    0.07695049743753783200                          
a_ia   23   26                                                      0.01191483209101552171                                                    
op     23   31   75   83   31   23   75   83                       -0.00905839176266725471                                                    
a_ia   75   78                                                     -0.01507534117004579247                                                    
op      0   29   52   81   29    0   52   81                       -0.01219242717693302600                                                    
op      0   51   52  103   51    0   52  103                       -0.01081403397535665549                                                    
mvp2   22   26   77   83   26   22   77   83                        0.03055489746245229968   -0.48393391415672037947                          
op      0   32   52   84   32    0   52   84                       -0.00425541588303788264                                                    
op      0   33   52   85   33    0   52   85                       -0.00404621954334557707                                                    
op      0   34   52   86   34    0   52   86                       -0.00408240461753884686                                                    
op      0   40   52   92   40    0   52   92                       -0.00828013160562066260                                                    
op      0   35   52   87   35    0   52   87                       -0.00207459196423814395                                                    
op      0   45   52   97   45    0   52   97                       -0.01388370441934106206                                                    
op      0   38   52   90   38    0   52   90                       -0.00182928111619828459                                                    
mvp2    0   51   74   97   51    0   74   97                        0.00889941284005518751   -0.39884903766916468548                          
mvp2    0   34   74   97   34    0   74   97                        0.00218582441364064675    0.07948060501546697076                          
mvp2    0   51   74   78   51    0   74   78                        0.00270798544269815374   -0.13087012525353458603                          
mvp2   23   26   75   78   26   23   75   78                       -0.06309012965445297272   -0.00376315007733604365                          
mvp3    0   45   22   51    0   22   51   45    0   22   45   51   -0.00281277751212983705   -0.14387415930181005064   -0.68104278337979429203
mvp3    0   33   22   45    0   22   45   33    0   22   33   45   -0.00106869248264998724   -0.37256967894444487088    0.03446308914111113203
mvp2   22   26   75   78   26   22   75   78                        0.02231928669300663887   -0.04126200000730509410                          
op     11   26   63   78   26   11   63   78                       -0.02601960525145621123                                                    
op     23   45   63   97   45   23   63   97                       -0.01510736893293118319                                                    
mvp2    0   45   63  103   45    0   63  103                       -0.00438647373528298478   -1.06884515289074633060                          
mvp2    0   30   63   97   30    0   63   97                        0.00326759962086095894    0.13047178643670664933                          
mvp2   25   27   75   78   27   25   75   78                       -0.06655349085622085104   -0.84355514284044175177                          
a_ia   75   78                                                      0.01466208433883423208                                                    
a_ia   25   26                                                      0.03224856385257907770                                                    
mvp2   11   45   63   97   45   11   63   97                       -0.02369261535146692868   -0.86621167294090450905                          
a_ia   52   90                                                     -0.00043980174970545286                                                    
op     12   29   64   81   29   12   64   81                       -0.00778928448534475446                                                    
a_ia   22   23                                                      0.29568485520569637304                                                    
a_ia   78   79                                                     -0.18418455628451571582                                                    
mvp2   22   26   74   78   26   22   74   78                       -0.06107810542229253487    0.80830625530303501503                          
a_ia   74   78                                                      0.01344816919927134882                                                    
a_ia   62   63                                                     -0.46080560456870089947                                                    
a_ia   22   26                                                     -0.00405836303698398331                                                    
a_ia   22   31                                                     -0.00490869234679258779                                                    
