op     25   26   77   78   26   25   77   78                       -0.12483462841452661052                                                    
op     23   27   75   79   27   23   75   79                       -0.08020188175033934885                                                    
mvp2   22   26   25   31   22   25   26   31                        0.03464396501038551762    0.08984150386734109095                          
a_ia   23   26                                                      0.00209855503443416276                                                    
op     23   31   75   83   31   23   75   83                       -0.00735947862426803920                                                    
a_ia   75   78                                                     -0.02980639513145752831                                                    
op      0   29   52   81   29    0   52   81                       -0.01252958110612814591                                                    
op      0   51   52  103   51    0   52  103                       -0.01284990789203993913                                                    
mvp2   22   26   77   83   26   22   77   83                        0.03069722682983833106   -0.46164289828027488261                          
op      0   32   52   84   32    0   52   84                       -0.00432432785853575051                                                    
op      0   33   52   85   33    0   52   85                       -0.00466662114097234591                                                    
op      0   34   52   86   34    0   52   86                       -0.00375691279835234804                                                    
op      0   40   52   92   40    0   52   92                       -0.00827446488970941772                                                    
op      0   35   52   87   35    0   52   87                       -0.00184895584753602227                                                    
op      0   45   52   97   45    0   52   97                       -0.01506055535553357458                                                    
op      0   38   52   90   38    0   52   90                       -0.00143685728108390066                                                    
mvp2    0   51   74   97   51    0   74   97                        0.00327124319177155747   -0.17168415569750150595                          
mvp2    0   34   74   97   34    0   74   97                        0.00087417696578822972    0.21699894693326743367                          
mvp2    0   51   74   78   51    0   74   78                       -0.00004433956548425531    0.15900412188480336773                          
mvp2   23   26   75   78   26   23   75   78                       -0.09085750384811901170   -0.05542377554060478467                          
mvp3    0   45   22   51    0   22   51   45    0   22   45   51   -0.00310067632248961066   -0.11912357890123856374   -0.79441317328064087189
mvp3    0   33   22   45    0   22   45   33    0   22   33   45   -0.00126960620290524073   -0.26218907375177757935    0.02624810705728673407
mvp2   22   26   75   78   26   22   75   78                        0.02404593663009102836   -0.31877464749787698395                          
op     11   26   63   78   26   11   63   78                       -0.02274171642942479296                                                    
op     23   45   63   97   45   23   63   97                       -0.01644050811064009729                                                    
mvp2    0   45   63  103   45    0   63  103                       -0.00453270016433906121   -1.12213655575108695039                          
mvp2    0   30   63   97   30    0   63   97                        0.00315813019338652455    0.11807765513959628256                          
mvp2   25   27   75   78   27   25   75   78                       -0.07391950556319737409   -0.38676446999791685988                          
a_ia   75   78                                                      0.01158259144124382592                                                    
a_ia   25   26                                                      0.02671322916155223492                                                    
mvp2   11   45   63   97   45   11   63   97                       -0.02485368605630814201   -0.93120382108073396221                          
a_ia   52   90                                                     -0.00029435326175541435                                                    
op     12   29   64   81   29   12   64   81                       -0.00756505182177134080                                                    
a_ia   22   23                                                      0.33073254854054345842                                                    
a_ia   78   79                                                     -0.10137806513912790696                                                    
mvp2   22   26   74   78   26   22   74   78                       -0.05991631279594568371    0.65431684806318890502                          
a_ia   74   78                                                      0.00751665537127273273                                                    
a_ia   62   63                                                     -0.45015651098276776576                                                    
a_ia   22   26                                                      0.00683694637958416705                                                    
a_ia   22   31                                                     -0.00449458387306205225                                                    
mvp2   11   45   74   78   45   11   74   78                        0.00424290147826165715   -0.07818811368188284538                          
a_ia   62   97                                                     -0.00027518253625950209                                                    
mvp2   22   45   63   78   45   22   63   78                        0.01268815909180931456   -0.29212424499919875664                          
a_ia   63   78                                                      0.00638510100369506488                                                    
a_ia   63   78                                                     -0.00247435603812929316                                                    
a_ia   22   45                                                      0.00070046322578262883                                                    
a_ia   63   74                                                     -0.13144558098458036799                                                    
a_ia   74   97                                                      0.00032627428734546409                                                    
mvp2   23   45   63   78   45   23   63   78                       -0.00893043772310718117   -0.04367621592609669673                          
a_ia   78   83                                                      0.06692898206847165687                                                    
op     15   29   67   81   29   15   67   81                       -0.00866087092878148335                                                    
mvp2    0   51   52   85   51    0   52   85                        0.00322022526515769068   -0.04288230908505513000                          
mvp2    0   33   52   84   33    0   52   84                       -0.00432705828548229834    0.00567983232958485431                          
mvp3   75   78   77   79   75   77   79   78   75   77   78   79   -0.04252032556483442693    0.65722018238590396155   -0.07695122749792659977
mvp2   23   45   52  103   45   23   52  103                       -0.00781885768836753509    0.01055212234648981486                          
a_ia   52   54                                                     -0.31062869258437125763                                                    
a_ia   63   83                                                     -0.00017647576160354360                                                    
mvp2   11   26   74   79   26   11   74   79                       -0.00846042903739618359   -0.01352345107545053875                          
a_ia   75   78                                                      0.01602876950194782879                                                    
a_ia   74   75                                                      0.37658289767054409225                                                    
a_ia   74   77                                                      0.37515433969547062887                                                    
mvp2   22   26   77   78   26   22   77   78                        0.07709082027962357864    0.01508438618973341298                          
