op     25   26   77   78   26   25   77   78                       -0.11214385029342227584                                                    
op     23   27   75   79   27   23   75   79                       -0.06711904704688767542                                                    
mvp2   22   26   25   31   22   25   26   31                        0.02691031719157474522    0.10097338099826892732                          
a_ia   23   26                                                      0.01102823659204852681                                                    
op     23   31   75   83   31   23   75   83                       -0.01118205480600783716                                                    
a_ia   75   78                                                     -0.01672131793117541398                                                    
op      0   29   52   81   29    0   52   81                       -0.01229017598203724533                                                    
op      0   51   52  103   51    0   52  103                       -0.01160797135106233710                                                    
mvp2   22   26   77   83   26   22   77   83                        0.02832247498673343480   -0.67508123962404298357                          
op      0   32   52   84   32    0   52   84                       -0.00425836122837207863                                                    
op      0   33   52   85   33    0   52   85                       -0.00465575147247623052                                                    
op      0   34   52   86   34    0   52   86                       -0.00414207486306208180                                                    
op      0   40   52   92   40    0   52   92                       -0.00832118249609839662                                                    
op      0   35   52   87   35    0   52   87                       -0.00206578258465199994                                                    
op      0   45   52   97   45    0   52   97                       -0.00693949940701436493                                                    
op      0   38   52   90   38    0   52   90                       -0.00192778753549339424                                                    
mvp2    0   51   74   97   51    0   74   97                        0.01010773283131937740   -0.30953274830409449603                          
mvp2    0   34   74   97   34    0   74   97                        0.00218463266176070845   -0.01122405746687227604                          
mvp2    0   51   74   78   51    0   74   78                        0.00645762302440482452   -0.18808035858850724598                          
mvp2   23   26   75   78   26   23   75   78                       -0.05726251430678486187   -0.00040198500001206792                          
mvp3    0   45   22   51    0   22   51   45    0   22   45   51   -0.00426710691143291233   -0.15269210185684831127   -0.78427932019436674693
mvp3    0   33   22   45    0   22   45   33    0   22   33   45   -0.00266569381911688046   -0.09817847655996393696    0.03020311027342112778
mvp2   22   26   75   78   26   22   75   78                        0.02811566626819500883    0.15655846259540898147                          
op     11   26   63   78   26   11   63   78                       -0.02555217557415234708                                                    
op     23   45   63   97   45   23   63   97                       -0.00956452515126080677                                                    
mvp2    0   45   63  103   45    0   63  103                       -0.00397258388164484135   -0.21189041799204841321                          
mvp2    0   30   63   97   30    0   63   97                        0.00282550041466225711    0.02290843748671675742                          
mvp2   25   27   75   78   27   25   75   78                       -0.05674170063896309679   -0.77580017421521052512                          
a_ia   75   78                                                      0.01994553794692171741                                                    
a_ia   25   26                                                      0.02389949173947966687                                                    
mvp2   11   45   63   97   45   11   63   97                       -0.02062945673699104546   -0.00005212760533301555                          
