op     25   26   77   78   26   25   77   78                       -0.10276178266985579179                                                    
op     23   27   75   79   27   23   75   79                       -0.06707846725618982209                                                    
mvp2   22   26   25   31   22   25   26   31                        0.03723144288336206753    0.09934327594012616613                          
a_ia   23   26                                                      0.00391561853457130914                                                    
op     23   31   75   83   31   23   75   83                       -0.00842685860950415089                                                    
a_ia   75   78                                                     -0.01164193956095874519                                                    
op      0   29   52   81   29    0   52   81                       -0.01250030150833570698                                                    
op      0   51   52  103   51    0   52  103                       -0.01300470470751313549                                                    
mvp2   22   26   77   83   26   22   77   83                        0.02846462408751944395   -0.47253680217141424968                          
op      0   32   52   84   32    0   52   84                       -0.00425802754819335719                                                    
op      0   33   52   85   33    0   52   85                       -0.00451500593589846105                                                    
op      0   34   52   86   34    0   52   86                       -0.00375726684130181293                                                    
op      0   40   52   92   40    0   52   92                       -0.00830210106888247187                                                    
op      0   35   52   87   35    0   52   87                       -0.00184282231680129487                                                    
op      0   45   52   97   45    0   52   97                       -0.01533566886101144465                                                    
op      0   38   52   90   38    0   52   90                       -0.00138878339605246468                                                    
mvp2    0   51   74   97   51    0   74   97                        0.00557965620608328293   -0.25183431582796061976                          
mvp2    0   34   74   97   34    0   74   97                        0.00138413682658663551    0.24590070371227168433                          
mvp2    0   51   74   78   51    0   74   78                        0.00072039377771418802    0.16878422819288244061                          
mvp2   23   26   75   78   26   23   75   78                       -0.08674325150744459367   -0.02947022182864626749                          
mvp3    0   45   22   51    0   22   51   45    0   22   45   51   -0.00302148832654566260   -0.11303852501467401281   -0.80420318267430968007
mvp3    0   33   22   45    0   22   45   33    0   22   33   45   -0.00117624570625222296   -0.27739248730803223175    0.02349480211291958207
mvp2   22   26   75   78   26   22   75   78                        0.01809790546970246883   -0.05678908428117280388                          
op     11   26   63   78   26   11   63   78                       -0.02508118614972567467                                                    
op     23   45   63   97   45   23   63   97                       -0.01768542485370991346                                                    
mvp2    0   45   63  103   45    0   63  103                       -0.00477075470471371044   -1.13723990696154420021                          
mvp2    0   30   63   97   30    0   63   97                        0.00322756411976571952    0.11244904837723733448                          
mvp2   25   27   75   78   27   25   75   78                       -0.07019627762328313481   -0.53488551738407597025                          
a_ia   75   78                                                      0.01113385457784483307                                                    
a_ia   25   26                                                      0.03208073278167065945                                                    
mvp2   11   45   63   97   45   11   63   97                       -0.02615808746364286716   -0.89915049885469677804                          
a_ia   52   90                                                     -0.00026447926510328234                                                    
op     12   29   64   81   29   12   64   81                       -0.00756170370830406072                                                    
a_ia   22   23                                                      0.36117228876782481173                                                    
a_ia   78   79                                                     -0.11299136474349630310                                                    
mvp2   22   26   74   78   26   22   74   78                       -0.05954675984581164760    0.88352813796682005965                          
a_ia   74   78                                                      0.01090760771633920642                                                    
a_ia   62   63                                                     -0.42991639530427278038                                                    
a_ia   22   26                                                      0.00188463258452863038                                                    
a_ia   22   31                                                     -0.00444349201604800955                                                    
mvp2   11   45   74   78   45   11   74   78                        0.00709245903905965456   -0.06991102605180818386                          
a_ia   62   97                                                     -0.00024634675084211070                                                    
mvp2   22   45   63   78   45   22   63   78                        0.01342024222684849374   -0.26252802997739888013                          
a_ia   63   78                                                      0.00673114075462116247                                                    
a_ia   63   78                                                     -0.00212831173153440719                                                    
a_ia   22   45                                                      0.00026993699616322800                                                    
a_ia   63   74                                                     -0.20419024180694628212                                                    
a_ia   74   97                                                      0.00028552024640819939                                                    
mvp2   23   45   63   78   45   23   63   78                       -0.00835132265595058508   -0.03771762206122307448                          
a_ia   78   83                                                      0.06119474034666843448                                                    
op     15   29   67   81   29   15   67   81                       -0.00871002853237962636                                                    
mvp2    0   51   52   85   51    0   52   85                        0.00325779258322207851   -0.02690699536226429101                          
mvp2    0   33   52   84   33    0   52   84                       -0.00430322352927413245    0.00349707667819533887                          
mvp3   75   78   77   79   75   77   79   78   75   77   78   79   -0.02911838420459441495    0.73347288362132478934   -0.07145146809634157770
mvp2   23   45   52  103   45   23   52  103                       -0.00788458717814966709    0.00210903273666911617                          
a_ia   52   54                                                     -0.31113137269312146627                                                    
