op     25   26   77   78   26   25   77   78                       -0.10610915238898961654                                                    
op     23   27   75   79   27   23   75   79                       -0.07175438312442651567                                                    
mvp2   22   26   25   31   22   25   26   31                        0.03661784891966891192    0.07672749401341454056                          
a_ia   23   26                                                      0.01155387905706735906                                                    
op     23   31   75   83   31   23   75   83                       -0.00914691348822486115                                                    
a_ia   75   78                                                     -0.01471684340135980679                                                    
op      0   29   52   81   29    0   52   81                       -0.01225913006474516238                                                    
op      0   51   52  103   51    0   52  103                       -0.01100574979607717163                                                    
mvp2   22   26   77   83   26   22   77   83                        0.03046717035986655497   -0.48787394756153279474                          
op      0   32   52   84   32    0   52   84                       -0.00428240969835531025                                                    
op      0   33   52   85   33    0   52   85                       -0.00397803663859739101                                                    
op      0   34   52   86   34    0   52   86                       -0.00399885465185943843                                                    
op      0   40   52   92   40    0   52   92                       -0.00830750710528710933                                                    
op      0   35   52   87   35    0   52   87                       -0.00206379803286776964                                                    
op      0   45   52   97   45    0   52   97                       -0.01391557175784223672                                                    
op      0   38   52   90   38    0   52   90                       -0.00179259027260104541                                                    
mvp2    0   51   74   97   51    0   74   97                        0.00891205557054447310   -0.39832782146972345316                          
mvp2    0   34   74   97   34    0   74   97                        0.00217965408094442439    0.11411843669736994322                          
mvp2    0   51   74   78   51    0   74   78                        0.00329498041025857915   -0.03045357674820343280                          
mvp2   23   26   75   78   26   23   75   78                       -0.06319416968936351908   -0.00454755495907060124                          
mvp3    0   45   22   51    0   22   51   45    0   22   45   51   -0.00249140873112704874   -0.14350630269721600940   -0.68966609331534467486
mvp3    0   33   22   45    0   22   45   33    0   22   33   45   -0.00094686268958433378   -0.37028768227357355958    0.03438003370588842839
mvp2   22   26   75   78   26   22   75   78                        0.02274397109644805959   -0.04153100389984080987                          
op     11   26   63   78   26   11   63   78                       -0.02665448176015083881                                                    
op     23   45   63   97   45   23   63   97                       -0.01523133778172576155                                                    
mvp2    0   45   63  103   45    0   63  103                       -0.00437071090219633401   -1.11884038230411952952                          
mvp2    0   30   63   97   30    0   63   97                        0.00319831375254675445    0.12071946014969486827                          
mvp2   25   27   75   78   27   25   75   78                       -0.06645356930028972764   -0.84343978534452990203                          
a_ia   75   78                                                      0.01593812593799744104                                                    
a_ia   25   26                                                      0.03169707223753806535                                                    
mvp2   11   45   63   97   45   11   63   97                       -0.02371114637698198968   -0.91385065711037671843                          
a_ia   52   90                                                     -0.00042222056669068793                                                    
op     12   29   64   81   29   12   64   81                       -0.00774465600471113073                                                    
a_ia   22   23                                                      0.29542904655424945259                                                    
a_ia   78   79                                                     -0.18414007562365231063                                                    
mvp2   22   26   74   78   26   22   74   78                       -0.06182525695077011052    0.81246651890784826744                          
a_ia   74   78                                                      0.01156283142205019772                                                    
a_ia   62   63                                                     -0.46010668340651023067                                                    
a_ia   22   26                                                     -0.00255551685564505901                                                    
a_ia   22   31                                                     -0.00367133603225575740                                                    
mvp2   11   45   74   78   45   11   74   78                        0.01036656215688753178   -0.00056427660387877484                          
a_ia   62   97                                                     -0.00038509957101682570                                                    
mvp2   22   45   63   78   45   22   63   78                        0.01169882861485436847   -0.00052486906154198111                          
a_ia   63   78                                                      0.00777882632893469629                                                    
a_ia   63   78                                                     -0.00108064432202099490                                                    
