op     25   26   77   78   26   25   77   78                       -0.10786392056449162213                                                    
op     23   27   75   79   27   23   75   79                       -0.06400849317049339682                                                    
mvp2   22   26   25   31   22   25   26   31                        0.02061793477656443177    0.08851653871847857402                          
a_ia   23   26                                                      0.01024476662141810511                                                    
op     23   31   75   83   31   23   75   83                       -0.01195139127473465387                                                    
a_ia   75   78                                                      0.00934408049047357782                                                    
op      0   29   52   81   29    0   52   81                       -0.01229260118490043546                                                    
op      0   51   52  103   51    0   52  103                       -0.00830448611639542783                                                    
mvp2   22   26   77   83   26   22   77   83                        0.02852249950356622321   -0.00805686434596322894                          
op      0   32   52   84   32    0   52   84                       -0.00424034937768336204                                                    
op      0   33   52   85   33    0   52   85                       -0.00490587693117826469                                                    
op      0   34   52   86   34    0   52   86                       -0.00411585473875332626                                                    
op      0   40   52   92   40    0   52   92                       -0.00830453772462295611                                                    
op      0   35   52   87   35    0   52   87                       -0.00205101225453433985                                                    
op      0   45   52   97   45    0   52   97                       -0.00575575333920599463                                                    
op      0   38   52   90   38    0   52   90                       -0.00192315807233761952                                                    
mvp2    0   51   74   97   51    0   74   97                        0.00640891277510819823   -0.00219427379810389683                          
mvp2    0   34   74   97   34    0   74   97                        0.00221348816328255111   -0.00024136792133039889                          
mvp2    0   51   74   78   51    0   74   78                        0.00373109413940255191   -0.00113239666057700990                          
mvp2   23   26   75   78   26   23   75   78                       -0.04631369544149385037    0.00001127787038717904                          
