op     25   26   77   78   26   25   77   78                       -0.11401274523112643611                                                    
op     23   27   75   79   27   23   75   79                       -0.06692808341698538999                                                    
mvp2   22   26   25   31   22   25   26   31                        0.02064885570703154510    0.08950238997508305760                          
a_ia   23   26                                                      0.00985263481084034873                                                    
op     23   31   75   83   31   23   75   83                       -0.01271835076611631428                                                    
a_ia   75   78                                                      0.00854321301311880901                                                    
op      0   29   52   81   29    0   52   81                       -0.01229953698273706514                                                    
op      0   51   52  103   51    0   52  103                       -0.00829249234853818989                                                    
mvp2   22   26   77   83   26   22   77   83                        0.02872870333677783952   -0.00301898007006372922                          
op      0   32   52   84   32    0   52   84                       -0.00425267734378288222                                                    
op      0   33   52   85   33    0   52   85                       -0.00492345144324450937                                                    
op      0   34   52   86   34    0   52   86                       -0.00413005374991333787                                                    
op      0   40   52   92   40    0   52   92                       -0.00832436933663626213                                                    
op      0   35   52   87   35    0   52   87                       -0.00206590934089737272                                                    
op      0   45   52   97   45    0   52   97                       -0.00567185676057325224                                                    
op      0   38   52   90   38    0   52   90                       -0.00192594969145892889                                                    
mvp2    0   51   74   97   51    0   74   97                        0.00640674009716315617   -0.00012711849903604988                          
mvp2    0   34   74   97   34    0   74   97                        0.00221653899239617315   -0.00001051064303918680                          
mvp2    0   51   74   78   51    0   74   78                        0.00377008961161239822   -0.00002399638318714684                          
