op     25   26   77   78   26   25   77   78                       -0.10276497205345774821                                                    
op     23   27   75   79   27   23   75   79                       -0.06708325880914575712                                                    
mvp2   22   26   25   31   22   25   26   31                        0.03722325368405175056    0.09935479949124896570                          
a_ia   23   26                                                      0.00399024665526193176                                                    
op     23   31   75   83   31   23   75   83                       -0.00841138309370923973                                                    
a_ia   75   78                                                     -0.01159653441895417206                                                    
op      0   29   52   81   29    0   52   81                       -0.01252902452818481505                                                    
op      0   51   52  103   51    0   52  103                       -0.01313816087637686460                                                    
mvp2   22   26   77   83   26   22   77   83                        0.02846871428755845534   -0.47252629156415948408                          
op      0   32   52   84   32    0   52   84                       -0.00428374991535344571                                                    
op      0   33   52   85   33    0   52   85                       -0.00460916531248319050                                                    
op      0   34   52   86   34    0   52   86                       -0.00363300977105559825                                                    
op      0   40   52   92   40    0   52   92                       -0.00835927982107015008                                                    
op      0   35   52   87   35    0   52   87                       -0.00184141093836722369                                                    
op      0   45   52   97   45    0   52   97                       -0.01529492220774365981                                                    
op      0   38   52   90   38    0   52   90                       -0.00142366382849390492                                                    
mvp2    0   51   74   97   51    0   74   97                        0.00565072155838395110   -0.25167683931236373152                          
mvp2    0   34   74   97   34    0   74   97                        0.00140215390481741669    0.24540100632115977031                          
mvp2    0   51   74   78   51    0   74   78                        0.00079210962790661845    0.16863177311094415534                          
mvp2   23   26   75   78   26   23   75   78                       -0.08669664704869349536   -0.02940816689532378680                          
mvp3    0   45   22   51    0   22   51   45    0   22   45   51   -0.00308526069280656541   -0.11298015768369205902   -0.80375743506037955477
mvp3    0   33   22   45    0   22   45   33    0   22   33   45   -0.00112603111010207198   -0.27760049705247025198    0.02350696288641992288
mvp2   22   26   75   78   26   22   75   78                        0.01806151824964181626   -0.05675547890475802354                          
op     11   26   63   78   26   11   63   78                       -0.02501953389283193691                                                    
op     23   45   63   97   45   23   63   97                       -0.01766286519648170919                                                    
mvp2    0   45   63  103   45    0   63  103                       -0.00476287400949700155   -1.13735231197129493808                          
mvp2    0   30   63   97   30    0   63   97                        0.00337760997777972541    0.11250798762060344738                          
mvp2   25   27   75   78   27   25   75   78                       -0.07014149184112433710   -0.53477270033702406504                          
a_ia   75   78                                                      0.01117096265096705066                                                    
a_ia   25   26                                                      0.03200656466947809919                                                    
mvp2   11   45   63   97   45   11   63   97                       -0.02616139346450160191   -0.89916301555885813634                          
a_ia   52   90                                                     -0.00027366215804648745                                                    
op     12   29   64   81   29   12   64   81                       -0.00755670859236933379                                                    
a_ia   22   23                                                      0.36117071097351349795                                                    
a_ia   78   79                                                     -0.11278462655173872309                                                    
mvp2   22   26   74   78   26   22   74   78                       -0.05974565474085166000    0.88345687022477104033                          
a_ia   74   78                                                      0.01092355709774823699                                                    
a_ia   62   63                                                     -0.42993773065453877447                                                    
a_ia   22   26                                                      0.00186213700979924414                                                    
a_ia   22   31                                                     -0.00443953365696481660                                                    
mvp2   11   45   74   78   45   11   74   78                        0.00706049285966464050   -0.06991109902071544757                          
a_ia   62   97                                                     -0.00027403704602411055                                                    
mvp2   22   45   63   78   45   22   63   78                        0.01345675248467047974   -0.26271506114549586508                          
a_ia   63   78                                                      0.00672313793852089350                                                    
a_ia   63   78                                                     -0.00213631454958633721                                                    
a_ia   22   45                                                      0.00051207525325315322                                                    
a_ia   63   74                                                     -0.20403428358619846161                                                    
a_ia   74   97                                                      0.00044210579282281378                                                    
mvp2   23   45   63   78   45   23   63   78                       -0.00832172842993661281   -0.03732100089259784981                          
a_ia   78   83                                                      0.06121879816349914960                                                    
op     15   29   67   81   29   15   67   81                       -0.00866476936464048719                                                    
mvp2    0   51   52   85   51    0   52   85                        0.00327580406170455314   -0.02701838282039981110                          
mvp2    0   33   52   84   33    0   52   84                       -0.00429795196647542524    0.00351367880937425610                          
mvp3   75   78   77   79   75   77   79   78   75   77   78   79   -0.02910644075843019096    0.73351677436555273726   -0.07164021385720970025
mvp2   23   45   52  103   45   23   52  103                       -0.00802128619789642568    0.00211207617062684648                          
a_ia   52   54                                                     -0.31146868323393733791                                                    
a_ia   63   83                                                     -0.00064861183993504242                                                    
mvp2   11   26   74   79   26   11   74   79                       -0.01399057881143906355   -0.00007450146660082110                          
