op     25   26   77   78   26   25   77   78                       -0.11401925339866610110                                                    
op     23   27   75   79   27   23   75   79                       -0.06692776826687228675                                                    
mvp2   22   26   25   31   22   25   26   31                        0.02071328127016219822    0.08975253278092390485                          
a_ia   23   26                                                      0.00990385429889593417                                                    
op     23   31   75   83   31   23   75   83                       -0.01269792462672929105                                                    
a_ia   75   78                                                      0.00850007902567999352                                                    
op      0   29   52   81   29    0   52   81                       -0.01257827920601327018                                                    
op      0   51   52  103   51    0   52  103                       -0.00841734587577909997                                                    
mvp2   22   26   77   83   26   22   77   83                        0.02855971766085599328   -0.00217648798956251565                          
op      0   32   52   84   32    0   52   84                       -0.00441255361024855877                                                    
