op     25   26   77   78   26   25   77   78                       -0.11216725935392371505                                                    
op     23   27   75   79   27   23   75   79                       -0.06713536189890963179                                                    
mvp2   22   26   25   31   22   25   26   31                        0.02700995414313741433    0.10088187168165664576                          
a_ia   23   26                                                      0.01098232099032157329                                                    
op     23   31   75   83   31   23   75   83                       -0.01119872538786815044                                                    
a_ia   75   78                                                     -0.01675615414635116610                                                    
op      0   29   52   81   29    0   52   81                       -0.01229342554564238910                                                    
op      0   51   52  103   51    0   52  103                       -0.01161025860611307123                                                    
mvp2   22   26   77   83   26   22   77   83                        0.02831614449187225269   -0.67507896858954541397                          
op      0   32   52   84   32    0   52   84                       -0.00425863148500505578                                                    
op      0   33   52   85   33    0   52   85                       -0.00465681590074551628                                                    
op      0   34   52   86   34    0   52   86                       -0.00414200994250976239                                                    
op      0   40   52   92   40    0   52   92                       -0.00832343113375327327                                                    
op      0   35   52   87   35    0   52   87                       -0.00206637967409562927                                                    
op      0   45   52   97   45    0   52   97                       -0.00707845071327958125                                                    
op      0   38   52   90   38    0   52   90                       -0.00192505100189441594                                                    
mvp2    0   51   74   97   51    0   74   97                        0.01010970291522933842   -0.30954253330072362127                          
mvp2    0   34   74   97   34    0   74   97                        0.00218259828488504221   -0.01121549831222411718                          
mvp2    0   51   74   78   51    0   74   78                        0.00645754198077193049   -0.18809297817453055068                          
mvp2   23   26   75   78   26   23   75   78                       -0.05725174810018293647   -0.00040334400488337352                          
mvp3    0   45   22   51    0   22   51   45    0   22   45   51   -0.00427181632555251930   -0.15271004842302990379   -0.78428545412281613913
mvp3    0   33   22   45    0   22   45   33    0   22   33   45   -0.00266758521574115550   -0.09822331163251515895    0.03020740448599710387
mvp2   22   26   75   78   26   22   75   78                        0.02814012460394488269    0.15650196275535041557                          
op     11   26   63   78   26   11   63   78                       -0.02547984279191437690                                                    
op     23   45   63   97   45   23   63   97                       -0.00970583237549509266                                                    
mvp2    0   45   63  103   45    0   63  103                       -0.00385736180688704949   -0.21197611838071639401                          
mvp2    0   30   63   97   30    0   63   97                        0.00281695342007937024    0.02292176842137536030                          
mvp2   25   27   75   78   27   25   75   78                       -0.05671098423978649522   -0.77580024767979838263                          
a_ia   75   78                                                      0.01994826776749599254                                                    
a_ia   25   26                                                      0.02383940138030810063                                                    
mvp2   11   45   63   97   45   11   63   97                       -0.02071328000760568749   -0.00009078108557436344                          
a_ia   52   90                                                     -0.00026703511538519022                                                    
