op     25   26   77   78   26   25   77   78                       -0.10664142847254909352                                                    
op     23   27   75   79   27   23   75   79                       -0.07189665577808260211                                                    
mvp2   22   26   25   31   22   25   26   31                        0.03511978432817782630    0.08170819125696021645                          
a_ia   23   26                                                      0.00774686839698629937                                                    
op     23   31   75   83   31   23   75   83                       -0.00956763850747815829                                                    
a_ia   75   78                                                     -0.01498672199030192873                                                    
op      0   29   52   81   29    0   52   81                       -0.01221309840462160914                                                    
op      0   51   52  103   51    0   52  103                       -0.01067879731004281983                                                    
mvp2   22   26   77   83   26   22   77   83                        0.03049290403423457127   -0.68123880771606748485                          
op      0   32   52   84   32    0   52   84                       -0.00432844771935181945                                                    
op      0   33   52   85   33    0   52   85                       -0.00397006381112689592                                                    
op      0   34   52   86   34    0   52   86                       -0.00404789934880836044                                                    
op      0   40   52   92   40    0   52   92                       -0.00830054383943141551                                                    
op      0   35   52   87   35    0   52   87                       -0.00205488295170583226                                                    
op      0   45   52   97   45    0   52   97                       -0.01261978095600977193                                                    
op      0   38   52   90   38    0   52   90                       -0.00193203435505849932                                                    
mvp2    0   51   74   97   51    0   74   97                        0.00863252350236200748   -0.39686847709004574591                          
mvp2    0   34   74   97   34    0   74   97                        0.00210555234728410047    0.06130280894610105197                          
mvp2    0   51   74   78   51    0   74   78                        0.00256003275207014125   -0.26465519230569189979                          
mvp2   23   26   75   78   26   23   75   78                       -0.06248139050592310673   -0.00230862092449383039                          
mvp3    0   45   22   51    0   22   51   45    0   22   45   51   -0.00293646570046624021   -0.17943026120228344755   -0.61920089398027988725
mvp3    0   33   22   45    0   22   45   33    0   22   33   45   -0.00128277512749397642   -0.38385449595259774069    0.03892191097579723175
mvp2   22   26   75   78   26   22   75   78                        0.02310214539892600435   -0.04350773197139708864                          
op     11   26   63   78   26   11   63   78                       -0.02382559323513207955                                                    
op     23   45   63   97   45   23   63   97                       -0.01315519908934044586                                                    
mvp2    0   45   63  103   45    0   63  103                       -0.00393087978901620998   -0.93583430088627284071                          
mvp2    0   30   63   97   30    0   63   97                        0.00318722041007801424    0.14387779517267335061                          
mvp2   25   27   75   78   27   25   75   78                       -0.06507242938941053267   -0.84759988256037355203                          
a_ia   75   78                                                      0.01552766223580310731                                                    
a_ia   25   26                                                      0.02901348322887947404                                                    
mvp2   11   45   63   97   45   11   63   97                       -0.02090001835592818213   -0.62229552793691467194                          
a_ia   52   90                                                     -0.00038437514576165091                                                    
op     12   29   64   81   29   12   64   81                       -0.00772511755517812058                                                    
a_ia   22   23                                                      0.27703156643111154223                                                    
a_ia   78   79                                                     -0.15070403917888053336                                                    
mvp2   22   26   74   78   26   22   74   78                       -0.06165487300772817814    0.83229533536853295139                          
