op      5   23   41   59   23    5   41   59                       -0.04391233213037976091                                                    
op     12   23   41   59   23   12   41   59                        0.01168233683614659096                                                    
op      5   26   41   62   26    5   41   62                       -0.01496593643792833335                                                    
a_ia    5   19                                                      0.00107785963748241172                                                    
op      1   23   37   59   23    1   37   59                       -0.01002662429434839769                                                    
op      7   23   43   59   23    7   43   59                       -0.00609754561788176074                                                    
op      6   22   42   58   22    6   42   58                       -0.02404284243818862257                                                    
a_ia    6   22                                                     -0.00117733027218891928                                                    
op      3   22   42   58   22    3   42   58                        0.02234406111868098357                                                    
op      0   22   36   58   22    0   36   58                       -0.00957624375680667973                                                    
om      6   22   39   58   22    6   39   58                        0.02425131743841124621                                                    
om      1   22   36   58   22    1   36   58                        0.00300562037685547963                                                    
op      4   22   40   58   22    4   40   58                       -0.01563363349455369408                                                    
op     16   18   52   54   18   16   52   54                       -0.01087410324099849848                                                    
op      0   22   37   58   22    0   37   58                        0.00293286902361261431                                                    
op      0   18   36   54   18    0   36   54                       -0.00918193295368383011                                                    
a_ia   36   54                                                     -0.00232591717562261220                                                    
a_ia    0   18                                                     -0.00209148314665998526                                                    
a_ia   42   54                                                     -0.00264131505924923961                                                    
mvp2    5   19   41   62   19    5   41   62                        0.00783714433314515457   -0.00070242554847386909                          
a_ia    3   18                                                      0.00260016752689184397                                                    
op      4   22   39   58   22    4   39   58                       -0.01037832016337901508                                                    
om      3   22   39   58   22    3   39   58                       -0.02700072191647015854                                                    
a_ia   39   58                                                      0.00026476214144251534                                                    
op      5   26   41   55   26    5   41   55                        0.00784955691480558430                                                    
mvp2    0   18   39   58   18    0   39   58                       -0.01076364892235612616   -0.16830081608430758067                          
a_ia    3   22                                                      0.00124124612311673544                                                    
mvp2    5   19   41   55   19    5   41   55                       -0.00890495037904177195    0.00037398364188995410                          
mvp2    0   19   36   54   19    0   36   54                       -0.00437678199221491586    0.00916117755215742867                          
mvp2    6   22   36   54   22    6   36   54                        0.01151253253935646467   -0.20935958355490660865                          
