op      5   23   41   59   23    5   41   59                       -0.04398353023787176380                                                    
op     12   23   41   59   23   12   41   59                        0.01167451684713007379                                                    
op      5   26   41   62   26    5   41   62                       -0.01501724584424428931                                                    
a_ia    5   19                                                      0.00113862560798923479                                                    
op      1   23   37   59   23    1   37   59                       -0.01002170067909194384                                                    
op      7   23   43   59   23    7   43   59                       -0.00608987942663413457                                                    
op      6   22   42   58   22    6   42   58                       -0.02319208838215972707                                                    
a_ia    6   22                                                     -0.00137440373294122156                                                    
op      3   22   42   58   22    3   42   58                        0.02229746789308219290                                                    
op      0   22   36   58   22    0   36   58                       -0.00927530797128997379                                                    
om      6   22   39   58   22    6   39   58                        0.02336811304163627714                                                    
om      1   22   36   58   22    1   36   58                        0.00292593188835060108                                                    
op      4   22   40   58   22    4   40   58                       -0.01552945157129905981                                                    
op     16   18   52   54   18   16   52   54                       -0.01087629475520138743                                                    
op      0   22   37   58   22    0   37   58                        0.00296565687832219026                                                    
op      0   18   36   54   18    0   36   54                       -0.00974432410324544210                                                    
a_ia   36   54                                                     -0.00257098485067706753                                                    
a_ia    0   18                                                     -0.00210282368512317843                                                    
a_ia   42   54                                                     -0.00261308327613616123                                                    
mvp2    5   19   41   62   19    5   41   62                        0.00755184612416294476   -0.00035644981132199527                          
a_ia    3   18                                                      0.00202778860142896478                                                    
op      4   22   39   58   22    4   39   58                       -0.01040395130633183646                                                    
om      3   22   39   58   22    3   39   58                       -0.02697159418570309677                                                    
a_ia   39   58                                                      0.00040898009720285241                                                    
op      5   26   41   55   26    5   41   55                        0.00755374175099107151                                                    
mvp2    0   18   39   58   18    0   39   58                       -0.01070617592388182007   -0.16756808738000844583                          
