op      5   23   41   59   23    5   41   59                       -0.04391029897948574290                                                    
op     12   23   41   59   23   12   41   59                        0.01168415643084631111                                                    
op      5   26   41   62   26    5   41   62                       -0.01496723062910082155                                                    
a_ia    5   19                                                      0.00109706808116129956                                                    
op      1   23   37   59   23    1   37   59                       -0.01002757939517343565                                                    
op      7   23   43   59   23    7   43   59                       -0.00608923854753011182                                                    
op      6   22   42   58   22    6   42   58                       -0.02439888620878928951                                                    
a_ia    6   22                                                     -0.00116374353708342034                                                    
op      3   22   42   58   22    3   42   58                        0.02206194875060208185                                                    
op      0   22   36   58   22    0   36   58                       -0.00933175982885490161                                                    
om      6   22   39   58   22    6   39   58                        0.02429440115756571414                                                    
om      1   22   36   58   22    1   36   58                        0.00289966402358968244                                                    
op      4   22   40   58   22    4   40   58                       -0.01590743331008792269                                                    
op     16   18   52   54   18   16   52   54                       -0.01087906789481019910                                                    
op      0   22   37   58   22    0   37   58                        0.00294702629335579034                                                    
op      0   18   36   54   18    0   36   54                       -0.00937757599510105622                                                    
a_ia   36   54                                                     -0.00219282762815678533                                                    
a_ia    0   18                                                     -0.00224865570619202024                                                    
a_ia   42   54                                                     -0.00283989108111293732                                                    
mvp2    5   19   41   62   19    5   41   62                        0.00784195028616871924   -0.00070904959936535521                          
a_ia    3   18                                                      0.00252463369575706750                                                    
op      4   22   39   58   22    4   39   58                       -0.01020671204912551935                                                    
om      3   22   39   58   22    3   39   58                       -0.02691600733949301924                                                    
a_ia   39   58                                                      0.00036580987171044063                                                    
op      5   26   41   55   26    5   41   55                        0.00784971055891727117                                                    
mvp2    0   18   39   58   18    0   39   58                       -0.01066211149126209019   -0.16983670841287343278                          
a_ia    3   22                                                      0.00121567590267544854                                                    
mvp2    5   19   41   55   19    5   41   55                       -0.00890672597326941894    0.00038121443693508832                          
mvp2    0   19   36   54   19    0   36   54                       -0.00440754861275152211    0.00930407874129064554                          
mvp2    6   22   36   54   22    6   36   54                        0.01153467268241247998   -0.20940544153776755043                          
a_ia    0   19                                                      0.00096895647951078599                                                    
mvp2    6   22   40   58   22    6   40   58                        0.01257140367795270101   -0.00055352277499110003                          
a_ia   40   58                                                      0.00220235937305683247                                                    
a_ia   39   54                                                      0.00278228083931247872                                                    
