op      5   23   41   59   23    5   41   59                       -0.04433986245584804753                                                    
op     12   23   41   59   23   12   41   59                        0.01169186838910707578                                                    
op      5   26   41   62   26    5   41   62                       -0.01480837850101040208                                                    
a_ia    5   19                                                      0.00154737546889456958                                                    
op      1   23   37   59   23    1   37   59                       -0.01000648180213114559                                                    
op      7   23   43   59   23    7   43   59                       -0.00608671689053753330                                                    
op      6   22   42   58   22    6   42   58                       -0.02470514933807187521                                                    
a_ia    6   22                                                     -0.00056069220953237442                                                    
op      3   22   42   58   22    3   42   58                        0.02047089919250397877                                                    
op      0   22   36   58   22    0   36   58                       -0.00985335462909175258                                                    
om      6   22   39   58   22    6   39   58                        0.02047678194821011058                                                    
om      1   22   36   58   22    1   36   58                        0.00323154058329517971                                                    
op      4   22   40   58   22    4   40   58                       -0.01565894420781185209                                                    
op     16   18   52   54   18   16   52   54                       -0.01094294757286754481                                                    
op      0   22   37   58   22    0   37   58                        0.00314300834011855970                                                    
