op      5   23   41   59   23    5   41   59                       -0.04391023209836794616                                                    
op     12   23   41   59   23   12   41   59                        0.01168352724924084755                                                    
op      5   26   41   62   26    5   41   62                       -0.01496651921283594089                                                    
a_ia    5   19                                                      0.00107834940804823359                                                    
op      1   23   37   59   23    1   37   59                       -0.01003041281744874828                                                    
op      7   23   43   59   23    7   43   59                       -0.00609014235314399993                                                    
op      6   22   42   58   22    6   42   58                       -0.02405307485559271888                                                    
a_ia    6   22                                                     -0.00114747300502720693                                                    
op      3   22   42   58   22    3   42   58                        0.02216212799485966015                                                    
op      0   22   36   58   22    0   36   58                       -0.00932629854136248458                                                    
om      6   22   39   58   22    6   39   58                        0.02412605364358355250                                                    
om      1   22   36   58   22    1   36   58                        0.00298521089946129610                                                    
op      4   22   40   58   22    4   40   58                       -0.01550548445842129565                                                    
op     16   18   52   54   18   16   52   54                       -0.01087471062668888232                                                    
op      0   22   37   58   22    0   37   58                        0.00305875580513675135                                                    
op      0   18   36   54   18    0   36   54                       -0.00933906865215109946                                                    
a_ia   36   54                                                     -0.00220074458466642088                                                    
a_ia    0   18                                                     -0.00217714756651641358                                                    
a_ia   42   54                                                     -0.00264061192657258229                                                    
mvp2    5   19   41   62   19    5   41   62                        0.00783770496448936947   -0.00070295632478914211                          
a_ia    3   18                                                      0.00258210085864542813                                                    
op      4   22   39   58   22    4   39   58                       -0.01033632139141278140                                                    
om      3   22   39   58   22    3   39   58                       -0.02693783333034771577                                                    
a_ia   39   58                                                      0.00030839763652491998                                                    
op      5   26   41   55   26    5   41   55                        0.00784873606058685870                                                    
mvp2    0   18   39   58   18    0   39   58                       -0.01061216276779692290   -0.16842897654072164215                          
a_ia    3   22                                                      0.00122418684183175312                                                    
mvp2    5   19   41   55   19    5   41   55                       -0.00890533043278187234    0.00037455987660321748                          
mvp2    0   19   36   54   19    0   36   54                       -0.00435198889934007051    0.00917451430433422616                          
mvp2    6   22   36   54   22    6   36   54                        0.01150059264084830196   -0.20936481840857848469                          
a_ia    0   19                                                      0.00089752613412326984                                                    
