op      5   23   41   59   23    5   41   59                       -0.04390925344474416736                                                    
op     12   23   41   59   23   12   41   59                        0.01168375975993636053                                                    
op      5   26   41   62   26    5   41   62                       -0.01496698972430089356                                                    
a_ia    5   19                                                      0.00094991711280201414                                                    
op      1   23   37   59   23    1   37   59                       -0.01002770922861119865                                                    
op      7   23   43   59   23    7   43   59                       -0.00609103858893063777                                                    
op      6   22   42   58   22    6   42   58                       -0.02437314984068328361                                                    
a_ia    6   22                                                     -0.00115488731748180696                                                    
op      3   22   42   58   22    3   42   58                        0.02210204085540492733                                                    
op      0   22   36   58   22    0   36   58                       -0.00943152561407705793                                                    
om      6   22   39   58   22    6   39   58                        0.02448205296390207342                                                    
om      1   22   36   58   22    1   36   58                        0.00290989329081973872                                                    
op      4   22   40   58   22    4   40   58                       -0.01610985019610622695                                                    
op     16   18   52   54   18   16   52   54                       -0.01091239195232764081                                                    
op      0   22   37   58   22    0   37   58                        0.00294488931542086522                                                    
op      0   18   36   54   18    0   36   54                       -0.00929867558922801637                                                    
a_ia   36   54                                                     -0.00211334382538094952                                                    
a_ia    0   18                                                     -0.00223232833881239351                                                    
a_ia   42   54                                                     -0.00267912371912290906                                                    
mvp2    5   19   41   62   19    5   41   62                        0.00784461342029041039   -0.00071499005454221665                          
a_ia    3   18                                                      0.00284896010490146142                                                    
op      4   22   39   58   22    4   39   58                       -0.01026123932988665111                                                    
om      3   22   39   58   22    3   39   58                       -0.02696661417564570271                                                    
a_ia   39   58                                                      0.00038560729517350347                                                    
op      5   26   41   55   26    5   41   55                        0.00784969721849637994                                                    
mvp2    0   18   39   58   18    0   39   58                       -0.01045398292994280907   -0.17118641180102250887                          
a_ia    3   22                                                      0.00111603534000881801                                                    
mvp2    5   19   41   55   19    5   41   55                       -0.00890766336635219307    0.00038764686314115556                          
mvp2    0   19   36   54   19    0   36   54                       -0.00443060745324313707    0.00943063094939943815                          
mvp2    6   22   36   54   22    6   36   54                        0.01140658258627613025   -0.20947155860443247843                          
a_ia    0   19                                                      0.00103215489305826208                                                    
mvp2    6   22   40   58   22    6   40   58                        0.01244588773772837588   -0.00108613952298823309                          
a_ia   40   58                                                      0.00232553003371741658                                                    
a_ia   39   54                                                      0.00253521351609180268                                                    
mvp2    0   22   39   54   22    0   39   54                       -0.00576572501446459638   -0.00063347977630420793                          
mvp2    4   18   40   58   18    4   40   58                        0.00783017066761912926    0.00028179529290800205                          
a_ia    6   18                                                     -0.00179402913685496219                                                    
