op      5   23   41   59   23    5   41   59                       -0.04390817914609095735                                                    
op     12   23   41   59   23   12   41   59                        0.01168271350363773130                                                    
op      5   26   41   62   26    5   41   62                       -0.01496635126874182146                                                    
a_ia    5   19                                                      0.00087274063815227093                                                    
op      1   23   37   59   23    1   37   59                       -0.01002758935823595474                                                    
op      7   23   43   59   23    7   43   59                       -0.00609053042382914998                                                    
op      6   22   42   58   22    6   42   58                       -0.02432973905867858236                                                    
a_ia    6   22                                                     -0.00113871994299902420                                                    
op      3   22   42   58   22    3   42   58                        0.02211816922421789428                                                    
op      0   22   36   58   22    0   36   58                       -0.00960005446163168102                                                    
om      6   22   39   58   22    6   39   58                        0.02442774706516010613                                                    
om      1   22   36   58   22    1   36   58                        0.00295301026494941554                                                    
op      4   22   40   58   22    4   40   58                       -0.01610549068945817813                                                    
op     16   18   52   54   18   16   52   54                       -0.01089635331041282490                                                    
op      0   22   37   58   22    0   37   58                        0.00304261249544757629                                                    
op      0   18   36   54   18    0   36   54                       -0.00939405757926095077                                                    
a_ia   36   54                                                     -0.00217807564854102667                                                    
a_ia    0   18                                                     -0.00193613266169295403                                                    
a_ia   42   54                                                     -0.00278030062711537426                                                    
mvp2    5   19   41   62   19    5   41   62                        0.00784460342126062742   -0.00072390947600529205                          
a_ia    3   18                                                      0.00258588559923258283                                                    
op      4   22   39   58   22    4   39   58                       -0.01018917060055295892                                                    
om      3   22   39   58   22    3   39   58                       -0.02690407521858223516                                                    
a_ia   39   58                                                      0.00051204978612564059                                                    
op      5   26   41   55   26    5   41   55                        0.00784939150900997896                                                    
mvp2    0   18   39   58   18    0   39   58                       -0.01022064621205435314   -0.17331562227352337313                          
a_ia    3   22                                                      0.00114030628529751001                                                    
mvp2    5   19   41   55   19    5   41   55                       -0.00890706275080296525    0.00039725643844077296                          
mvp2    0   19   36   54   19    0   36   54                       -0.00443830593028086192    0.00964203920609439311                          
mvp2    6   22   36   54   22    6   36   54                        0.01138536581723331026   -0.20959580682816963959                          
a_ia    0   19                                                      0.00116451191325524944                                                    
mvp2    6   22   40   58   22    6   40   58                        0.01245550002002308865   -0.00196507093389119720                          
a_ia   40   58                                                      0.00224652016395250143                                                    
a_ia   39   54                                                      0.00258260250899868720                                                    
mvp2    0   22   39   54   22    0   39   54                       -0.00575035375129919792   -0.00168861417404654146                          
mvp2    4   18   40   58   18    4   40   58                        0.00784360989023673988    0.00070260826393363620                          
a_ia    6   18                                                     -0.00227975403930848197                                                    
a_ia    4   18                                                     -0.00626136919270105143                                                    
mvp2    0   18   42   58   18    0   42   58                        0.01119953389921111118    0.00013649575222699430                          
