op      5   23   41   59   23    5   41   59                       -0.04387484483312194955                                                    
op     12   23   41   59   23   12   41   59                        0.01163875584595299058                                                    
op      5   26   41   62   26    5   41   62                       -0.01496369001474823560                                                    
a_ia    5   19                                                      0.00094300788877633838                                                    
op      1   23   37   59   23    1   37   59                       -0.01007828910278223480                                                    
op      7   23   43   59   23    7   43   59                       -0.00609553774739941736                                                    
op      6   22   42   58   22    6   42   58                       -0.02796205088349635465                                                    
a_ia    6   22                                                     -0.00249950072224721558                                                    
op      3   22   42   58   22    3   42   58                        0.02268488454030464715                                                    
op      0   22   36   58   22    0   36   58                       -0.01023137246674536878                                                    
om      6   22   39   58   22    6   39   58                        0.02628723871872120851                                                    
om      1   22   36   58   22    1   36   58                        0.00306558106870840393                                                    
op      4   22   40   58   22    4   40   58                       -0.00971819152258051981                                                    
op     16   18   52   54   18   16   52   54                       -0.01087153635502219849                                                    
op      0   22   37   58   22    0   37   58                        0.00340110713818324827                                                    
op      0   18   36   54   18    0   36   54                       -0.00888627256205434639                                                    
a_ia   36   54                                                     -0.00229830238170046410                                                    
a_ia    0   18                                                     -0.00171803414367462061                                                    
a_ia   42   54                                                     -0.00278608670284419746                                                    
mvp2    5   19   41   62   19    5   41   62                        0.00784153861996509868   -0.00125629458056447673                          
a_ia    3   18                                                      0.00248631634716366730                                                    
op      4   22   39   58   22    4   39   58                        0.00028576799817183265                                                    
om      3   22   39   58   22    3   39   58                       -0.02643425913419683929                                                    
a_ia   39   58                                                      0.00064220638804276045                                                    
op      5   26   41   55   26    5   41   55                        0.00784846332951979510                                                    
mvp2    0   18   39   58   18    0   39   58                       -0.01014534515198368958   -0.21288787288551055954                          
a_ia    3   22                                                      0.00139382967374839699                                                    
mvp2    5   19   41   55   19    5   41   55                       -0.00890483176640817845    0.00097319323528016896                          
mvp2    0   19   36   54   19    0   36   54                       -0.00432018661891901343    0.12305755710119579971                          
mvp2    6   22   36   54   22    6   36   54                        0.01246322101070158547   -0.21747061864802263997                          
a_ia    0   19                                                      0.00093887776916416798                                                    
mvp2    6   22   40   58   22    6   40   58                        0.01802932427989868691   -0.13105599591887273636                          
a_ia   40   58                                                      0.00193159064483627830                                                    
a_ia   39   54                                                      0.00275541477160112878                                                    
mvp2    0   22   39   54   22    0   39   54                       -0.00570095780959272921   -0.06665072613642676613                          
mvp2    4   18   40   58   18    4   40   58                        0.00562600418577055648    0.04657509007313028609                          
a_ia    6   18                                                      0.00039719931037862888                                                    
a_ia    4   18                                                     -0.00618500649177644926                                                    
mvp2    0   18   42   58   18    0   42   58                        0.01090574320497553901    0.07035659830848628449                          
a_ia   36   58                                                      0.00094229152967555986                                                    
mvp2    0   22   42   54   22    0   42   54                        0.00556233404281891979    0.05159758234519909448                          
a_ia    4    6                                                      0.43524944731117853891                                                    
op     12   21   48   57   21   12   48   57                       -0.02098772394248149195                                                    
a_ia   37   59                                                      0.00016240876354483267                                                    
