op      5   23   41   59   23    5   41   59                       -0.04391069085085721330                                                    
op     12   23   41   59   23   12   41   59                        0.01168386957946405263                                                    
op      5   26   41   62   26    5   41   62                       -0.01496633871065627779                                                    
a_ia    5   19                                                      0.00109672664378030003                                                    
op      1   23   37   59   23    1   37   59                       -0.01002930501675164225                                                    
op      7   23   43   59   23    7   43   59                       -0.00609136335442498743                                                    
op      6   22   42   58   22    6   42   58                       -0.02435889625951010926                                                    
a_ia    6   22                                                     -0.00116875791141862273                                                    
op      3   22   42   58   22    3   42   58                        0.02210122918114915125                                                    
op      0   22   36   58   22    0   36   58                       -0.00939046630980676020                                                    
om      6   22   39   58   22    6   39   58                        0.02437051425043770814                                                    
om      1   22   36   58   22    1   36   58                        0.00295479766720517815                                                    
op      4   22   40   58   22    4   40   58                       -0.01587402261358594399                                                    
op     16   18   52   54   18   16   52   54                       -0.01087808680259696840                                                    
op      0   22   37   58   22    0   37   58                        0.00295546562821602998                                                    
op      0   18   36   54   18    0   36   54                       -0.00926897021241664294                                                    
a_ia   36   54                                                     -0.00218204725386349262                                                    
a_ia    0   18                                                     -0.00223541059074527535                                                    
a_ia   42   54                                                     -0.00283887741291286152                                                    
mvp2    5   19   41   62   19    5   41   62                        0.00784160844799124297   -0.00070945996873204051                          
a_ia    3   18                                                      0.00252494615525760942                                                    
op      4   22   39   58   22    4   39   58                       -0.01018715816407162952                                                    
om      3   22   39   58   22    3   39   58                       -0.02686981260182565515                                                    
a_ia   39   58                                                      0.00037082360925037438                                                    
op      5   26   41   55   26    5   41   55                        0.00784914712922457278                                                    
mvp2    0   18   39   58   18    0   39   58                       -0.01065280886361660330   -0.16992846824431812047                          
a_ia    3   22                                                      0.00121836024534250514                                                    
mvp2    5   19   41   55   19    5   41   55                       -0.00890652354820049667    0.00038165700890220865                          
mvp2    0   19   36   54   19    0   36   54                       -0.00440131584323998157    0.00931281703611533569                          
mvp2    6   22   36   54   22    6   36   54                        0.01150385662375642132   -0.20940779573363479948                          
a_ia    0   19                                                      0.00097510400747320681                                                    
mvp2    6   22   40   58   22    6   40   58                        0.01248005889540471265   -0.00058984195386454379                          
a_ia   40   58                                                      0.00220781717461012795                                                    
a_ia   39   54                                                      0.00275252481372139811                                                    
mvp2    0   22   39   54   22    0   39   54                       -0.00573989851911731359   -0.00004187402956661027                          
