op      5   23   41   59   23    5   41   59                       -0.04391066694130613818                                                    
op     12   23   41   59   23   12   41   59                        0.01168379311830967764                                                    
op      5   26   41   62   26    5   41   62                       -0.01496662432247723717                                                    
a_ia    5   19                                                      0.00109670520057738945                                                    
op      1   23   37   59   23    1   37   59                       -0.01002828652494340556                                                    
op      7   23   43   59   23    7   43   59                       -0.00609117357219178361                                                    
op      6   22   42   58   22    6   42   58                       -0.02436336664693957571                                                    
a_ia    6   22                                                     -0.00117777171883773520                                                    
op      3   22   42   58   22    3   42   58                        0.02208983977003416144                                                    
op      0   22   36   58   22    0   36   58                       -0.00942790685927946334                                                    
om      6   22   39   58   22    6   39   58                        0.02447893937210464041                                                    
om      1   22   36   58   22    1   36   58                        0.00292732628619878522                                                    
op      4   22   40   58   22    4   40   58                       -0.01586191426993237980                                                    
op     16   18   52   54   18   16   52   54                       -0.01087740540090620898                                                    
op      0   22   37   58   22    0   37   58                        0.00296594548850292669                                                    
op      0   18   36   54   18    0   36   54                       -0.00937515733723191975                                                    
a_ia   36   54                                                     -0.00212518050585299139                                                    
a_ia    0   18                                                     -0.00220578347851863770                                                    
a_ia   42   54                                                     -0.00282351722803273050                                                    
mvp2    5   19   41   62   19    5   41   62                        0.00784162597632429015   -0.00070998660607157738                          
a_ia    3   18                                                      0.00252551576668671920                                                    
op      4   22   39   58   22    4   39   58                       -0.01023791872673512383                                                    
om      3   22   39   58   22    3   39   58                       -0.02697976420234398862                                                    
a_ia   39   58                                                      0.00039965161856445671                                                    
op      5   26   41   55   26    5   41   55                        0.00784913484832588070                                                    
mvp2    0   18   39   58   18    0   39   58                       -0.01052543386471890656   -0.17004688546326165999                          
a_ia    3   22                                                      0.00121237864260749658                                                    
mvp2    5   19   41   55   19    5   41   55                       -0.00890646025425701621    0.00038222530904287206                          
mvp2    0   19   36   54   19    0   36   54                       -0.00446160803232982343    0.00932383565261491083                          
mvp2    6   22   36   54   22    6   36   54                        0.01133740718246092384   -0.20941404306931635237                          
a_ia    0   19                                                      0.00101122446975398356                                                    
mvp2    6   22   40   58   22    6   40   58                        0.01246235661403937052   -0.00063665388602513872                          
a_ia   40   58                                                      0.00220797314524396075                                                    
a_ia   39   54                                                      0.00267632966060589840                                                    
mvp2    0   22   39   54   22    0   39   54                       -0.00573769330469449217   -0.00009721460638201853                          
mvp2    4   18   40   58   18    4   40   58                        0.00785513364689726518    0.00002699425049773281                          
