op      5   23   41   59   23    5   41   59                       -0.04434092501562434535                                                    
op     12   23   41   59   23   12   41   59                        0.01169221069520335297                                                    
op      5   26   41   62   26    5   41   62                       -0.01480871016688964197                                                    
a_ia    5   19                                                      0.00153750670448896294                                                    
op      1   23   37   59   23    1   37   59                       -0.01000649359262729965                                                    
op      7   23   43   59   23    7   43   59                       -0.00608725010844060350                                                    
op      6   22   42   58   22    6   42   58                       -0.02471536994625822548                                                    
a_ia    6   22                                                     -0.00061813025906646104                                                    
op      3   22   42   58   22    3   42   58                        0.02046954985596437238                                                    
op      0   22   36   58   22    0   36   58                       -0.00976657552773400536                                                    
om      6   22   39   58   22    6   39   58                        0.02047488996467165118                                                    
om      1   22   36   58   22    1   36   58                        0.00313810250459163522                                                    
op      4   22   40   58   22    4   40   58                       -0.01564379568110162849                                                    
op     16   18   52   54   18   16   52   54                       -0.01086544256051553449                                                    
op      0   22   37   58   22    0   37   58                        0.00314148746938148994                                                    
op      0   18   36   54   18    0   36   54                       -0.01056499407939937712                                                    
a_ia   36   54                                                     -0.00260794199974486189                                                    
