op      5   23   41   59   23    5   41   59                       -0.04433999501309566355                                                    
op     12   23   41   59   23   12   41   59                        0.01169198816024601302                                                    
op      5   26   41   62   26    5   41   62                       -0.01480835594893569612                                                    
a_ia    5   19                                                      0.00154920742332762917                                                    
op      1   23   37   59   23    1   37   59                       -0.01000644097868620165                                                    
op      7   23   43   59   23    7   43   59                       -0.00608676497729342472                                                    
op      6   22   42   58   22    6   42   58                       -0.02481544173931771180                                                    
a_ia    6   22                                                     -0.00045017632383900481                                                    
op      3   22   42   58   22    3   42   58                        0.02053116487109411109                                                    
op      0   22   36   58   22    0   36   58                       -0.00981305864501773144                                                    
om      6   22   39   58   22    6   39   58                        0.02053748797429594611                                                    
om      1   22   36   58   22    1   36   58                        0.00322873127632880954                                                    
op      4   22   40   58   22    4   40   58                       -0.01564962689251930134                                                    
