op     18   24   46   52   24   18   46   52                       -0.02998359813987529557                                                    
op     17   24   45   52   24   17   45   52                       -0.01989764558414207005                                                    
op      2   22   30   50   22    2   30   50                       -0.00856378912200894682                                                    
mvp2   46   51   47   52   46   47   51   52                        0.01371641090499720224    0.45040397769811257866                          
a_ia   44   51                                                     -0.00908078269345423406                                                    
a_ia   44   52                                                     -0.00249297159239682525                                                    
mvp2   19   25   46   52   25   19   46   52                       -0.00926603692256919645   -0.35683168096363115929                          
a_ia   19   25                                                      0.00434199259783283123                                                    
a_ia   16   24                                                     -0.00218060806843544666                                                    
a_ia   41   50                                                      0.00122832255607004419                                                    
a_ia   44   54                                                      0.00636113647209332091                                                    
a_ia   44   55                                                     -0.00239546546547835231                                                    
a_ia   17   21                                                      0.00568193833283436953                                                    
mvp2   18   24   47   54   24   18   47   54                        0.01124131627085113612   -0.00131003121946155106                          
a_ia   17   23                                                     -0.00197320066878451696                                                    
op     10   22   30   50   22   10   30   50                       -0.00339448057887115724                                                    
mvp2   17   24   47   53   24   17   47   53                       -0.00667012668740765095    0.00011139893629407661                          
