op     18   24   46   52   24   18   46   52                       -0.02990983542611403562                                                    
op     17   24   45   52   24   17   45   52                       -0.01988709161043067733                                                    
op      2   22   30   50   22    2   30   50                       -0.00857819622952686600                                                    
mvp2   46   51   47   52   46   47   51   52                        0.01368169965907061782    0.45027768440617255141                          
a_ia   44   51                                                     -0.00909909797966771024                                                    
a_ia   44   52                                                     -0.00250034471151008636                                                    
mvp2   19   25   46   52   25   19   46   52                       -0.00926657290654002430   -0.35700029838420305195                          
a_ia   19   25                                                      0.00439985586917723305                                                    
a_ia   16   24                                                     -0.00217709000084375390                                                    
a_ia   41   50                                                      0.00126422377917033619                                                    
a_ia   44   54                                                      0.00561299406505074479                                                    
a_ia   44   55                                                     -0.00241472634278954183                                                    
a_ia   17   21                                                      0.00629921817711879758                                                    
