op     18   24   46   52   24   18   46   52                       -0.03007763548462052267                                                    
op     17   24   45   52   24   17   45   52                       -0.02012655309437127657                                                    
op      2   22   30   50   22    2   30   50                       -0.00856910088517179314                                                    
mvp2   46   51   47   52   46   47   51   52                        0.01361322116096176128    0.45004075923649916602                          
a_ia   44   51                                                     -0.00920350365502688346                                                    
a_ia   44   52                                                     -0.00251425108857099549                                                    
mvp2   19   25   46   52   25   19   46   52                       -0.00929389055738967865   -0.35742990094237220289                          
a_ia   19   25                                                      0.00441879710298445812                                                    
a_ia   16   24                                                     -0.00218141735388367383                                                    
a_ia   41   50                                                      0.00127482602906414579                                                    
a_ia   44   54                                                      0.00556948128798905734                                                    
