-2.617746292901363745e+02
-2.617817475142800276e+02
-2.617892662002491875e+02
-2.617902101645124162e+02
-2.617937359646793993e+02
-2.617975189354492045e+02
-2.618038370430945179e+02
-2.618067934053519252e+02
-2.618095651654164158e+02
-2.618112246234085205e+02
-2.618147655854211848e+02
-2.618186735948244177e+02
-2.618225836218870768e+02
-2.618259202882043724e+02
-2.618272495818276866e+02
-2.618284928914458192e+02
-2.618334034533967269e+02
-2.618367303807946769e+02
-2.618385378131624748e+02
-2.618425882269733052e+02
-2.618459071694604745e+02
-2.618473958514492210e+02
-2.618493601903634840e+02
-2.618519687539090910e+02
-2.618533595605363757e+02
-2.618586116972882110e+02
-2.618587487574594093e+02
-2.618602515063890905e+02
-2.618605862915720195e+02
-2.618618402858073750e+02
-2.618631530638925824e+02
-2.618646446843985132e+02
-2.618655965945570188e+02
-2.618678974961267727e+02
-2.618680482973613266e+02
-2.618684063492923997e+02
-2.618691169127459943e+02
-2.618715852972027278e+02
-2.618742092048993868e+02
-2.618748975025608843e+02
-2.618752110452170996e+02
-2.618753285337098760e+02
-2.618786827872145864e+02
-2.618787315091789196e+02
-2.618814089602736885e+02
-2.618826075633243136e+02
-2.618827366060465920e+02
-2.618829847409106151e+02
-2.618852897327122946e+02
-2.618853735922655801e+02
-2.618861802923369169e+02
-2.618862996802109819e+02
-2.618890933286631935e+02
-2.618893120989690146e+02
-2.618915028364692716e+02
-2.618915264168915087e+02
-2.618926329456339772e+02
-2.618940970845408742e+02
-2.618941447406941165e+02
-2.618945111428329255e+02
-2.618972222996558230e+02
-2.618972861578192806e+02
-2.618973970955009918e+02
-2.618980687151984057e+02
-2.618983213978722233e+02
-2.618988352409148206e+02
-2.618988804180220882e+02
-2.618989009472725229e+02
-2.618989469069022107e+02
-2.618989763776743871e+02
-2.618990259932905929e+02
-2.619000415343235204e+02
-2.619001985928259160e+02
-2.619003140161918282e+02
-2.619004509819448003e+02
-2.619005445552281799e+02
-2.619006681068314037e+02
-2.619006980581127095e+02
-2.619008693318535848e+02
-2.619016630077750278e+02
-2.619017170337301081e+02
-2.619017654319548001e+02
-2.619017978363156089e+02
-2.619018019934679842e+02
-2.619018449205004231e+02
-2.619018751887928147e+02
-2.619020330786336785e+02
-2.619020869762687198e+02
-2.619020932191330076e+02
-2.619021523681925032e+02
-2.619021935054030905e+02
-2.619022230706601135e+02
-2.619022659353711902e+02
-2.619023071540281080e+02
-2.619028092149840177e+02
-2.619029209511949716e+02
-2.619029502291152198e+02
-2.619030287675662976e+02
-2.619030662059911947e+02
-2.619031745265394875e+02
-2.619032076158159157e+02
-2.619032390478358820e+02
-2.619032470041578904e+02
-2.619035063963900143e+02
-2.619035257604771800e+02
-2.619035871231041028e+02
-2.619036117296221846e+02
-2.619036149626592760e+02
-2.619037690641155223e+02
-2.619037803628946222e+02
-2.619039487222544835e+02
-2.619040379298160133e+02
-2.619040661509470738e+02
-2.619040831941837837e+02
-2.619042253130022004e+02
-2.619042435680547101e+02
-2.619042834886071773e+02
-2.619044540043578877e+02
-2.619077600284186929e+02
-2.619079181865371879e+02
-2.619079494008311144e+02
-2.619079782944673980e+02
-2.619079958744007968e+02
-2.619082233951335184e+02
-2.619082274033942781e+02
-2.619087084908280758e+02
-2.619087317331818099e+02
-2.619088171488356807e+02
-2.619088772705966903e+02
-2.619089134204235734e+02
-2.619089296855809152e+02
-2.619089582927381912e+02
-2.619090329772648147e+02
-2.619090964112488109e+02
-2.619092535599600069e+02
-2.619093791552718926e+02
-2.619094178716416081e+02
-2.619094232594604819e+02
-2.619094342946169718e+02
-2.619094638172699092e+02
-2.619094718680291862e+02
-2.619095497964016204e+02
-2.619095758671633121e+02
-2.619095989538898266e+02
-2.619096366918573153e+02
-2.619096936819292978e+02
-2.619097628042889028e+02
-2.619098336754963725e+02
-2.619098501408877837e+02
-2.619099317950834802e+02
-2.619099919181122118e+02
-2.619100499372730724e+02
-2.619100758422131889e+02
-2.619102086244246266e+02
-2.619102123660620123e+02
-2.619103840548947915e+02
-2.619104337106268190e+02
-2.619125254838943988e+02
-2.619125639284644080e+02
-2.619126399257041271e+02
-2.619126453293857253e+02
-2.619126545345088743e+02
-2.619127560340562013e+02
-2.619127936302476769e+02
-2.619127977743648898e+02
-2.619128652619955915e+02
-2.619128800818277796e+02
-2.619128843915619882e+02
-2.619128947998369199e+02
-2.619129389118232893e+02
-2.619129487544707899e+02
-2.619129819575848046e+02
-2.619129896904843804e+02
-2.619131553701503208e+02
-2.619131622983098282e+02
-2.619132249121810219e+02
-2.619132952092584219e+02
-2.619133517960764266e+02
-2.619133536999872263e+02
-2.619134562448314227e+02
-2.619134746848205282e+02
-2.619136706636883787e+02
-2.619137369319623758e+02
-2.619137499272425771e+02
-2.619137895675964955e+02
-2.619138005008102255e+02
-2.619138074864920895e+02
-2.619138328341795727e+02
-2.619138904488975186e+02
-2.619139665653510178e+02
-2.619139729607679214e+02
-2.619140057519252878e+02
-2.619140082692757119e+02
-2.619140102341868896e+02
-2.619140220985486849e+02
-2.619140263398446109e+02
-2.619140481011402812e+02
-2.619141593258319745e+02
-2.619141608966880881e+02
-2.619142280296863987e+02
-2.619142499370173027e+02
-2.619142539127457212e+02
-2.619142867049387746e+02
-2.619143099657924836e+02
-2.619143356245904215e+02
-2.619143929262853021e+02
-2.619143998016406840e+02
-2.619144302818313008e+02
-2.619144311603868118e+02
-2.619144555351772965e+02
-2.619144580876176178e+02
-2.619145183312426752e+02
-2.619145664228200872e+02
-2.619145735466008205e+02
-2.619146208079039866e+02
-2.619146286167248263e+02
-2.619146304841286792e+02
-2.619146437992317829e+02
-2.619146626430302263e+02
-2.619146628652379150e+02
-2.619150493171740095e+02
-2.619150552842618254e+02
-2.619151260019078222e+02
-2.619151279179642984e+02
-2.619151410943978817e+02
-2.619151426434207224e+02
-2.619151436729416105e+02
-2.619151485821122947e+02
-2.619151649216158830e+02
-2.619151693847086904e+02
-2.619151828301801856e+02
-2.619152060927598882e+02
-2.619152168204320219e+02
-2.619152192513391242e+02
-2.619152207378842263e+02
-2.619153142139791726e+02
-2.619153153919758097e+02
-2.619153167902114774e+02
-2.619153168143807875e+02
-2.619153181492853264e+02
-2.619153184227225211e+02
-2.619153236058036214e+02
-2.619154009798763809e+02
-2.619154456026221283e+02
-2.619154526147211755e+02
-2.619154711635753188e+02
-2.619154724214847079e+02
-2.619154730504246800e+02
-2.619154943740376211e+02
-2.619154957142142166e+02
-2.619154966056908052e+02
-2.619155146884471037e+02
-2.619155275552386115e+02
-2.619155666125773223e+02
-2.619155893393373162e+02
-2.619156013610735272e+02
-2.619156223242393935e+02
-2.619157636891895891e+02
-2.619157960656219188e+02
-2.619157962812618052e+02
-2.619158753620756102e+02
-2.619158778118973032e+02
-2.619159227651214223e+02
-2.619159261345969867e+02
-2.619159262124998122e+02
-2.619159327799852122e+02
-2.619159341206524800e+02
-2.619159353657087195e+02
-2.619159625656084813e+02
-2.619160916576951763e+02
-2.619161207510201734e+02
-2.619161232221774753e+02
-2.619161405054463785e+02
-2.619161489644749281e+02
-2.619161570717308791e+02
-2.619161831462351984e+02
-2.619162013536143832e+02
-2.619162020647822260e+02
-2.619162855828681131e+02
-2.619163079520495216e+02
-2.619163418399185161e+02
-2.619163432083225871e+02
-2.619163451813623738e+02
-2.619163497560359133e+02
-2.619163505915146857e+02
-2.619163515607904742e+02
-2.619163523524584889e+02
-2.619163776970431172e+02
-2.619163923695879248e+02
-2.619164134485482123e+02
-2.619164265789456749e+02
-2.619164795947476136e+02
-2.619165149290441263e+02
-2.619165180304049159e+02
-2.619165191313147716e+02
-2.619165404520566085e+02
-2.619165499041006910e+02
-2.619165635211837753e+02
-2.619165731962630161e+02
-2.619165787463476818e+02
-2.619166094922168213e+02
-2.619166938387618870e+02
-2.619166966836552888e+02
-2.619166969870070716e+02
-2.619167090673503253e+02
-2.619167231691959046e+02
-2.619167495525387039e+02
-2.619167542833002926e+02
-2.619167595579313002e+02
-2.619167607592713125e+02
-2.619168091847631104e+02
-2.619168124325378244e+02
-2.619168193587897235e+02
-2.619168226041206822e+02
-2.619168261344378834e+02
-2.619168345227835744e+02
-2.619168716416319853e+02
-2.619168731749235803e+02
-2.619168743849401153e+02
-2.619168960248554185e+02
-2.619169719624301820e+02
-2.619169783933455165e+02
-2.619169785010678879e+02
-2.619170064529361071e+02
-2.619170151726683002e+02
-2.619170506294501024e+02
-2.619170506589924798e+02
-2.619170552908950071e+02
-2.619170560255785176e+02
-2.619170564406508106e+02
-2.619171451787938736e+02
-2.619171544532794087e+02
-2.619171548556483913e+02
-2.619171598820876170e+02
-2.619171644842352862e+02
-2.619172010365522851e+02
-2.619172016790362818e+02
-2.619172270036240775e+02
-2.619172309084277117e+02
-2.619172331613938809e+02
-2.619172507705583826e+02
-2.619172511391976741e+02
-2.619172538268534822e+02
-2.619173867925023842e+02
-2.619173939952011096e+02
-2.619173945154997227e+02
-2.619173956048961145e+02
-2.619174344812157074e+02
-2.619174347160521847e+02
-2.619174365920783885e+02
-2.619174366944341159e+02
-2.619174377170593857e+02
-2.619174387464266829e+02
-2.619174960781995765e+02
-2.619175015633236967e+02
-2.619176037104393231e+02
-2.619176043749466203e+02
-2.619176046017785211e+02
-2.619176245571126742e+02
-2.619176294387236226e+02
-2.619176300457219781e+02
-2.619176311823486003e+02
-2.619176376768443220e+02
-2.619176627405349791e+02
-2.619176681412911876e+02
-2.619176803268201184e+02
-2.619176822859964773e+02
-2.619178420706438146e+02
-2.619178788888535792e+02
-2.619179204118162261e+02
-2.619179209563682775e+02
-2.619179566698339272e+02
-2.619179807864800864e+02
-2.619179812921602775e+02
-2.619179818946067826e+02
-2.619179848392553822e+02
-2.619179906778131794e+02
-2.619179935378086839e+02
-2.619179946697469745e+02
-2.619179947464650127e+02
-2.619179959043729014e+02
-2.619180027909408182e+02
-2.619180080221431126e+02
-2.619180101447162770e+02
-2.619180107431271267e+02
-2.619180113330693871e+02
-2.619180177189427923e+02
-2.619180635074046108e+02
-2.619180687657570274e+02
-2.619180731200985974e+02
-2.619180735408261853e+02
-2.619180787944936810e+02
-2.619180975208162749e+02
-2.619181018657204163e+02
-2.619181020495840926e+02
-2.619181233476101056e+02
-2.619182025904885904e+02
-2.619182625128589734e+02
-2.619182850110732943e+02
-2.619182872715654185e+02
-2.619182991972488139e+02
-2.619183016573791178e+02
-2.619183108778286169e+02
-2.619183112299098184e+02
-2.619183167177757241e+02
-2.619183176934931794e+02
-2.619183222869053225e+02
-2.619183237775365001e+02
-2.619183888172663046e+02
-2.619183893129825265e+02
-2.619183900715772779e+02
-2.619183911232004220e+02
-2.619184068735738151e+02
-2.619184236732974114e+02
-2.619184251803192183e+02
-2.619184263723079766e+02
-2.619184281967313837e+02
-2.619184285551347102e+02
-2.619184287428022913e+02
-2.619184290720775152e+02
-2.619184829775405206e+02
-2.619184874343412730e+02
-2.619185037837838195e+02
-2.619185159945880059e+02
-2.619185167913395276e+02
-2.619185171488131800e+02
-2.619185219304592920e+02
-2.619185684702437129e+02
-2.619186682154472123e+02
-2.619186693516900277e+02
-2.619186725470983106e+02
-2.619186726884473160e+02
-2.619186745774285896e+02
-2.619186950401729064e+02
-2.619186960603191778e+02
-2.619187143983546093e+02
-2.619187146782037985e+02
-2.619187164980062903e+02
-2.619187352729255167e+02
-2.619187365267824816e+02
-2.619187365372400222e+02
-2.619187378217608284e+02
-2.619187707731963997e+02
-2.619187713072366819e+02
-2.619187735817228031e+02
-2.619187795014830158e+02
-2.619187835243553195e+02
-2.619188004247703816e+02
-2.619188005498132839e+02
-2.619188015245060228e+02
-2.619188015106411171e+02
-2.619188016095379794e+02
-2.619188018053353062e+02
-2.619188020284062191e+02
-2.619188046303066812e+02
-2.619188057425171223e+02
-2.619188486199037129e+02
-2.619188487887947190e+02
-2.619188488860511939e+02
-2.619188488555257095e+02
-2.619188495814893258e+02
-2.619188498644911078e+02
-2.619188503748256949e+02
-2.619188522829617227e+02
-2.619188522781182087e+02
-2.619188527544956173e+02
-2.619188599414054011e+02
-2.619188636875588827e+02
-2.619188643103589129e+02
-2.619188646122531736e+02
-2.619188693485310750e+02
-2.619189255545929882e+02
-2.619189285614439768e+02
-2.619189286064728890e+02
-2.619189288929322856e+02
-2.619189291685772218e+02
-2.619189291259987158e+02
-2.619189311087349097e+02
-2.619189318499711021e+02
-2.619189318537148097e+02
-2.619189326542830258e+02
-2.619189394059412166e+02
-2.619189422141262753e+02
-2.619189422340490978e+02
-2.619189441829690281e+02
-2.619189450554998757e+02
-2.619189568675748774e+02
-2.619189570907096254e+02
-2.619189571741861755e+02
-2.619189580531485717e+02
-2.619189644666143977e+02
-2.619189963715120939e+02
-2.619190689414489270e+02
-2.619190690584035792e+02
-2.619190711864720811e+02
-2.619190798095826835e+02
-2.619192214027441992e+02
-2.619192214766691222e+02
-2.619192671202339966e+02
-2.619192753525276203e+02
-2.619192761258556175e+02
-2.619193553681391222e+02
-2.619193745395925816e+02
-2.619193746187586953e+02
-2.619193753439299144e+02
-2.619193763363580274e+02
-2.619193764272898761e+02
-2.619193778602074190e+02
-2.619193782439527922e+02
-2.619193782348863238e+02
-2.619193804839812856e+02
-2.619193814908244917e+02
-2.619193831659691796e+02
-2.619193842854397190e+02
-2.619193848176768142e+02
-2.619193054327819823e+02
-2.619192396945704786e+02
-2.619191918002296120e+02
-2.619191438670342222e+02
-2.619190899713967156e+02
-2.619190959904519218e+02
-2.619190437787756878e+02
-2.619189866880204249e+02
-2.619189475692172095e+02
-2.619189091524818878e+02
-2.619188628242815753e+02
-2.619188443130624933e+02
-2.619188024217863813e+02
-2.619187796304872222e+02
-2.619187616479991902e+02
-2.619187422455792102e+02
-2.619187270134273717e+02
-2.619186961533682165e+02
-2.619186679778488838e+02
-2.619186393432560749e+02
-2.619186738761924857e+02
-2.619187781724488104e+02
-2.619187949256092907e+02
-2.619187748968191727e+02
-2.619188105024310858e+02
-2.619188277246325924e+02
-2.619188426823271811e+02
-2.619188633480611088e+02
-2.619188734387191744e+02
-2.619188843773906115e+02
-2.619188925330851134e+02
-2.619190153825559264e+02
-2.619190273467693828e+02
-2.619190351078033245e+02
-2.619190467186127194e+02
-2.619190586282568916e+02
-2.619190655435219810e+02
-2.619191269941994733e+02
-2.619191329736855778e+02
-2.619191525141978900e+02
-2.619191644309223079e+02
-2.619191706191157891e+02
-2.619191785302493258e+02
-2.619191864503894749e+02
-2.619191931969705252e+02
-2.619192031529165092e+02
-2.619192261674999145e+02
-2.619192319236644835e+02
-2.619192425426646196e+02
-2.619192457831081242e+02
-2.619192510923809891e+02
-2.619192618690232734e+02
-2.619192648462363877e+02
-2.619192687785005091e+02
-2.619192747121617799e+02
-2.619192810849273769e+02
-2.619192847306936187e+02
-2.619192889228875742e+02
-2.619192929580772784e+02
-2.619193021410206939e+02
-2.619193113886262836e+02
-2.619193134491500814e+02
-2.619193203722044814e+02
-2.619193214131988725e+02
-2.619193282160925946e+02
-2.619193351514626897e+02
-2.619193391933490034e+02
-2.619193420800572767e+02
-2.619193460601103993e+02
-2.619193513921260887e+02
-2.619193544946058978e+02
-2.619193680973053802e+02
-2.619193704630312141e+02
-2.619193743189338193e+02
-2.619193767603534866e+02
-2.619194196520999185e+02
-2.619194237129913176e+02
-2.619194268023970267e+02
-2.619194392878287090e+02
-2.619194796162593093e+02
-2.619194900231132124e+02
-2.619194914456064112e+02
-2.619195217630596062e+02
-2.619195224844398240e+02
-2.619195240502592128e+02
-2.619195621663357088e+02
-2.619195719675295777e+02
-2.619195758455526857e+02
-2.619195778202350198e+02
-2.619195903298074768e+02
-2.619195942279478118e+02
-2.619195964113629884e+02
-2.619196017638507215e+02
-2.619196049504215011e+02
-2.619196068487353841e+02
-2.619196312872871886e+02
-2.619196357240463726e+02
-2.619196851651680049e+02
-2.619196871932696240e+02
-2.619196909218844098e+02
-2.619197075122199863e+02
-2.619197086996381927e+02
-2.619197099683094052e+02
-2.619197132607553158e+02
-2.619197259524884203e+02
-2.619197280683965232e+02
-2.619197528583515009e+02
-2.619197589010294109e+02
-2.619197600851575771e+02
-2.619197627854588859e+02
-2.619197667499643103e+02
-2.619197793660317188e+02
-2.619197981549398833e+02
-2.619198054265481233e+02
-2.619198095274061870e+02
-2.619198160317635029e+02
