op     10   13   34   37   13   10   34   37                       -0.02585955131781945276                                                    
op      9   18   33   42   18    9   33   42                       -0.05940931926723983653                                                    
op      9   18   34   42   18    9   34   42                       -0.00598339825026729215                                                    
op     10   18   34   42   18   10   34   42                       -0.01247019456757276004                                                    
op      9   19   33   42   19    9   33   42                       -0.02784447484475518000                                                    
mvp2   10   18   33   42   18   10   33   42                       -0.03670249969969509307   -0.32052635662944883865                          
a_ia   33   42                                                      0.00301795058292811131                                                    
om      9   19   33   43   19    9   33   43                        0.00536400628936525327                                                    
op      9   17   33   41   17    9   33   41                       -0.00429738332600529318                                                    
op      9   17   33   43   17    9   33   43                        0.01605469138036824325                                                    
mvp2    9   18   33   41   18    9   33   41                        0.00378427390325546554   -0.30355352688356063151                          
mvp2    9   18   33   43   18    9   33   43                       -0.00740540530156352447    0.05243391688468003464                          
om      9   19   33   41   19    9   33   41                        0.00064259298727864338                                                    
mvp2   10   18   33   43   18   10   33   43                       -0.00406099566970911582    1.22772225422605130163                          
mvp2    9   17   33   42   17    9   33   42                        0.02794364592981007922    0.50342343976409209549                          
op      4   14   28   38   14    4   28   38                       -0.03677538657881131851                                                    
mvp2    4   21   33   42   21    4   33   42                       -0.03693049032017239192   -1.00711238537830793938                          
mvp2    4   21   34   42   21    4   34   42                       -0.03918243676070420206    0.36306209302165148856                          
a_ia    4   21                                                     -0.00927796241926328799                                                    
mvp2    4   21   28   45   21    4   28   45                       -0.02654666538639903831    0.65383222479982439079                          
a_ia   34   42                                                     -0.00187827093149014676                                                    
mvp2    4   21   28   38   21    4   28   38                        0.02493467055196569443   -0.57537688278720156010                          
a_ia   28   38                                                     -0.00481008015589831119                                                    
a_ia    9   18                                                     -0.00120640607450320778                                                    
op      4   16   28   40   16    4   28   40                       -0.01485052030980171280                                                    
mvp2    4   14   28   45   14    4   28   45                        0.02106441092905815896    0.78306263879128101824                          
op      4   20   28   44   20    4   28   44                       -0.01443993621439263429                                                    
mvp2    4   17   28   44   17    4   28   44                        0.00947872321707174219    0.20916342218264399877                          
a_ia   18   20                                                      0.26536707469763060052                                                    
mvp2    4   16   28   45   16    4   28   45                        0.00172246808692275480    0.28184946191259779846                          
mvp2    4   14   28   40   14    4   28   40                        0.02075811323342486442   -0.12591483522176230569                          
a_ia    4   14                                                     -0.00725699572994034561                                                    
mvp2    4   17   28   41   17    4   28   41                       -0.00884725398530345625   -0.39972216438740737487                          
a_ia    4   17                                                      0.00123080888675274470                                                    
a_ia   14   16                                                     -0.39177527801228262394                                                    
a_ia   28   40                                                      0.00181174958676558803                                                    
mvp2    9   20   33   44   20    9   33   44                       -0.00725572230594532554    0.00130719989659431636                          
mvp2    4   20   28   41   20    4   28   41                        0.00960439429083012955   -0.32652599563119583115                          
mvp2    9   18   33   44   18    9   33   44                       -0.00797084546803535597    0.32758542483478625407                          
mvp2    4   21   33   41   21    4   33   41                        0.01413694471714725329   -0.40118094315892965929                          
a_ia   33   41                                                     -0.00287172854200245468                                                    
mvp2    4   21   28   40   21    4   28   40                       -0.00786430145527863313    0.02705942046698317158                          
op      9   23   33   47   23    9   33   47                       -0.00698012073324553572                                                    
mvp2    4   21   33   43   21    4   33   43                       -0.01345912975105486437    0.24693193189066664495                          
a_ia   28   41                                                      0.00122796446570777053                                                    
a_ia   33   43                                                      0.00190315764022369366                                                    
a_ia   34   45                                                      0.00113452736597012939                                                    
mvp2    4   21   28   46   21    4   28   46                       -0.00980816215186298274    0.27652443072247645528                          
mvp2    4   14   28   44   14    4   28   44                       -0.00800250163951939618    0.10144320230531529703                          
mvp2    4   14   28   46   14    4   28   46                        0.00836624774900308552   -0.06328388990437995576                          
mvp2    4   14   33   41   14    4   33   41                       -0.01119877746252101805   -0.02225260601949160394                          
mvp2    4   21   34   46   21    4   34   46                       -0.01026033899909437400    0.30979220822212272246                          
a_ia   28   43                                                      0.00152530666723345461                                                    
mvp2    4   14   34   46   14    4   34   46                        0.01176207747020426367   -0.11285358871471114217                          
mvp2    9   18   28   43   18    9   28   43                        0.00472012008785503961   -0.19290548073749033686                          
mvp2    4   14   33   43   14    4   33   43                        0.01017229944137200762   -0.09554241125825412018                          
a_ia   34   46                                                     -0.00001618180423283175                                                    
a_ia   33   46                                                      0.00062321480338088024                                                    
mvp2    1   23   33   42   23    1   33   42                       -0.01194597401598599361   -0.06388691170214008674                          
mvp2    1   20   33   42   20    1   33   42                       -0.00856060654597121627   -0.02278172666816712100                          
a_ia   28   32                                                      0.27446379078832233711                                                    
a_ia    4    8                                                      0.26180923588564258830                                                    
a_ia   30   34                                                     -0.21338834110693222224                                                    
a_ia    1   10                                                      0.10871795694472057014                                                    
a_ia    6   10                                                     -0.23571936782625574347                                                    
mvp2    1   23   34   42   23    1   34   42                       -0.00695120069491535035   -0.35080094294212055273                          
mvp2    1   20   34   42   20    1   34   42                       -0.00714749733946268631   -0.42033239446964099084                          
a_ia   29   33                                                     -0.32702757811380611663                                                    
mvp2    1   12   33   42   12    1   33   42                       -0.01041141265141992504    0.06212500850855064843                          
a_ia   29   34                                                      0.50792702058993488556                                                    
a_ia    9   18                                                      0.00344364574523796201                                                    
a_ia   36   38                                                      0.35828746045559312083                                                    
mvp2    4   17   30   40   17    4   30   40                       -0.00519089645721276978   -0.06366169244884610501                          
mvp2    4   20   30   40   20    4   30   40                        0.00600827000239440197   -0.11852565268014152167                          
mvp3   29   42   33   45   29   33   45   42   29   33   42   45    0.00518707887515071700   -0.09085540662214948437   -0.28934174522014333153
mvp2    1   12   34   42   12    1   34   42                       -0.00827701011391141460   -0.59246445228400101968                          
op      2   13   26   37   13    2   26   37                       -0.01228514668280004420                                                    
a_ia   34   42                                                      0.00182239391580662721                                                    
op      3   13   26   37   13    3   26   37                       -0.00820835527558191891                                                    
mvp2    9   18   28   47   18    9   28   47                        0.00298421145476408930   -0.12910022008394411719                          
a_ia   28   47                                                      0.00143814788461891206                                                    
op      2   13   27   37   13    2   27   37                       -0.00824760533146652076                                                    
mvp2    9   18   30   43   18    9   30   43                        0.00737904334789128442   -0.22171359901647877400                          
mvp2    4   21   30   46   21    4   30   46                       -0.00867720203776843786    0.50446556030336742182                          
mvp2    6   22   30   46   22    6   30   46                       -0.00636563198033421405   -0.76083982462343513475                          
a_ia   21   22                                                      0.52113886826454192125                                                    
a_ia    4    6                                                      0.21125164458163289694                                                    
a_ia   30   46                                                      0.00124000085903093428                                                    
a_ia    1   12                                                      0.00096537845185424979                                                    
