op     10   13   34   37   13   10   34   37                       -0.02598611608650721813                                                    
op      9   18   33   42   18    9   33   42                       -0.05969540805806330952                                                    
op      9   18   34   42   18    9   34   42                       -0.00570480631417154879                                                    
op     10   18   34   42   18   10   34   42                       -0.01182165614711442464                                                    
op      9   19   33   42   19    9   33   42                       -0.02759901506759192616                                                    
mvp2   10   18   33   42   18   10   33   42                       -0.03710058732813072829   -0.31635216380207592524                          
a_ia   33   42                                                      0.00334828666522445995                                                    
om      9   19   33   43   19    9   33   43                        0.00581149527578859928                                                    
op      9   17   33   41   17    9   33   41                       -0.00420967603219853624                                                    
op      9   17   33   43   17    9   33   43                        0.01803045826381760933                                                    
mvp2    9   18   33   41   18    9   33   41                        0.00346734555021832678   -0.23754987044185588152                          
mvp2    9   18   33   43   18    9   33   43                       -0.00739470260103856913    0.04548814761337615503                          
om      9   19   33   41   19    9   33   41                        0.00043741541270779841                                                    
mvp2   10   18   33   43   18   10   33   43                       -0.00402517003434644735    1.25428755092679722338                          
mvp2    9   17   33   42   17    9   33   42                        0.02820675859120895176    0.53717566932208404840                          
op      4   14   28   38   14    4   28   38                       -0.03702675512461584689                                                    
mvp2    4   21   33   42   21    4   33   42                       -0.03460354390575669931   -1.03509154352417476197                          
mvp2    4   21   34   42   21    4   34   42                       -0.04223617585085064075    0.40438138286783426034                          
a_ia    4   21                                                     -0.00926069516057944318                                                    
mvp2    4   21   28   45   21    4   28   45                       -0.02648848727355474636    0.66884269257674089371                          
a_ia   34   42                                                     -0.00278621202990745123                                                    
mvp2    4   21   28   38   21    4   28   38                        0.02476507235153917186   -0.58042597625698011399                          
a_ia   28   38                                                     -0.00475367350646832467                                                    
a_ia    9   18                                                     -0.00103660763660860973                                                    
op      4   16   28   40   16    4   28   40                       -0.01480402755683006555                                                    
mvp2    4   14   28   45   14    4   28   45                        0.02157644854731261691    0.80097428773136969404                          
op      4   20   28   44   20    4   28   44                       -0.01436040223130582473                                                    
mvp2    4   17   28   44   17    4   28   44                        0.00948922126483795272    0.20751322272190442231                          
a_ia   18   20                                                      0.25767074806839151968                                                    
mvp2    4   16   28   45   16    4   28   45                        0.00188853532685233946    0.29127617651464915438                          
mvp2    4   14   28   40   14    4   28   40                        0.02075248594037399849   -0.11981569030831525080                          
a_ia    4   14                                                     -0.00703831365983941578                                                    
mvp2    4   17   28   41   17    4   28   41                       -0.00879254688295757689   -0.42622706158175277524                          
a_ia    4   17                                                      0.00142187792336985410                                                    
a_ia   14   16                                                     -0.38783264476775380913                                                    
a_ia   28   40                                                      0.00172981667601260864                                                    
mvp2    9   20   33   44   20    9   33   44                       -0.00707560154177745530   -0.00199374128275381238                          
mvp2    4   20   28   41   20    4   28   41                        0.00957248219789207794   -0.35536616072675814015                          
mvp2    9   18   33   44   18    9   33   44                       -0.00791757334958660859    0.33187048404545749225                          
mvp2    4   21   33   41   21    4   33   41                        0.01401022031698758753   -0.41324394017546867142                          
a_ia   33   41                                                     -0.00287450130163253168                                                    
mvp2    4   21   28   40   21    4   28   40                       -0.00773237870181700364    0.02914047196623667860                          
op      9   23   33   47   23    9   33   47                       -0.00695840506790731863                                                    
mvp2    4   21   33   43   21    4   33   43                       -0.01328235632627672823    0.22830929086779847004                          
a_ia   28   41                                                      0.00138112432629013560                                                    
a_ia   33   43                                                      0.00161036725222907066                                                    
a_ia   34   45                                                      0.00089973884701823644                                                    
mvp2    4   21   28   46   21    4   28   46                       -0.00988668138838078372    0.25036651014260502546                          
mvp2    4   14   28   44   14    4   28   44                       -0.00792349008824713708    0.09252045892304629204                          
mvp2    4   14   28   46   14    4   28   46                        0.00847099699932004832   -0.08355258431110201833                          
mvp2    4   14   33   41   14    4   33   41                       -0.01140930348927512647   -0.02503223370467427822                          
mvp2    4   21   34   46   21    4   34   46                       -0.01106928984584403149    0.29510020665492342484                          
a_ia   28   43                                                      0.00140592568269924580                                                    
mvp2    4   14   34   46   14    4   34   46                        0.01220356409992838682   -0.16315923671821333518                          
mvp2    9   18   28   43   18    9   28   43                        0.00477211146194844466   -0.18960796070098806521                          
mvp2    4   14   33   43   14    4   33   43                        0.01037074477373070049   -0.12360120301669640097                          
a_ia   34   46                                                      0.00001223282989996166                                                    
a_ia   33   46                                                      0.00072877415473324527                                                    
mvp2    1   23   33   42   23    1   33   42                       -0.01278269332131851295   -0.03594567681860132147                          
mvp2    1   20   33   42   20    1   33   42                       -0.00808099456912581178   -0.02771129376640939918                          
a_ia   28   32                                                      0.27550063399251628615                                                    
a_ia    4    8                                                      0.26779532791452553830                                                    
a_ia   30   34                                                     -0.20028252179476424555                                                    
a_ia    1   10                                                      0.11936048938615700932                                                    
a_ia    6   10                                                     -0.24990939778694254425                                                    
mvp2    1   23   34   42   23    1   34   42                       -0.00789755074715595140   -0.43023556812061675148                          
mvp2    1   20   34   42   20    1   34   42                       -0.00792706225359405582   -0.39028512590449948583                          
a_ia   29   33                                                     -0.33300340183735721578                                                    
mvp2    1   12   33   42   12    1   33   42                       -0.01065200745812626242    0.07794208146523104452                          
a_ia   29   34                                                      0.48966617723897948311                                                    
a_ia    9   18                                                      0.00307646471948006071                                                    
a_ia   36   38                                                      0.35441191065794996895                                                    
mvp2    4   17   30   40   17    4   30   40                       -0.00516969585897432762   -0.06471101983811615443                          
mvp2    4   20   30   40   20    4   30   40                        0.00598029256682520213   -0.11776340234685682418                          
mvp3   29   42   33   45   29   33   45   42   29   33   42   45    0.00534508761564013706   -0.08578102103082428653   -0.04869560241236575715
mvp2    1   12   34   42   12    1   34   42                       -0.00900526353294215341   -0.57863674687808452912                          
op      2   13   26   37   13    2   26   37                       -0.01219558402430544371                                                    
a_ia   34   42                                                      0.00176263821015011039                                                    
op      3   13   26   37   13    3   26   37                       -0.00810965155119335555                                                    
mvp2    9   18   28   47   18    9   28   47                        0.00292421760549447726   -0.12921848338620700591                          
a_ia   28   47                                                      0.00129396781020581567                                                    
op      2   13   27   37   13    2   27   37                       -0.00815643623034769706                                                    
mvp2    9   18   30   43   18    9   30   43                        0.00721893840661902778   -0.22755861599258112027                          
mvp2    4   21   30   46   21    4   30   46                       -0.00881975425406427913    0.49688400235681889905                          
mvp2    6   22   30   46   22    6   30   46                       -0.00616246983421868399   -0.79779923169340338784                          
a_ia   21   22                                                      0.52310846637342167664                                                    
a_ia    4    6                                                      0.22653883319587272971                                                    
a_ia   30   46                                                      0.00124129953129984718                                                    
a_ia    1   12                                                      0.00145390557871460501                                                    
mvp3   29   42   34   45   29   34   45   42   29   34   42   45    0.00408627065597747582    0.08878220485000974660   -0.36069045282385486795
a_ia   42   45                                                     -0.04423265521801215266                                                    
a_ia   18   21                                                     -0.09362087965297684333                                                    
mvp2    1   23   34   46   23    1   34   46                       -0.00538206531650902743    0.17184033319289229724                          
a_ia   29   42                                                     -0.00102758316363358768                                                    
mvp2   10   22   34   46   22   10   34   46                       -0.00750926012173299198   -0.70387333930986228925                          
