op     10   13   34   37   13   10   34   37                       -0.01840188138067475054                                                    
op      9   18   33   42   18    9   33   42                       -0.05509335370375646052                                                    
op      9   18   34   42   18    9   34   42                       -0.00778176309597105459                                                    
op     10   18   34   42   18   10   34   42                       -0.01853243331675462000                                                    
op      9   19   33   42   19    9   33   42                       -0.02700377185379859712                                                    
mvp2   10   18   33   42   18   10   33   42                       -0.03830712502376725642   -0.35990127190324383566                          
a_ia   33   42                                                      0.00311952127264721914                                                    
om      9   19   33   43   19    9   33   43                        0.00420567870486061694                                                    
op      9   17   33   41   17    9   33   41                       -0.00424679754371706016                                                    
op      9   17   33   43   17    9   33   43                        0.00154831702361806194                                                    
mvp2    9   18   33   41   18    9   33   41                        0.00442829140786396916   -0.23894167509503561053                          
mvp2    9   18   33   43   18    9   33   43                       -0.00626349046313205097    0.22131974016295918872                          
om      9   19   33   41   19    9   33   41                        0.00101974191738992467                                                    
mvp2   10   18   33   43   18   10   33   43                       -0.00263486503813186237    1.05369552610067085396                          
mvp2    9   17   33   42   17    9   33   42                        0.02734827451313648003    0.19515151552359233378                          
op      4   14   28   38   14    4   28   38                       -0.03525569528016071069                                                    
mvp2    4   21   33   42   21    4   33   42                       -0.04235095748277872829   -0.97010714736112357848                          
mvp2    4   21   34   42   21    4   34   42                       -0.02666641186060319732    0.26371836643197849037                          
a_ia    4   21                                                     -0.00814703824195979823                                                    
mvp2    4   21   28   45   21    4   28   45                       -0.02497611844268258358    0.68229245694328288785                          
a_ia   34   42                                                      0.00001061255787414029                                                    
mvp2    4   21   28   38   21    4   28   38                        0.01996068257462017131   -0.57407480638040697674                          
a_ia   28   38                                                     -0.00517960798760968687                                                    
a_ia    9   18                                                     -0.00250503839980099462                                                    
op      4   16   28   40   16    4   28   40                       -0.01579287342973329650                                                    
mvp2    4   14   28   45   14    4   28   45                        0.02060225452769947480    0.78446122634966297671                          
op      4   20   28   44   20    4   28   44                       -0.01458553479666569418                                                    
mvp2    4   17   28   44   17    4   28   44                        0.00950053786443467475    0.21056580438959410229                          
a_ia   18   20                                                      0.25575294138017801160                                                    
mvp2    4   16   28   45   16    4   28   45                        0.00127974044950710116    0.25466443595170445979                          
mvp2    4   14   28   40   14    4   28   40                        0.02061622053778063707   -0.15219486416940308793                          
a_ia    4   14                                                     -0.00781079499856738788                                                    
mvp2    4   17   28   41   17    4   28   41                       -0.00907555229956998749   -0.45071477026428152790                          
a_ia    4   17                                                      0.00200423011380137074                                                    
a_ia   14   16                                                     -0.38116863103439629912                                                    
a_ia   28   40                                                      0.00214465442461014410                                                    
mvp2    9   20   33   44   20    9   33   44                       -0.00702192677509975299    0.02335149892175458763                          
mvp2    4   20   28   41   20    4   28   41                        0.00939519226802540929   -0.43043331080189195514                          
mvp2    9   18   33   44   18    9   33   44                       -0.00827708518346251948    0.30429478984633606675                          
mvp2    4   21   33   41   21    4   33   41                        0.01220049384066970374   -0.38864377381323123029                          
a_ia   33   41                                                     -0.00231654447335148022                                                    
mvp2    4   21   28   40   21    4   28   40                       -0.00701884219989317142    0.00827908877154190197                          
op      9   23   33   47   23    9   33   47                       -0.00686887396216536578                                                    
mvp2    4   21   33   43   21    4   33   43                       -0.01085324019547915554    0.29692967470580955425                          
a_ia   28   41                                                      0.00077726327773823545                                                    
a_ia   33   43                                                      0.00120830231269899112                                                    
a_ia   34   45                                                      0.00063225989874245701                                                    
mvp2    4   21   28   46   21    4   28   46                       -0.00768952862271970929    0.31584008593003720655                          
mvp2    4   14   28   44   14    4   28   44                       -0.00796056496847621919    0.10904493257252159677                          
mvp2    4   14   28   46   14    4   28   46                        0.00805821577163181278   -0.02837273244704362901                          
mvp2    4   14   33   41   14    4   33   41                       -0.01077348343706660549    0.03027477285091060427                          
mvp2    4   21   34   46   21    4   34   46                       -0.01162334179462336421    0.61103274306688015738                          
a_ia   28   43                                                      0.00134463621207746471                                                    
mvp2    4   14   34   46   14    4   34   46                        0.01194383362192974474   -0.06412381384996218570                          
mvp2    9   18   28   43   18    9   28   43                        0.00460864933108753698   -0.16132383754058790548                          
mvp2    4   14   33   43   14    4   33   43                        0.01024734415036892589   -0.10711329288169874063                          
a_ia   34   46                                                      0.00026301006862967046                                                    
a_ia   33   46                                                      0.00043908763811369178                                                    
mvp2    1   23   33   42   23    1   33   42                       -0.01153949350215971448   -0.22858420908114179815                          
mvp2    1   20   33   42   20    1   33   42                       -0.00792042251121166489   -0.27202791629217737412                          
a_ia   28   32                                                      0.28371837425431045698                                                    
a_ia    4    8                                                      0.23926974295538924742                                                    
a_ia   30   34                                                     -0.53017796225114366404                                                    
a_ia    1   10                                                      0.09102943112979280937                                                    
a_ia    6   10                                                     -0.28954013314124715794                                                    
mvp2    1   23   34   42   23    1   34   42                       -0.00588333432568269830   -0.13847196705062164712                          
mvp2    1   20   34   42   20    1   34   42                       -0.00699306003208699165   -0.03194002494741141063                          
a_ia   29   33                                                     -0.33900409708933954001                                                    
mvp2    1   12   33   42   12    1   33   42                       -0.01136641416705735062   -0.37298200992538005361                          
a_ia   29   34                                                      0.65515506205254914196                                                    
a_ia    9   18                                                      0.00421618709309695867                                                    
