op     10   13   34   37   13   10   34   37                       -0.03754944001908210038                                                    
op      9   18   33   42   18    9   33   42                       -0.05169786869733938167                                                    
op      9   18   34   42   18    9   34   42                        0.00036289968336110595                                                    
op     10   18   34   42   18   10   34   42                       -0.00305333660322625001                                                    
op      9   19   33   42   19    9   33   42                       -0.02516654535395802111                                                    
mvp2   10   18   33   42   18   10   33   42                       -0.03449015031771617001   -0.34332337310638555428                          
a_ia   33   42                                                      0.00475990438311787566                                                    
om      9   19   33   43   19    9   33   43                       -0.01054675729606112215                                                    
op      9   17   33   41   17    9   33   41                       -0.00646958921500288917                                                    
op      9   17   33   43   17    9   33   43                        0.00829948581935100772                                                    
mvp2    9   18   33   41   18    9   33   41                        0.00707166001974046839   -0.13694947727554171446                          
mvp2    9   18   33   43   18    9   33   43                       -0.01487661870851401599    0.38284483731068880141                          
om      9   19   33   41   19    9   33   41                        0.00428041117235675086                                                    
mvp2   10   18   33   43   18   10   33   43                       -0.01035222924071412150    0.05144568581071197466                          
mvp2    9   17   33   42   17    9   33   42                        0.02424451771216135088    0.12999087200149186949                          
op      4   14   28   38   14    4   28   38                       -0.03336949030928310078                                                    
mvp2    4   21   33   42   21    4   33   42                       -0.02879282436311967480   -0.95422956469364461629                          
mvp2    4   21   34   42   21    4   34   42                       -0.02162728318505872938    0.50874875681283626694                          
a_ia    4   21                                                     -0.00777385843947438811                                                    
mvp2    4   21   28   45   21    4   28   45                       -0.02227868170357279534    0.73886659476921534573                          
a_ia   34   42                                                     -0.00077085521398886491                                                    
mvp2    4   21   28   38   21    4   28   38                        0.01864242035325069935   -0.70561400581708266788                          
a_ia   28   38                                                     -0.00560483180289156162                                                    
a_ia    9   18                                                      0.00130080085324527409                                                    
op      4   16   28   40   16    4   28   40                       -0.01574669945970002052                                                    
mvp2    4   14   28   45   14    4   28   45                        0.01891922511113850597    0.72727865889186560366                          
op      4   20   28   44   20    4   28   44                       -0.01400830846945084855                                                    
mvp2    4   17   28   44   17    4   28   44                        0.00899549032815947017    0.15959775542845433538                          
a_ia   18   20                                                      0.30244539922931323872                                                    
mvp2    4   16   28   45   16    4   28   45                        0.00063844636401225023    0.17858540020727459163                          
mvp2    4   14   28   40   14    4   28   40                        0.01977541138436677420   -0.17811168277944888771                          
a_ia    4   14                                                     -0.00497945950470884101                                                    
mvp2    4   17   28   41   17    4   28   41                       -0.00916585739462981268   -0.14614075641976567721                          
a_ia    4   17                                                      0.00156268201498899390                                                    
a_ia   14   16                                                     -0.37721785467488277988                                                    
a_ia   28   40                                                      0.00162726593582848949                                                    
mvp2    9   20   33   44   20    9   33   44                       -0.00744171080848006917    0.08312320366518587134                          
mvp2    4   20   28   41   20    4   28   41                        0.00898951029978772680    0.01943369848335579214                          
mvp2    9   18   33   44   18    9   33   44                       -0.00817067424657792404    0.25683568239681120460                          
mvp2    4   21   33   41   21    4   33   41                        0.00920229095669701687   -0.40176875976852233219                          
a_ia   33   41                                                     -0.00115666320073833204                                                    
mvp2    4   21   28   40   21    4   28   40                       -0.00636736241112881209   -0.00000419750920504357                          
