op     10   13   34   37   13   10   34   37                       -0.03753821865664570129                                                    
op      9   18   33   42   18    9   33   42                       -0.05466611007104096170                                                    
op      9   18   34   42   18    9   34   42                       -0.00193892455033029790                                                    
op     10   18   34   42   18   10   34   42                       -0.00510419941115219065                                                    
op      9   19   33   42   19    9   33   42                       -0.02655581036667026967                                                    
mvp2   10   18   33   42   18   10   33   42                       -0.03639161343480282890   -0.31525818644473457830                          
a_ia   33   42                                                      0.00369250417326001928                                                    
om      9   19   33   43   19    9   33   43                       -0.00480613624643270055                                                    
op      9   17   33   41   17    9   33   41                       -0.00546113809758768352                                                    
op      9   17   33   43   17    9   33   43                        0.00534973508274514883                                                    
mvp2    9   18   33   41   18    9   33   41                        0.00479658051212835355   -0.11213711176127966196                          
mvp2    9   18   33   43   18    9   33   43                       -0.00798109309773396315    0.38243941303286488331                          
om      9   19   33   41   19    9   33   41                        0.00038203669251717071                                                    
mvp2   10   18   33   43   18   10   33   43                       -0.00527026518091206365    0.18145947444199894694                          
mvp2    9   17   33   42   17    9   33   42                        0.02607255619335224414    0.13293432611204197835                          
op      4   14   28   38   14    4   28   38                       -0.03489224640692002721                                                    
mvp2    4   21   33   42   21    4   33   42                       -0.03773001960063134680   -0.98766774916150590347                          
mvp2    4   21   34   42   21    4   34   42                       -0.02301480824270744907    0.40447767207543811052                          
a_ia    4   21                                                     -0.00836637651970586343                                                    
mvp2    4   21   28   45   21    4   28   45                       -0.02457624826982931013    0.68783759508006558914                          
a_ia   34   42                                                     -0.00028466235567447303                                                    
mvp2    4   21   28   38   21    4   28   38                        0.02123832183437904947   -0.63202904728770248344                          
a_ia   28   38                                                     -0.00519738889397809451                                                    
a_ia    9   18                                                      0.00154884195637226699                                                    
op      4   16   28   40   16    4   28   40                       -0.01577997689750168520                                                    
mvp2    4   14   28   45   14    4   28   45                        0.01995056059329386802    0.73220485643240540430                          
op      4   20   28   44   20    4   28   44                       -0.01456058325952594781                                                    
mvp2    4   17   28   44   17    4   28   44                        0.00944660813143071397    0.23609967383243074535                          
a_ia   18   20                                                      0.29882753605813150433                                                    
mvp2    4   16   28   45   16    4   28   45                        0.00111233593447655418    0.21291528671780207693                          
mvp2    4   14   28   40   14    4   28   40                        0.02074411330407436097   -0.19061834373551608812                          
a_ia    4   14                                                     -0.00719092671371140621                                                    
mvp2    4   17   28   41   17    4   28   41                       -0.00924832880883861078   -0.24290750631956598005                          
a_ia    4   17                                                      0.00191939351243123474                                                    
a_ia   14   16                                                     -0.38512906693117371359                                                    
a_ia   28   40                                                      0.00223317458852800594                                                    
mvp2    9   20   33   44   20    9   33   44                       -0.00819589742178049308    0.05450538608182253081                          
mvp2    4   20   28   41   20    4   28   41                        0.00941513183218883366   -0.03486085553952088939                          
mvp2    9   18   33   44   18    9   33   44                       -0.00798336656067692545    0.24902491274628615892                          
mvp2    4   21   33   41   21    4   33   41                        0.01055342176541842515   -0.34554795243728109178                          
a_ia   33   41                                                     -0.00098476281265567661                                                    
mvp2    4   21   28   40   21    4   28   40                       -0.00689681632973873117   -0.00150620403858487068                          
op      9   23   33   47   23    9   33   47                       -0.00655980712733061303                                                    
mvp2    4   21   33   43   21    4   33   43                       -0.00955191549442690156    0.30780554998315595716                          
a_ia   28   41                                                      0.00094486791129984532                                                    
a_ia   33   43                                                      0.00100017821613228525                                                    
a_ia   34   45                                                      0.00118603422466958598                                                    
mvp2    4   21   28   46   21    4   28   46                       -0.00716415542258929099    0.35714472846309569531                          
mvp2    4   14   28   44   14    4   28   44                       -0.00801933059770044802    0.14497963684135131701                          
mvp2    4   14   28   46   14    4   28   46                        0.00804688435425655012   -0.02863020423325704500                          
mvp2    4   14   33   41   14    4   33   41                       -0.00915154671797593564    0.01983797234456261688                          
mvp2    4   21   34   46   21    4   34   46                       -0.00683306820715375886    0.40621407445200108377                          
a_ia   28   43                                                      0.00177747602168102227                                                    
mvp2    4   14   34   46   14    4   34   46                        0.00722354032309476587    0.00523793321186244182                          
mvp2    9   18   28   43   18    9   28   43                        0.00500040261360047093   -0.15208118223970856775                          
mvp2    4   14   33   43   14    4   33   43                        0.00882284125507780057   -0.01444921280526160687                          
a_ia   34   46                                                     -0.00083185291650595674                                                    
a_ia   33   46                                                      0.00144786157210408713                                                    
mvp2    1   23   33   42   23    1   33   42                       -0.01074288666671521612   -0.30116409727937459850                          
mvp2    1   20   33   42   20    1   33   42                       -0.00710741438892889543   -0.30517750577657265509                          
a_ia   28   32                                                      0.27909882537647062728                                                    
a_ia    4    8                                                      0.25025567854433988790                                                    
