op     10   13   34   37   13   10   34   37                       -0.03750298952526530394                                                    
op      9   18   33   42   18    9   33   42                       -0.05431981395185653261                                                    
op      9   18   34   42   18    9   34   42                       -0.00161518117640112248                                                    
op     10   18   34   42   18   10   34   42                       -0.00437941607786692614                                                    
op      9   19   33   42   19    9   33   42                       -0.02632590183535292797                                                    
mvp2   10   18   33   42   18   10   33   42                       -0.03587914070929451582   -0.30694538986230013311                          
a_ia   33   42                                                      0.00504501119488771303                                                    
om      9   19   33   43   19    9   33   43                       -0.00673192865863060132                                                    
op      9   17   33   41   17    9   33   41                       -0.00564928550063464440                                                    
op      9   17   33   43   17    9   33   43                        0.00465829424631535819                                                    
mvp2    9   18   33   41   18    9   33   41                        0.00532983724220439242   -0.13621725442180440679                          
mvp2    9   18   33   43   18    9   33   43                       -0.00716943461875043601    0.38029796587386438533                          
om      9   19   33   41   19    9   33   41                        0.00336700718973163534                                                    
mvp2   10   18   33   43   18   10   33   43                       -0.00530070596238491759    0.08414052992243255258                          
mvp2    9   17   33   42   17    9   33   42                        0.02539950151815428825    0.12603674088061164738                          
op      4   14   28   38   14    4   28   38                       -0.03357253122859722022                                                    
mvp2    4   21   33   42   21    4   33   42                       -0.02997784729041969021   -0.97036932058136460277                          
mvp2    4   21   34   42   21    4   34   42                       -0.02278894085570972242    0.43130668088167517515                          
a_ia    4   21                                                     -0.00962040987910268812                                                    
mvp2    4   21   28   45   21    4   28   45                       -0.02386114982252624667    0.66714443782850463283                          
a_ia   34   42                                                     -0.00117752296562187594                                                    
mvp2    4   21   28   38   21    4   28   38                        0.02015410762362622107   -0.57660165688885578472                          
a_ia   28   38                                                     -0.00456522516265325199                                                    
a_ia    9   18                                                      0.00162874958088212612                                                    
op      4   16   28   40   16    4   28   40                       -0.01561653998013728603                                                    
mvp2    4   14   28   45   14    4   28   45                        0.01869503033604792350    0.72369067650842489048                          
op      4   20   28   44   20    4   28   44                       -0.01402648441077782027                                                    
mvp2    4   17   28   44   17    4   28   44                        0.00893580899223127799    0.20796325655531358589                          
a_ia   18   20                                                      0.30574184269148091397                                                    
mvp2    4   16   28   45   16    4   28   45                        0.00076311136666140167    0.19459141190024917267                          
mvp2    4   14   28   40   14    4   28   40                        0.01983462959036175893   -0.18140439606361502545                          
a_ia    4   14                                                     -0.00593674894705402498                                                    
mvp2    4   17   28   41   17    4   28   41                       -0.00915080866211974778   -0.18932778798086186134                          
a_ia    4   17                                                      0.00199068624458074127                                                    
a_ia   14   16                                                     -0.38467452666738150002                                                    
a_ia   28   40                                                      0.00202136276739501046                                                    
mvp2    9   20   33   44   20    9   33   44                       -0.00734864468531118680    0.07444047482207620525                          
mvp2    4   20   28   41   20    4   28   41                        0.00886561645396450118    0.01671489042795014021                          
mvp2    9   18   33   44   18    9   33   44                       -0.00808883975572836054    0.25645379334054291265                          
mvp2    4   21   33   41   21    4   33   41                        0.01041507753534895095   -0.34450750275943109457                          
a_ia   33   41                                                     -0.00168268504960497676                                                    
mvp2    4   21   28   40   21    4   28   40                       -0.00696233350809118742   -0.01404671879271863176                          
op      9   23   33   47   23    9   33   47                       -0.00627644263522853744                                                    
mvp2    4   21   33   43   21    4   33   43                       -0.00940464918119521959    0.34196096982544027520                          
a_ia   28   41                                                      0.00089088356656906258                                                    
a_ia   33   43                                                      0.00147068710117179233                                                    
a_ia   34   45                                                      0.00092530206326878477                                                    
mvp2    4   21   28   46   21    4   28   46                       -0.00643208598751828040    0.30592587526419878774                          
mvp2    4   14   28   44   14    4   28   44                       -0.00694345956402745313    0.07120772825659907324                          
mvp2    4   14   28   46   14    4   28   46                        0.00652175311386009055    0.01072680897480512985                          
mvp2    4   14   33   41   14    4   33   41                       -0.00791877139611957097    0.01635736135150714365                          
mvp2    4   21   34   46   21    4   34   46                       -0.00694128214038145647    0.40147092116282523389                          
a_ia   28   43                                                      0.00149199461470196073                                                    
mvp2    4   14   34   46   14    4   34   46                        0.00690883514946710395    0.01080535148519530531                          
mvp2    9   18   28   43   18    9   28   43                        0.00406331991371368644   -0.13551367957805290909                          
