op     10   13   34   37   13   10   34   37                       -0.02048019411355928715                                                    
op      9   18   33   42   18    9   33   42                       -0.05744158711952357388                                                    
op      9   18   34   42   18    9   34   42                       -0.01007915939152242632                                                    
op     10   18   34   42   18   10   34   42                       -0.01489748792735852423                                                    
op      9   19   33   42   19    9   33   42                       -0.02755203737695766097                                                    
mvp2   10   18   33   42   18   10   33   42                       -0.03732763756786983828   -0.33631876133586352529                          
a_ia   33   42                                                      0.00301388040412028414                                                    
om      9   19   33   43   19    9   33   43                        0.00459073345895239654                                                    
op      9   17   33   41   17    9   33   41                       -0.00505231952295725605                                                    
op      9   17   33   43   17    9   33   43                        0.01160764233994571876                                                    
mvp2    9   18   33   41   18    9   33   41                        0.00510743615583487184   -0.45949325008191621578                          
mvp2    9   18   33   43   18    9   33   43                       -0.00802399175524150070    0.01327234083813109630                          
om      9   19   33   41   19    9   33   41                        0.00111698522439782804                                                    
mvp2   10   18   33   43   18   10   33   43                       -0.00351641846645114583    1.03895975678881336002                          
mvp2    9   17   33   42   17    9   33   42                        0.02752187565150812990    0.36658829725576641545                          
op      4   14   28   38   14    4   28   38                       -0.03640454462379974498                                                    
mvp2    4   21   33   42   21    4   33   42                       -0.04188007854712853806   -0.96973656372368099987                          
mvp2    4   21   34   42   21    4   34   42                       -0.02898394002567758476    0.26250647544311472847                          
a_ia    4   21                                                     -0.00885865682691404539                                                    
mvp2    4   21   28   45   21    4   28   45                       -0.02410036827672704454    0.69388712153873177702                          
a_ia   34   42                                                     -0.00111036380811468461                                                    
mvp2    4   21   28   38   21    4   28   38                        0.02169315355736785647   -0.63044880096545319326                          
a_ia   28   38                                                     -0.00458677773956684461                                                    
a_ia    9   18                                                     -0.00226417954327832365                                                    
op      4   16   28   40   16    4   28   40                       -0.01537341846712993523                                                    
mvp2    4   14   28   45   14    4   28   45                        0.02101099413761208998    0.79323337836039520266                          
op      4   20   28   44   20    4   28   44                       -0.01435403239380561580                                                    
mvp2    4   17   28   44   17    4   28   44                        0.00965122762135220413    0.21400444137783178333                          
a_ia   18   20                                                      0.25527467820852911551                                                    
mvp2    4   16   28   45   16    4   28   45                        0.00170753147392551036    0.27412963474693502475                          
mvp2    4   14   28   40   14    4   28   40                        0.02112059319563009546   -0.16508720471647483907                          
a_ia    4   14                                                     -0.00829456366068344678                                                    
mvp2    4   17   28   41   17    4   28   41                       -0.00887002611533407523   -0.41414834671432876334                          
a_ia    4   17                                                      0.00198956506845267495                                                    
a_ia   14   16                                                     -0.39767804566648484732                                                    
a_ia   28   40                                                      0.00171564320842695168                                                    
mvp2    9   20   33   44   20    9   33   44                       -0.00735810946260182473   -0.00746080609095106911                          
mvp2    4   20   28   41   20    4   28   41                        0.00971845603912653566   -0.41807277338601706029                          
mvp2    9   18   33   44   18    9   33   44                       -0.00822466318307070281    0.31017669015158894075                          
mvp2    4   21   33   41   21    4   33   41                        0.01208696924185994823   -0.34825104485575858471                          
a_ia   33   41                                                     -0.00166144944177484214                                                    
mvp2    4   21   28   40   21    4   28   40                       -0.00686871665107129364   -0.00383802005627635221                          
op      9   23   33   47   23    9   33   47                       -0.00683307598921923613                                                    
mvp2    4   21   33   43   21    4   33   43                       -0.01134266258921837189    0.26633393416833617273                          
a_ia   28   41                                                      0.00114886539631513089                                                    
a_ia   33   43                                                      0.00091224287896038295                                                    
a_ia   34   45                                                      0.00126090440105161290                                                    
mvp2    4   21   28   46   21    4   28   46                       -0.00767021926183319037    0.30997242270108205098                          
mvp2    4   14   28   44   14    4   28   44                       -0.00756877745908943189    0.10078652411656274790                          
mvp2    4   14   28   46   14    4   28   46                        0.00808923345682654830   -0.05478500525583852865                          
mvp2    4   14   33   41   14    4   33   41                       -0.01085950833556479159    0.05223276698197200363                          
mvp2    4   21   34   46   21    4   34   46                       -0.01157369001589228334    0.55913585623013184467                          
a_ia   28   43                                                      0.00202584445198225908                                                    
mvp2    4   14   34   46   14    4   34   46                        0.01179644389743662175   -0.08859917260716670961                          
mvp2    9   18   28   43   18    9   28   43                        0.00475370505295186121   -0.18828067976249077131                          
mvp2    4   14   33   43   14    4   33   43                        0.00971633246156807830   -0.10174183822252182152                          
a_ia   34   46                                                      0.00103423250113109295                                                    
a_ia   33   46                                                      0.00073536419940538637                                                    
mvp2    1   23   33   42   23    1   33   42                       -0.01212999037499436043   -0.19098774983017430262                          
mvp2    1   20   33   42   20    1   33   42                       -0.00890211502280514877   -0.17573724829223164035                          
a_ia   28   32                                                      0.26811381675271561686                                                    
a_ia    4    8                                                      0.23761644225372891004                                                    
a_ia   30   34                                                     -0.45374671737166777374                                                    
a_ia    1   10                                                      0.10144077159411589439                                                    
a_ia    6   10                                                     -0.27283932699039664671                                                    
mvp2    1   23   34   42   23    1   34   42                       -0.00687309004320386854   -0.19464155686828790714                          
mvp2    1   20   34   42   20    1   34   42                       -0.00682081879115484669   -0.22142384457178312940                          
a_ia   29   33                                                     -0.32002658913429476994                                                    
mvp2    1   12   33   42   12    1   33   42                       -0.01121912174079985926   -0.35551271536436868104                          
a_ia   29   34                                                      0.62455257838618727373                                                    
a_ia    9   18                                                      0.00391867651979458612                                                    
a_ia   36   38                                                      0.36303826305160763477                                                    
mvp2    4   17   30   40   17    4   30   40                       -0.00536171717127815247   -0.14141609607867952625                          
mvp2    4   20   30   40   20    4   30   40                        0.00599622747900374793   -0.19973569950359157388                          
mvp3   29   42   33   45   29   33   45   42   29   33   42   45    0.00528581207641814436   -0.06068281090369403996   -0.29835907583415538502
mvp2    1   12   34   42   12    1   34   42                       -0.00827886338069002206   -0.01199641670046422762                          
op      2   13   26   37   13    2   26   37                       -0.01268183497544615040                                                    
a_ia   34   42                                                      0.00206504262857861451                                                    
op      3   13   26   37   13    3   26   37                       -0.00825134891933273010                                                    
mvp2    9   18   28   47   18    9   28   47                        0.00304354228482448409   -0.13394542182011864861                          
a_ia   28   47                                                      0.00126726339004306710                                                    
op      2   13   27   37   13    2   27   37                       -0.00865489308876838531                                                    
mvp2    9   18   30   43   18    9   30   43                        0.00715449325845878004   -0.19094979749693272164                          
