op     10   13   34   37   13   10   34   37                       -0.02888532810350766603                                                    
op      9   18   33   42   18    9   33   42                       -0.05472293166816157711                                                    
op      9   18   34   42   18    9   34   42                       -0.00788913076340410843                                                    
op     10   18   34   42   18   10   34   42                       -0.01060775821924487237                                                    
op      9   19   33   42   19    9   33   42                       -0.02780920387488767728                                                    
mvp2   10   18   33   42   18   10   33   42                       -0.03759850961168721695   -0.33572416660846271519                          
a_ia   33   42                                                      0.00345249635669174970                                                    
om      9   19   33   43   19    9   33   43                       -0.00256992704881501242                                                    
op      9   17   33   41   17    9   33   41                       -0.00413683154788803496                                                    
op      9   17   33   43   17    9   33   43                        0.00645914118082208978                                                    
mvp2    9   18   33   41   18    9   33   41                        0.00471493801019353623   -0.11281660252576472536                          
mvp2    9   18   33   43   18    9   33   43                       -0.00688087786265964476    0.48776440188299297063                          
om      9   19   33   41   19    9   33   41                        0.00102616159309557378                                                    
mvp2   10   18   33   43   18   10   33   43                       -0.00412228035115669300    0.36591097842786535210                          
mvp2    9   17   33   42   17    9   33   42                        0.02580400939468882257    0.16198125467253438048                          
op      4   14   28   38   14    4   28   38                       -0.03511170264052605045                                                    
mvp2    4   21   33   42   21    4   33   42                       -0.03859364181435422092   -0.99793936574856889621                          
mvp2    4   21   34   42   21    4   34   42                       -0.02525986895926373918    0.32311751604296234941                          
a_ia    4   21                                                     -0.00775744749418798979                                                    
mvp2    4   21   28   45   21    4   28   45                       -0.02343199649319312877    0.67930205493001394323                          
a_ia   34   42                                                      0.00039721395253328119                                                    
mvp2    4   21   28   38   21    4   28   38                        0.02074700232385776055   -0.60279095676940996906                          
a_ia   28   38                                                     -0.00526114570631424673                                                    
a_ia    9   18                                                      0.00166881140231598876                                                    
op      4   16   28   40   16    4   28   40                       -0.01584279492583822585                                                    
mvp2    4   14   28   45   14    4   28   45                        0.02012528104710111648    0.75116237923727835479                          
op      4   20   28   44   20    4   28   44                       -0.01495998412964918978                                                    
mvp2    4   17   28   44   17    4   28   44                        0.00903924043401447240    0.23874691313340576371                          
a_ia   18   20                                                      0.29111911343642721262                                                    
mvp2    4   16   28   45   16    4   28   45                        0.00128622418255173489    0.22177945958844708096                          
mvp2    4   14   28   40   14    4   28   40                        0.02073499801168426915   -0.18608253958777509762                          
a_ia    4   14                                                     -0.00733131413387244982                                                    
mvp2    4   17   28   41   17    4   28   41                       -0.00955892610273202138   -0.27748881541417624863                          
a_ia    4   17                                                      0.00202146923795217155                                                    
a_ia   14   16                                                     -0.38575079267124168236                                                    
a_ia   28   40                                                      0.00229119996525473405                                                    
mvp2    9   20   33   44   20    9   33   44                       -0.00767862595264303446    0.05350866057733490860                          
mvp2    4   20   28   41   20    4   28   41                        0.00905021394413533034   -0.10094855963553928113                          
mvp2    9   18   33   44   18    9   33   44                       -0.00779407485976699437    0.26275028477228890011                          
mvp2    4   21   33   41   21    4   33   41                        0.01083630239882176459   -0.34832151785470533145                          
a_ia   33   41                                                     -0.00115691783133656527                                                    
mvp2    4   21   28   40   21    4   28   40                       -0.00670718556221912721   -0.00914419448757939311                          
op      9   23   33   47   23    9   33   47                       -0.00553784759875181401                                                    
mvp2    4   21   33   43   21    4   33   43                       -0.00926904856020724713    0.30822543438726951459                          
a_ia   28   41                                                      0.00100302237097914834                                                    
a_ia   33   43                                                      0.00088997851629457646                                                    
a_ia   34   45                                                      0.00133092397721970871                                                    
mvp2    4   21   28   46   21    4   28   46                       -0.00763203325549143691    0.34123987701122110439                          
mvp2    4   14   28   44   14    4   28   44                       -0.00806903819476916494    0.14005114020239856076                          
mvp2    4   14   28   46   14    4   28   46                        0.00812141521748762155   -0.02412879883492205502                          
mvp2    4   14   33   41   14    4   33   41                       -0.00924503135982646454    0.02291370366409344397                          
mvp2    4   21   34   46   21    4   34   46                       -0.00902419853458506609    0.50408541565716757926                          
a_ia   28   43                                                      0.00177440099982030313                                                    
mvp2    4   14   34   46   14    4   34   46                        0.01011837204394027898   -0.04192056915056303901                          
mvp2    9   18   28   43   18    9   28   43                        0.00500552788543207061   -0.17472087264020674802                          
mvp2    4   14   33   43   14    4   33   43                        0.00889748736987326476   -0.02568262080388952762                          
a_ia   34   46                                                     -0.00014219626670838566                                                    
a_ia   33   46                                                      0.00175376848248206900                                                    
mvp2    1   23   33   42   23    1   33   42                       -0.01153846313848684926   -0.30908798087580802161                          
mvp2    1   20   33   42   20    1   33   42                       -0.00744004301721818209   -0.31272969011950702001                          
a_ia   28   32                                                      0.27831627900652061713                                                    
a_ia    4    8                                                      0.23738488548112748888                                                    
a_ia   30   34                                                     -0.43338544146757396192                                                    
a_ia    1   10                                                      0.04654794659678487823                                                    
a_ia    6   10                                                     -0.09573761855084406136                                                    
