op     10   13   34   37   13   10   34   37                       -0.03776543135113951538                                                    
op      9   18   33   42   18    9   33   42                       -0.03167750433461003629                                                    
op      9   18   34   42   18    9   34   42                       -0.02046747399021652675                                                    
op     10   18   34   42   18   10   34   42                       -0.01690323767588132811                                                    
op      9   19   33   42   19    9   33   42                       -0.01511857427099264246                                                    
mvp2   10   18   33   42   18   10   33   42                       -0.02029320069693659606   -0.00124091873077525946                          
a_ia   33   42                                                      0.00202220887296107165                                                    
om      9   19   33   43   19    9   33   43                       -0.01055810271553597572                                                    
op      9   17   33   41   17    9   33   41                       -0.01003523161265212904                                                    
op      9   17   33   43   17    9   33   43                        0.00800793323537669043                                                    
