op     10   13   34   37   13   10   34   37                       -0.02595768782002944031                                                    
op      9   18   33   42   18    9   33   42                       -0.05974747534356364409                                                    
op      9   18   34   42   18    9   34   42                       -0.00571834293418997750                                                    
op     10   18   34   42   18   10   34   42                       -0.01186460101431662147                                                    
op      9   19   33   42   19    9   33   42                       -0.02763144078037631582                                                    
mvp2   10   18   33   42   18   10   33   42                       -0.03714902992650120223   -0.31614685334788789062                          
a_ia   33   42                                                      0.00339973072128586839                                                    
om      9   19   33   43   19    9   33   43                        0.00578291997424688810                                                    
op      9   17   33   41   17    9   33   41                       -0.00424783354358343468                                                    
op      9   17   33   43   17    9   33   43                        0.01791592819730152691                                                    
mvp2    9   18   33   41   18    9   33   41                        0.00344393188165327503   -0.23766654062336917130                          
mvp2    9   18   33   43   18    9   33   43                       -0.00730347675005643595    0.04505748659358317643                          
om      9   19   33   41   19    9   33   41                        0.00032684677233259116                                                    
mvp2   10   18   33   43   18   10   33   43                       -0.00408361047823481513    1.25447223968344268030                          
mvp2    9   17   33   42   17    9   33   42                        0.02813066029971082044    0.53759087503850933043                          
op      4   14   28   38   14    4   28   38                       -0.03704897230277225811                                                    
mvp2    4   21   33   42   21    4   33   42                       -0.03457759240322094696   -1.03516254797627715867                          
mvp2    4   21   34   42   21    4   34   42                       -0.04242915275710937295    0.40447904837950920953                          
a_ia    4   21                                                     -0.00923703407438009050                                                    
mvp2    4   21   28   45   21    4   28   45                       -0.02651804953336155471    0.66875298981275232979                          
a_ia   34   42                                                     -0.00284085065869252263                                                    
mvp2    4   21   28   38   21    4   28   38                        0.02475598986922663072   -0.58029365117356157544                          
a_ia   28   38                                                     -0.00479350999529956027                                                    
a_ia    9   18                                                     -0.00095192485629302427                                                    
op      4   16   28   40   16    4   28   40                       -0.01481802654739765822                                                    
mvp2    4   14   28   45   14    4   28   45                        0.02154040382861509978    0.80097212352693636372                          
op      4   20   28   44   20    4   28   44                       -0.01433045994667147931                                                    
mvp2    4   17   28   44   17    4   28   44                        0.00948927132373373824    0.20747887639411422001                          
a_ia   18   20                                                      0.25765488946947612270                                                    
mvp2    4   16   28   45   16    4   28   45                        0.00191238029082046557    0.29124268660231306116                          
mvp2    4   14   28   40   14    4   28   40                        0.02075802629675401953   -0.11981056767934999963                          
a_ia    4   14                                                     -0.00702133977046704230                                                    
mvp2    4   17   28   41   17    4   28   41                       -0.00886377167658181433   -0.42625127228930520529                          
a_ia    4   17                                                      0.00141284227036650185                                                    
a_ia   14   16                                                     -0.38782045290189276487                                                    
a_ia   28   40                                                      0.00175123505847086473                                                    
mvp2    9   20   33   44   20    9   33   44                       -0.00713742611201975598   -0.00197389893417976086                          
mvp2    4   20   28   41   20    4   28   41                        0.00959237918718288361   -0.35566294108461982137                          
mvp2    9   18   33   44   18    9   33   44                       -0.00789879384821950276    0.33187394382253010416                          
mvp2    4   21   33   41   21    4   33   41                        0.01403031586888322038   -0.41323045526727708587                          
a_ia   33   41                                                     -0.00295569143032090769                                                    
mvp2    4   21   28   40   21    4   28   40                       -0.00769933172720312607    0.02915291043692544437                          
op      9   23   33   47   23    9   33   47                       -0.00691531540132416314                                                    
mvp2    4   21   33   43   21    4   33   43                       -0.01335110722837638299    0.22835286504157129017                          
a_ia   28   41                                                      0.00137018536735525895                                                    
a_ia   33   43                                                      0.00165227340295628260                                                    
a_ia   34   45                                                      0.00087271822898283115                                                    
mvp2    4   21   28   46   21    4   28   46                       -0.00995330887437308534    0.25047234883770180813                          
mvp2    4   14   28   44   14    4   28   44                       -0.00792821888979800861    0.09252317717674424236                          
mvp2    4   14   28   46   14    4   28   46                        0.00846786472500230328   -0.08336159911457338700                          
mvp2    4   14   33   41   14    4   33   41                       -0.01145572414981015953   -0.02504882664970972325                          
mvp2    4   21   34   46   21    4   34   46                       -0.01102794366805758507    0.29512472238183545814                          
a_ia   28   43                                                      0.00141769794483554627                                                    
mvp2    4   14   34   46   14    4   34   46                        0.01218555510433240278   -0.16313928932598531496                          
mvp2    9   18   28   43   18    9   28   43                        0.00470663109382061379   -0.18963052268083038787                          
mvp2    4   14   33   43   14    4   33   43                        0.01043952622939956464   -0.12356585536858763485                          
a_ia   34   46                                                     -0.00025020974892189991                                                    
a_ia   33   46                                                      0.00080447635933009209                                                    
mvp2    1   23   33   42   23    1   33   42                       -0.01282835522962309099   -0.03592791980502428595                          
mvp2    1   20   33   42   20    1   33   42                       -0.00790535064958086502   -0.02747051557343638956                          
a_ia   28   32                                                      0.27552329482275167427                                                    
a_ia    4    8                                                      0.26774578074236787817                                                    
a_ia   30   34                                                     -0.20031224135549580145                                                    
a_ia    1   10                                                      0.11933259776461258017                                                    
a_ia    6   10                                                     -0.24976453824043826080                                                    
mvp2    1   23   34   42   23    1   34   42                       -0.00796432030597247001   -0.43033065713529483620                          
mvp2    1   20   34   42   20    1   34   42                       -0.00797125142903739280   -0.39050286295373604073                          
a_ia   29   33                                                     -0.33307962594719464633                                                    
mvp2    1   12   33   42   12    1   33   42                       -0.01065443802184091147    0.07808514564272175940                          
a_ia   29   34                                                      0.48968158946871098713                                                    
a_ia    9   18                                                      0.00315481978386818185                                                    
a_ia   36   38                                                      0.35447182719904946069                                                    
mvp2    4   17   30   40   17    4   30   40                       -0.00517274228443744943   -0.06475561638924116903                          
mvp2    4   20   30   40   20    4   30   40                        0.00598563394375970208   -0.11778993812585769607                          
mvp3   29   42   33   45   29   33   45   42   29   33   42   45    0.00537813401610983885   -0.08573800762748425008   -0.04867606255146231936
mvp2    1   12   34   42   12    1   34   42                       -0.00899003990408007471   -0.57861722455647424113                          
op      2   13   26   37   13    2   26   37                       -0.01228127726970806854                                                    
a_ia   34   42                                                      0.00171024245889973012                                                    
op      3   13   26   37   13    3   26   37                       -0.00823123650041209486                                                    
mvp2    9   18   28   47   18    9   28   47                        0.00290715692868700462   -0.12920068473290824418                          
a_ia   28   47                                                      0.00151576085451442483                                                    
op      2   13   27   37   13    2   27   37                       -0.00823450007830968563                                                    
mvp2    9   18   30   43   18    9   30   43                        0.00719556625205309153   -0.22756564119659786205                          
mvp2    4   21   30   46   21    4   30   46                       -0.00881665111222374592    0.49690737555115799262                          
mvp2    6   22   30   46   22    6   30   46                       -0.00614291020977723260   -0.79766258947437995719                          
a_ia   21   22                                                      0.52282880859118185946                                                    
a_ia    4    6                                                      0.22633257323419600504                                                    
a_ia   30   46                                                      0.00122904157045997412                                                    
a_ia    1   12                                                      0.00141347932211988419                                                    
mvp3   29   42   34   45   29   34   45   42   29   34   42   45    0.00408517454655968684    0.08870787176877135971   -0.36064154454408037243
a_ia   42   45                                                     -0.04444877230008933977                                                    
a_ia   18   21                                                     -0.09359039461233083224                                                    
mvp2    1   23   34   46   23    1   34   46                       -0.00537097640915074059    0.17206467516892867686                          
a_ia   29   42                                                     -0.00092065779795131837                                                    
mvp2   10   22   34   46   22   10   34   46                       -0.00751611557021852113   -0.70383349793007610185                          
a_ia   10   17                                                     -0.00121778926551941368                                                    
