op     10   13   34   37   13   10   34   37                       -0.03757086739341402443                                                    
op      9   18   33   42   18    9   33   42                       -0.05328791560972300639                                                    
op      9   18   34   42   18    9   34   42                       -0.00127347888344882406                                                    
op     10   18   34   42   18   10   34   42                       -0.00408919467813954104                                                    
op      9   19   33   42   19    9   33   42                       -0.02639802174494694162                                                    
mvp2   10   18   33   42   18   10   33   42                       -0.03561487160507356697   -0.31293732946462543554                          
a_ia   33   42                                                      0.00491776755414735384                                                    
om      9   19   33   43   19    9   33   43                       -0.00679048684074055192                                                    
op      9   17   33   41   17    9   33   41                       -0.00569359557307724199                                                    
op      9   17   33   43   17    9   33   43                        0.00488144830352116310                                                    
mvp2    9   18   33   41   18    9   33   41                        0.00586911683315727642   -0.13755285700896363599                          
mvp2    9   18   33   43   18    9   33   43                       -0.00809960299616704904    0.38192253725229080574                          
om      9   19   33   41   19    9   33   41                        0.00324743398907985543                                                    
mvp2   10   18   33   43   18   10   33   43                       -0.00573455188798722201    0.07648939505458174359                          
mvp2    9   17   33   42   17    9   33   42                        0.02527808457808814954    0.12770610370697163538                          
op      4   14   28   38   14    4   28   38                       -0.03334260546286339777                                                    
mvp2    4   21   33   42   21    4   33   42                       -0.02894957727227371116   -0.95627832472133911246                          
mvp2    4   21   34   42   21    4   34   42                       -0.02282569242936904885    0.44448064687332178302                          
a_ia    4   21                                                     -0.00864911018095425310                                                    
mvp2    4   21   28   45   21    4   28   45                       -0.02338122621071710497    0.70402322711663878341                          
a_ia   34   42                                                     -0.00034816466003873594                                                    
mvp2    4   21   28   38   21    4   28   38                        0.01995287049091513248   -0.60675752839530983085                          
a_ia   28   38                                                     -0.00477101069044569021                                                    
a_ia    9   18                                                      0.00155277791369932321                                                    
op      4   16   28   40   16    4   28   40                       -0.01553030273164997428                                                    
mvp2    4   14   28   45   14    4   28   45                        0.01875086446090003245    0.72489645183891515678                          
op      4   20   28   44   20    4   28   44                       -0.01406142263953543727                                                    
mvp2    4   17   28   44   17    4   28   44                        0.00893378602531648414    0.19831304606766456122                          
a_ia   18   20                                                      0.30291533697423844718                                                    
mvp2    4   16   28   45   16    4   28   45                        0.00083646701867701742    0.19169279717685960840                          
mvp2    4   14   28   40   14    4   28   40                        0.01996556923418947235   -0.18027625895274240753                          
a_ia    4   14                                                     -0.00518283220822232139                                                    
mvp2    4   17   28   41   17    4   28   41                       -0.00913218012862417571   -0.18066959538624718928                          
a_ia    4   17                                                      0.00169076748152029947                                                    
a_ia   14   16                                                     -0.38847544149590690354                                                    
a_ia   28   40                                                      0.00194162657367755479                                                    
mvp2    9   20   33   44   20    9   33   44                       -0.00737764239126526954    0.07409920556742125020                          
mvp2    4   20   28   41   20    4   28   41                        0.00882299601183248253    0.02169551246959966831                          
mvp2    9   18   33   44   18    9   33   44                       -0.00816856543991354572    0.24651412195953081863                          
mvp2    4   21   33   41   21    4   33   41                        0.00961228443850164864   -0.36782791835494021981                          
a_ia   33   41                                                     -0.00105596682880389182                                                    
mvp2    4   21   28   40   21    4   28   40                       -0.00669871118430535699   -0.00736325019391416251                          
op      9   23   33   47   23    9   33   47                       -0.00628387793146465475                                                    
mvp2    4   21   33   43   21    4   33   43                       -0.00877864780155124778    0.35251549478042842889                          
a_ia   28   41                                                      0.00128448404519576447                                                    
a_ia   33   43                                                      0.00129149126639268664                                                    
a_ia   34   45                                                      0.00109516222535885983                                                    
mvp2    4   21   28   46   21    4   28   46                       -0.00626645350966467240    0.32296119541269974196                          
mvp2    4   14   28   44   14    4   28   44                       -0.00694030989009194327    0.00019344842727347971                          
mvp2    4   14   28   46   14    4   28   46                        0.00635663472760526847    0.00001683908071651751                          
