op     10   13   34   37   13   10   34   37                       -0.03776544737769430005                                                    
op      9   18   33   42   18    9   33   42                       -0.03182970147011244394                                                    
op      9   18   34   42   18    9   34   42                       -0.02045754282186670187                                                    
op     10   18   34   42   18   10   34   42                       -0.01689750034586035704                                                    
op      9   19   33   42   19    9   33   42                       -0.01502015833442273129                                                    
mvp2   10   18   33   42   18   10   33   42                       -0.02044695272570743599   -0.00152967979020262202                          
a_ia   33   42                                                      0.00185700331495977557                                                    
om      9   19   33   43   19    9   33   43                       -0.01062781289493372472                                                    
op      9   17   33   41   17    9   33   41                       -0.01027412144115085260                                                    
op      9   17   33   43   17    9   33   43                        0.00801116045470272146                                                    
mvp2    9   18   33   41   18    9   33   41                        0.01305296943638313729   -0.00028096928974568892                          
