op     10   13   34   37   13   10   34   37                       -0.03758888794741309380                                                    
op      9   18   33   42   18    9   33   42                       -0.04793488103173151882                                                    
op      9   18   34   42   18    9   34   42                       -0.01069397413704153282                                                    
op     10   18   34   42   18   10   34   42                       -0.00976124272851179933                                                    
op      9   19   33   42   19    9   33   42                       -0.02384879819832547154                                                    
mvp2   10   18   33   42   18   10   33   42                       -0.03244195398745977621   -0.38721823182490361370                          
a_ia   33   42                                                      0.00473999191319415293                                                    
om      9   19   33   43   19    9   33   43                       -0.01101215928869330764                                                    
op      9   17   33   41   17    9   33   41                       -0.01058471432139642364                                                    
op      9   17   33   43   17    9   33   43                        0.00829909716951831786                                                    
mvp2    9   18   33   41   18    9   33   41                        0.01408489046998427814   -0.14454423126753379591                          
mvp2    9   18   33   43   18    9   33   43                       -0.01490030380380723447    0.37806721563870410163                          
om      9   19   33   41   19    9   33   41                        0.00796131176871534008                                                    
mvp2   10   18   33   43   18   10   33   43                       -0.01015511291662021115   -0.00146089500435194223                          
mvp2    9   17   33   42   17    9   33   42                        0.02189929804201052460    0.18081049582593544667                          
op      4   14   28   38   14    4   28   38                       -0.03083576030106081195                                                    
mvp2    4   21   33   42   21    4   33   42                       -0.02865145748655755636   -0.87683138305298535808                          
mvp2    4   21   34   42   21    4   34   42                       -0.02123887265717722475    0.28013125699697438709                          
a_ia    4   21                                                     -0.00800658126027992655                                                    
mvp2    4   21   28   45   21    4   28   45                       -0.02131406197945998407    0.78412034050822465581                          
a_ia   34   42                                                      0.00068116703862534163                                                    
mvp2    4   21   28   38   21    4   28   38                        0.01771591514441819143   -0.76822477963233792853                          
a_ia   28   38                                                     -0.00563206497558945036                                                    
a_ia    9   18                                                      0.00184208348962862345                                                    
op      4   16   28   40   16    4   28   40                       -0.02221218233191338612                                                    
mvp2    4   14   28   45   14    4   28   45                        0.01812449523693449721    0.73279175527501272391                          
op      4   20   28   44   20    4   28   44                       -0.01388120480617944554                                                    
mvp2    4   17   28   44   17    4   28   44                        0.00871570794321295007    0.00939102428216880697                          
a_ia   18   20                                                      0.30692355434414320126                                                    
mvp2    4   16   28   45   16    4   28   45                       -0.00637938880832199587   -0.00227593174999318314                          
mvp2    4   14   28   40   14    4   28   40                        0.01295469790120880489   -0.00222440131701421608                          
a_ia    4   14                                                     -0.00448502824548104462                                                    
