op     10   13   34   37   13   10   34   37                       -0.03755083689804262354                                                    
op      9   18   33   42   18    9   33   42                       -0.05170166454592579897                                                    
op      9   18   34   42   18    9   34   42                        0.00036430700564256424                                                    
op     10   18   34   42   18   10   34   42                       -0.00306404251254185044                                                    
op      9   19   33   42   19    9   33   42                       -0.02515523986549653493                                                    
mvp2   10   18   33   42   18   10   33   42                       -0.03450332598954929109   -0.34333197933829767701                          
a_ia   33   42                                                      0.00484605768955845284                                                    
om      9   19   33   43   19    9   33   43                       -0.01053075357596055042                                                    
op      9   17   33   41   17    9   33   41                       -0.00639473559513980411                                                    
op      9   17   33   43   17    9   33   43                        0.00831591408725106986                                                    
mvp2    9   18   33   41   18    9   33   41                        0.00704324113167488323   -0.13694499907566393127                          
mvp2    9   18   33   43   18    9   33   43                       -0.01490447574400691720    0.38284378195505874842                          
om      9   19   33   41   19    9   33   41                        0.00425455093581700566                                                    
mvp2   10   18   33   43   18   10   33   43                       -0.01034247944021178187    0.05143732914524246080                          
mvp2    9   17   33   42   17    9   33   42                        0.02425368473594577065    0.12999044362842221423                          
op      4   14   28   38   14    4   28   38                       -0.03337010263159193024                                                    
mvp2    4   21   33   42   21    4   33   42                       -0.02886292791136355410   -0.95426862193197181661                          
mvp2    4   21   34   42   21    4   34   42                       -0.02161650162667501721    0.50877134091939424376                          
a_ia    4   21                                                     -0.00766645289480431726                                                    
mvp2    4   21   28   45   21    4   28   45                       -0.02226371143422090776    0.73884121202760733027                          
a_ia   34   42                                                     -0.00077609388669973875                                                    
mvp2    4   21   28   38   21    4   28   38                        0.01866508683942504770   -0.70565641677873269799                          
a_ia   28   38                                                     -0.00561798257819433062                                                    
a_ia    9   18                                                      0.00131023551453988778                                                    
op      4   16   28   40   16    4   28   40                       -0.01580788410423029228                                                    
mvp2    4   14   28   45   14    4   28   45                        0.01888065226492873991    0.72728547591045888954                          
op      4   20   28   44   20    4   28   44                       -0.01406931669998511165                                                    
mvp2    4   17   28   44   17    4   28   44                        0.00904832963303169903    0.15957835866545905246                          
a_ia   18   20                                                      0.30245429485219660348                                                    
mvp2    4   16   28   45   16    4   28   45                        0.00065641936429542032    0.17857751690919509979                          
mvp2    4   14   28   40   14    4   28   40                        0.01975626354503296628   -0.17811402189804476093                          
a_ia    4   14                                                     -0.00497573656895403723                                                    
mvp2    4   17   28   41   17    4   28   41                       -0.00910893049903733001   -0.14612360520692496690                          
a_ia    4   17                                                      0.00156014668605772397                                                    
a_ia   14   16                                                     -0.37721507967407147399                                                    
a_ia   28   40                                                      0.00162580569706736186                                                    
mvp2    9   20   33   44   20    9   33   44                       -0.00744380893260333104    0.08312525998662284588                          
mvp2    4   20   28   41   20    4   28   41                        0.00904009247012881045    0.01943040934528922695                          
mvp2    9   18   33   44   18    9   33   44                       -0.00818049749563625264    0.25683435903229145936                          
mvp2    4   21   33   41   21    4   33   41                        0.00917684917731840383   -0.40176757889407660462                          
a_ia   33   41                                                     -0.00111254351030145248                                                    
