op     10   13   34   37   13   10   34   37                       -0.03755917273646224019                                                    
op      9   18   33   42   18    9   33   42                       -0.05294029419010545801                                                    
op      9   18   34   42   18    9   34   42                       -0.00121445735687486988                                                    
op     10   18   34   42   18   10   34   42                       -0.00403831114646683881                                                    
op      9   19   33   42   19    9   33   42                       -0.02618657291638036913                                                    
mvp2   10   18   33   42   18   10   33   42                       -0.03535527921023981501   -0.32739424012653522977                          
a_ia   33   42                                                      0.00483709585194581730                                                    
om      9   19   33   43   19    9   33   43                       -0.00700158080495915259                                                    
op      9   17   33   41   17    9   33   41                       -0.00580572551175536494                                                    
op      9   17   33   43   17    9   33   43                        0.00505392679929366710                                                    
mvp2    9   18   33   41   18    9   33   41                        0.00597457330341279701   -0.13987477507256446119                          
mvp2    9   18   33   43   18    9   33   43                       -0.00835386087313464733    0.38429815149712975852                          
om      9   19   33   41   19    9   33   41                        0.00331952901663740921                                                    
mvp2   10   18   33   43   18   10   33   43                       -0.00595607697344262364    0.06829798161943333168                          
mvp2    9   17   33   42   17    9   33   42                        0.02506478147055751782    0.12982893339193180005                          
op      4   14   28   38   14    4   28   38                       -0.03327313228282252622                                                    
mvp2    4   21   33   42   21    4   33   42                       -0.02861724564786791852   -0.97235134799608657907                          
mvp2    4   21   34   42   21    4   34   42                       -0.02261013457679398111    0.45344436976572055631                          
a_ia    4   21                                                     -0.00801002953414025470                                                    
mvp2    4   21   28   45   21    4   28   45                       -0.02335656107126126563    0.70734616318400467261                          
a_ia   34   42                                                     -0.00052631199368304124                                                    
mvp2    4   21   28   38   21    4   28   38                        0.01983189504483662269   -0.62689944707247169386                          
a_ia   28   38                                                     -0.00551094098020481291                                                    
a_ia    9   18                                                      0.00147649115700413508                                                    
op      4   16   28   40   16    4   28   40                       -0.01557591633059094219                                                    
mvp2    4   14   28   45   14    4   28   45                        0.01881298631165346028    0.72216141357631891129                          
op      4   20   28   44   20    4   28   44                       -0.01390614680458981782                                                    
mvp2    4   17   28   44   17    4   28   44                        0.00896087179127927694    0.18695861341314914950                          
a_ia   18   20                                                      0.29840202062879467304                                                    
mvp2    4   16   28   45   16    4   28   45                        0.00076503978276444909    0.18930227346016928469                          
mvp2    4   14   28   40   14    4   28   40                        0.02010614422047894354   -0.17218022451679101947                          
a_ia    4   14                                                     -0.00484565837250998128                                                    
mvp2    4   17   28   41   17    4   28   41                       -0.00913099206333363271   -0.17016026252378235739                          
a_ia    4   17                                                      0.00160178277784150686                                                    
a_ia   14   16                                                     -0.38394659851629225900                                                    
a_ia   28   40                                                      0.00182164344539983698                                                    
mvp2    9   20   33   44   20    9   33   44                       -0.00736263186693872276    0.07806757719088310010                          
mvp2    4   20   28   41   20    4   28   41                        0.00893230741304139146    0.02284651475314734836                          
mvp2    9   18   33   44   18    9   33   44                       -0.00817797199759755580    0.25232579553300787945                          
mvp2    4   21   33   41   21    4   33   41                        0.00930574082345290814   -0.37955696634267405143                          
a_ia   33   41                                                     -0.00089937544666965081                                                    
mvp2    4   21   28   40   21    4   28   40                       -0.00664867301158383276   -0.01611080819347595824                          
op      9   23   33   47   23    9   33   47                       -0.00626672378690057517                                                    
mvp2    4   21   33   43   21    4   33   43                       -0.00854978657349377003    0.35903506673931578907                          
a_ia   28   41                                                      0.00156697705249206473                                                    
a_ia   33   43                                                      0.00114510796892434747                                                    
