op     10   13   34   37   13   10   34   37                       -0.02905365832400980813                                                    
op      9   18   33   42   18    9   33   42                       -0.05494960676674033595                                                    
op      9   18   34   42   18    9   34   42                       -0.00776371596980883830                                                    
op     10   18   34   42   18   10   34   42                       -0.00961791258852423558                                                    
op      9   19   33   42   19    9   33   42                       -0.02688651005596002022                                                    
mvp2   10   18   33   42   18   10   33   42                       -0.03646431922722146585   -0.32758589583179537064                          
a_ia   33   42                                                      0.00304714706381118208                                                    
om      9   19   33   43   19    9   33   43                       -0.00069922887862789536                                                    
op      9   17   33   41   17    9   33   41                       -0.00496017856164106784                                                    
op      9   17   33   43   17    9   33   43                        0.00589716699110481336                                                    
mvp2    9   18   33   41   18    9   33   41                        0.00468811032179597149   -0.10957714712164826065                          
mvp2    9   18   33   43   18    9   33   43                       -0.00671080291032686953    0.46961445543261504110                          
om      9   19   33   41   19    9   33   41                        0.00039776851771721247                                                    
mvp2   10   18   33   43   18   10   33   43                       -0.00435928882371841141    0.32431134525868204888                          
mvp2    9   17   33   42   17    9   33   42                        0.02597007163275483893    0.15008820471085557169                          
op      4   14   28   38   14    4   28   38                       -0.03403721183367670877                                                    
mvp2    4   21   33   42   21    4   33   42                       -0.03827788605297643282   -0.99856569396232985891                          
mvp2    4   21   34   42   21    4   34   42                       -0.02504736881319353375    0.33860100998590764165                          
a_ia    4   21                                                     -0.00839506223084358211                                                    
mvp2    4   21   28   45   21    4   28   45                       -0.02377189398509538254    0.67857218475618141795                          
a_ia   34   42                                                      0.00029622939792246696                                                    
mvp2    4   21   28   38   21    4   28   38                        0.02093016587732294750   -0.60418134707716242282                          
a_ia   28   38                                                     -0.00519181034369530468                                                    
a_ia    9   18                                                      0.00161924870223546509                                                    
op      4   16   28   40   16    4   28   40                       -0.01573948970115154194                                                    
mvp2    4   14   28   45   14    4   28   45                        0.02022440817347137543    0.74906612409311790213                          
op      4   20   28   44   20    4   28   44                       -0.01481018544204510713                                                    
mvp2    4   17   28   44   17    4   28   44                        0.00920331616342350521    0.24020001231412174691                          
a_ia   18   20                                                      0.29842536553081577821                                                    
mvp2    4   16   28   45   16    4   28   45                        0.00130057082518626917    0.22032840934658423637                          
mvp2    4   14   28   40   14    4   28   40                        0.02102968079512740340   -0.18590288028351809047                          
a_ia    4   14                                                     -0.00711342718805334402                                                    
mvp2    4   17   28   41   17    4   28   41                       -0.00939874323532462023   -0.26979176269069499172                          
a_ia    4   17                                                      0.00188201768686695648                                                    
a_ia   14   16                                                     -0.38599671639156518665                                                    
a_ia   28   40                                                      0.00204681110725879467                                                    
mvp2    9   20   33   44   20    9   33   44                       -0.00790002764749398768    0.05481270662122279119                          
mvp2    4   20   28   41   20    4   28   41                        0.00920433592593125800   -0.08423146419746188607                          
mvp2    9   18   33   44   18    9   33   44                       -0.00785571187289998626    0.26046341190236987906                          
mvp2    4   21   33   41   21    4   33   41                        0.01070738231615845151   -0.34717856519139672633                          
a_ia   33   41                                                     -0.00089331886743050821                                                    
mvp2    4   21   28   40   21    4   28   40                       -0.00681540699278159433   -0.00928578009505340481                          
op      9   23   33   47   23    9   33   47                       -0.00666889463677361894                                                    
mvp2    4   21   33   43   21    4   33   43                       -0.01010483687428834730    0.30947017732170373217                          
a_ia   28   41                                                      0.00085503313015355747                                                    
a_ia   33   43                                                      0.00079055689627571086                                                    
a_ia   34   45                                                      0.00151352408922609529                                                    
mvp2    4   21   28   46   21    4   28   46                       -0.00764668465653120175    0.34133036017273693519                          
mvp2    4   14   28   44   14    4   28   44                       -0.00794403463737836102    0.14116465781392853462                          
mvp2    4   14   28   46   14    4   28   46                        0.00802679890547688436   -0.02313740512182758946                          
mvp2    4   14   33   41   14    4   33   41                       -0.00932953343241646818    0.02306464156278592928                          
mvp2    4   21   34   46   21    4   34   46                       -0.00952419413219717306    0.49979670277351678775                          
a_ia   28   43                                                      0.00141018700114350914                                                    
mvp2    4   14   34   46   14    4   34   46                        0.01049588164570924853   -0.04950073898527015959                          
mvp2    9   18   28   43   18    9   28   43                        0.00489964660729607683   -0.15742358096307523807                          
mvp2    4   14   33   43   14    4   33   43                        0.01004574482913306310   -0.01718031458457778063                          
a_ia   34   46                                                     -0.00025108899660623298                                                    
a_ia   33   46                                                      0.00156578612175716880                                                    
mvp2    1   23   33   42   23    1   33   42                       -0.01054475926079087231   -0.30787493731040305178                          
mvp2    1   20   33   42   20    1   33   42                       -0.00724538753987038694   -0.30637216626424468302                          
a_ia   28   32                                                      0.27761445347053453903                                                    
a_ia    4    8                                                      0.23558762853742484800                                                    
a_ia   30   34                                                     -0.44761180013627055452                                                    
