op     10   13   34   37   13   10   34   37                       -0.03758064086930689579                                                    
op      9   18   33   42   18    9   33   42                       -0.04794926679303777167                                                    
op      9   18   34   42   18    9   34   42                       -0.01068288253168598462                                                    
op     10   18   34   42   18   10   34   42                       -0.00975409986165897032                                                    
op      9   19   33   42   19    9   33   42                       -0.02385824005382248050                                                    
mvp2   10   18   33   42   18   10   33   42                       -0.03244907540664204032   -0.38716763477470955701                          
a_ia   33   42                                                      0.00486651330203394933                                                    
om      9   19   33   43   19    9   33   43                       -0.01101555395860462708                                                    
op      9   17   33   41   17    9   33   41                       -0.01051776561249478936                                                    
op      9   17   33   43   17    9   33   43                        0.00829434734626748570                                                    
mvp2    9   18   33   41   18    9   33   41                        0.01407464263596672378   -0.14448117188087203355                          
mvp2    9   18   33   43   18    9   33   43                       -0.01489509261989593186    0.37806250532247176466                          
om      9   19   33   41   19    9   33   41                        0.00795465415019859859                                                    
mvp2   10   18   33   43   18   10   33   43                       -0.01015018399671290678   -0.00141463610286452933                          
mvp2    9   17   33   42   17    9   33   42                        0.02194547455341456024    0.18075445136054166251                          
op      4   14   28   38   14    4   28   38                       -0.03063932945918352094                                                    
mvp2    4   21   33   42   21    4   33   42                       -0.02866706060292995711   -0.87699499919492340805                          
mvp2    4   21   34   42   21    4   34   42                       -0.02125777808542995972    0.28055037676032162919                          
a_ia    4   21                                                     -0.00789585552832396294                                                    
mvp2    4   21   28   45   21    4   28   45                       -0.02138970717001725114    0.78415001866665845487                          
a_ia   34   42                                                      0.00040954539256329441                                                    
mvp2    4   21   28   38   21    4   28   38                        0.01771389093300572426   -0.76822909300541086797                          
a_ia   28   38                                                     -0.00554153673915435806                                                    
a_ia    9   18                                                      0.00166394560051226449                                                    
op      4   16   28   40   16    4   28   40                       -0.02201979538200832254                                                    
mvp2    4   14   28   45   14    4   28   45                        0.01801897732248156081    0.73272424054063356458                          
op      4   20   28   44   20    4   28   44                       -0.01375751436981106912                                                    
mvp2    4   17   28   44   17    4   28   44                        0.00909343356133973484    0.00951602440647771573                          
a_ia   18   20                                                      0.30682946354687995472                                                    
mvp2    4   16   28   45   16    4   28   45                       -0.00633286738614604119   -0.00277021378694304122                          
mvp2    4   14   28   40   14    4   28   40                        0.01286386508618148766   -0.00273512366982041604                          
a_ia    4   14                                                     -0.00492603251388317419                                                    
mvp2    4   17   28   41   17    4   28   41                       -0.00866665483202050911   -0.00012719632578524974                          
a_ia    4   17                                                      0.00135779076370395727                                                    
