op     10   13   34   37   13   10   34   37                       -0.03773785692539923659                                                    
op      9   18   33   42   18    9   33   42                       -0.03487591269570704949                                                    
op      9   18   34   42   18    9   34   42                       -0.02194259717261733827                                                    
op     10   18   34   42   18   10   34   42                       -0.01613854076502742318                                                    
op      9   19   33   42   19    9   33   42                       -0.01869662763615248524                                                    
mvp2   10   18   33   42   18   10   33   42                       -0.02340003948025364336   -0.35871500017721719145                          
a_ia   33   42                                                      0.00230507262322832834                                                    
om      9   19   33   43   19    9   33   43                       -0.01134211597224793998                                                    
op      9   17   33   41   17    9   33   41                       -0.01054376799287330170                                                    
op      9   17   33   43   17    9   33   43                        0.00825308908202757562                                                    
mvp2    9   18   33   41   18    9   33   41                        0.01307024805273943047   -0.23772731680093553419                          
mvp2    9   18   33   43   18    9   33   43                       -0.01474985034148879048    0.39263836057661960499                          
om      9   19   33   41   19    9   33   41                        0.00828274877146555240                                                    
mvp2   10   18   33   43   18   10   33   43                       -0.00991588376252221584   -0.02385080020473523410                          
mvp2    9   17   33   42   17    9   33   42                        0.01513583224356813972    0.29379520398129610470                          
op      4   14   28   38   14    4   28   38                       -0.03188631704964196845                                                    
mvp2    4   21   33   42   21    4   33   42                       -0.01748067491668150661   -0.46062686466625840653                          
mvp2    4   21   34   42   21    4   34   42                       -0.01332290503910895339    0.00014544146172644127                          
a_ia    4   21                                                     -0.00212372588594498656                                                    
