op     10   13   34   37   13   10   34   37                       -0.02586391970494362341                                                    
op      9   18   33   42   18    9   33   42                       -0.05939911558941034231                                                    
op      9   18   34   42   18    9   34   42                       -0.00594393296142306515                                                    
op     10   18   34   42   18   10   34   42                       -0.01244750633053763079                                                    
op      9   19   33   42   19    9   33   42                       -0.02781832673788855320                                                    
mvp2   10   18   33   42   18   10   33   42                       -0.03667798167582133478   -0.32020494221833772919                          
a_ia   33   42                                                      0.00309483787904991405                                                    
om      9   19   33   43   19    9   33   43                        0.00533986138143805605                                                    
op      9   17   33   41   17    9   33   41                       -0.00435165613490214476                                                    
op      9   17   33   43   17    9   33   43                        0.01612526044118796353                                                    
mvp2    9   18   33   41   18    9   33   41                        0.00379195014095733574   -0.30302985199943122119                          
mvp2    9   18   33   43   18    9   33   43                       -0.00740079358631629339    0.05149937681314351035                          
om      9   19   33   41   19    9   33   41                        0.00059837115282556242                                                    
mvp2   10   18   33   43   18   10   33   43                       -0.00405401744619825286    1.22814595283019989402                          
mvp2    9   17   33   42   17    9   33   42                        0.02800310466343288937    0.50344481166728338728                          
op      4   14   28   38   14    4   28   38                       -0.03678436794345838617                                                    
mvp2    4   21   33   42   21    4   33   42                       -0.03693949484229203106   -1.00712157421478298858                          
mvp2    4   21   34   42   21    4   34   42                       -0.03917928737741434297    0.36317685575300689971                          
a_ia    4   21                                                     -0.00931897644376313700                                                    
mvp2    4   21   28   45   21    4   28   45                       -0.02652455857597442110    0.65391208712729220753                          
a_ia   34   42                                                     -0.00116003321230128244                                                    
mvp2    4   21   28   38   21    4   28   38                        0.02490674040263523778   -0.57564799196347493648                          
a_ia   28   38                                                     -0.00483606544437521161                                                    
a_ia    9   18                                                     -0.00123744507659318448                                                    
op      4   16   28   40   16    4   28   40                       -0.01483848151709293850                                                    
mvp2    4   14   28   45   14    4   28   45                        0.02104141004405692822    0.78267776715930825748                          
op      4   20   28   44   20    4   28   44                       -0.01444248819911720869                                                    
mvp2    4   17   28   44   17    4   28   44                        0.00949625680459230057    0.20936096388625560771                          
a_ia   18   20                                                      0.26539956487992011347                                                    
mvp2    4   16   28   45   16    4   28   45                        0.00172541794212464363    0.28128945254720616465                          
mvp2    4   14   28   40   14    4   28   40                        0.02077206728753946269   -0.12579090038259774231                          
a_ia    4   14                                                     -0.00719672539683110634                                                    
mvp2    4   17   28   41   17    4   28   41                       -0.00887003301909766902   -0.39989281304156260033                          
a_ia    4   17                                                      0.00123382859085454798                                                    
a_ia   14   16                                                     -0.39165429448981747829                                                    
a_ia   28   40                                                      0.00181626809742530264                                                    
mvp2    9   20   33   44   20    9   33   44                       -0.00721174607206660073    0.00128922317139580395                          
mvp2    4   20   28   41   20    4   28   41                        0.00960895443680581315   -0.32615708347523914012                          
mvp2    9   18   33   44   18    9   33   44                       -0.00798885952667636665    0.32755810843965377233                          
mvp2    4   21   33   41   21    4   33   41                        0.01408342774069770015   -0.40092442396378147329                          
a_ia   33   41                                                     -0.00285513867002889447                                                    
mvp2    4   21   28   40   21    4   28   40                       -0.00786916302626719348    0.02719933540295947985                          
op      9   23   33   47   23    9   33   47                       -0.00695133343865192606                                                    
mvp2    4   21   33   43   21    4   33   43                       -0.01344132037218599002    0.24700325532623995661                          
a_ia   28   41                                                      0.00122137588893818350                                                    
a_ia   33   43                                                      0.00192145848412541989                                                    
a_ia   34   45                                                      0.00112273507822378371                                                    
mvp2    4   21   28   46   21    4   28   46                       -0.00982238257709628151    0.27652914765098668415                          
mvp2    4   14   28   44   14    4   28   44                       -0.00804800917209206636    0.10161555365242185001                          
mvp2    4   14   28   46   14    4   28   46                        0.00836984407499832134   -0.06301486777642868742                          
mvp2    4   14   33   41   14    4   33   41                       -0.01121926418515599780   -0.02211177290111277643                          
mvp2    4   21   34   46   21    4   34   46                       -0.01021167188355928158    0.30992062285354626816                          
a_ia   28   43                                                      0.00148413329186093007                                                    
mvp2    4   14   34   46   14    4   34   46                        0.01180228495989341618   -0.11324433524035520948                          
mvp2    9   18   28   43   18    9   28   43                        0.00466492960038034261   -0.19279222791812203330                          
mvp2    4   14   33   43   14    4   33   43                        0.01019559903537922696   -0.09548282803971867849                          
a_ia   34   46                                                      0.00000955910758781474                                                    
a_ia   33   46                                                      0.00060791873206722438                                                    
mvp2    1   23   33   42   23    1   33   42                       -0.01206798189778931531   -0.06412911267024362649                          
mvp2    1   20   33   42   20    1   33   42                       -0.00857649896977748759   -0.02291722159485094085                          
a_ia   28   32                                                      0.27441205416839120623                                                    
a_ia    4    8                                                      0.26212009615782216887                                                    
a_ia   30   34                                                     -0.21434201625735960217                                                    
a_ia    1   10                                                      0.10875242150053564261                                                    
a_ia    6   10                                                     -0.23547747078581604541                                                    
mvp2    1   23   34   42   23    1   34   42                       -0.00672894146051275163   -0.35036581767569041634                          
mvp2    1   20   34   42   20    1   34   42                       -0.00714967010917187326   -0.42056737255761783567                          
a_ia   29   33                                                     -0.32607746138068471886                                                    
mvp2    1   12   33   42   12    1   33   42                       -0.01036104739614267939    0.06237797740951737252                          
a_ia   29   34                                                      0.50802079818226297814                                                    
a_ia    9   18                                                      0.00339916375959818705                                                    
a_ia   36   38                                                      0.35889308190042273905                                                    
mvp2    4   17   30   40   17    4   30   40                       -0.00519907748183176966   -0.06337277576016038527                          
mvp2    4   20   30   40   20    4   30   40                        0.00600614908960292633   -0.11859208989158617764                          
mvp3   29   42   33   45   29   33   45   42   29   33   42   45    0.00520676480172051117   -0.09086436840644654400   -0.28927181192742729143
mvp2    1   12   34   42   12    1   34   42                       -0.00821579150569869653   -0.59224827627118947770                          
op      2   13   26   37   13    2   26   37                       -0.01228085636062364872                                                    
a_ia   34   42                                                      0.00160317959106975427                                                    
op      3   13   26   37   13    3   26   37                       -0.00821246978918197500                                                    
mvp2    9   18   28   47   18    9   28   47                        0.00298674091126124430   -0.12915012291415595147                          
a_ia   28   47                                                      0.00146726464959274247                                                    
op      2   13   27   37   13    2   27   37                       -0.00824173098379568994                                                    
mvp2    9   18   30   43   18    9   30   43                        0.00733920864149796483   -0.22226900842157484850                          
mvp2    4   21   30   46   21    4   30   46                       -0.00867530213983455298    0.50265015484705621862                          
mvp2    6   22   30   46   22    6   30   46                       -0.00632500653987838439   -0.74731264152481291507                          
a_ia   21   22                                                      0.52331010577081549240                                                    
a_ia    4    6                                                      0.21261510662448548925                                                    
a_ia   30   46                                                      0.00126300626020052617                                                    
