op     10   13   34   37   13   10   34   37                       -0.03755848346824749301                                                    
op      9   18   33   42   18    9   33   42                       -0.05292818661409667835                                                    
op      9   18   34   42   18    9   34   42                       -0.00121619099877949598                                                    
op     10   18   34   42   18   10   34   42                       -0.00403498778866821003                                                    
op      9   19   33   42   19    9   33   42                       -0.02618333185818258468                                                    
mvp2   10   18   33   42   18   10   33   42                       -0.03534761010770885031   -0.32746252906143602512                          
a_ia   33   42                                                      0.00480702281475334052                                                    
om      9   19   33   43   19    9   33   43                       -0.00700263717659647868                                                    
op      9   17   33   41   17    9   33   41                       -0.00580030071420590317                                                    
op      9   17   33   43   17    9   33   43                        0.00505778266751664377                                                    
mvp2    9   18   33   41   18    9   33   41                        0.00596103326085893441   -0.13988543426789407098                          
mvp2    9   18   33   43   18    9   33   43                       -0.00835830541674366725    0.38430855474617281464                          
om      9   19   33   41   19    9   33   41                        0.00331383118699043111                                                    
mvp2   10   18   33   43   18   10   33   43                       -0.00596262021874619050    0.06825940112551993899                          
mvp2    9   17   33   42   17    9   33   42                        0.02505923649069548981    0.12983909394024387152                          
op      4   14   28   38   14    4   28   38                       -0.03328977723044820175                                                    
mvp2    4   21   33   42   21    4   33   42                       -0.02862458252420793658   -0.97246194165020161115                          
mvp2    4   21   34   42   21    4   34   42                       -0.02261488906566660670    0.45348730562653777332                          
a_ia    4   21                                                     -0.00798532668474838565                                                    
mvp2    4   21   28   45   21    4   28   45                       -0.02332592810329113531    0.70735491497572910990                          
a_ia   34   42                                                     -0.00051379304471104771                                                    
mvp2    4   21   28   38   21    4   28   38                        0.01981985755701976687   -0.62699479061957696935                          
a_ia   28   38                                                     -0.00554902928928485088                                                    
a_ia    9   18                                                      0.00141119139714623214                                                    
op      4   16   28   40   16    4   28   40                       -0.01558889125495694847                                                    
mvp2    4   14   28   45   14    4   28   45                        0.01878263077976339429    0.72214561863041948353                          
op      4   20   28   44   20    4   28   44                       -0.01390510163803580605                                                    
mvp2    4   17   28   44   17    4   28   44                        0.00894974341758129031    0.18690685755451449945                          
a_ia   18   20                                                      0.29837394047714466128                                                    
mvp2    4   16   28   45   16    4   28   45                        0.00076781559399889763    0.18929143791577004996                          
mvp2    4   14   28   40   14    4   28   40                        0.02011235137189967825   -0.17214039524631416511                          
a_ia    4   14                                                     -0.00483319862859773932                                                    
mvp2    4   17   28   41   17    4   28   41                       -0.00913137863545151335   -0.17011270257376701065                          
a_ia    4   17                                                      0.00163491825871076653                                                    
a_ia   14   16                                                     -0.38392422358608557786                                                    
a_ia   28   40                                                      0.00184247952750759463                                                    
mvp2    9   20   33   44   20    9   33   44                       -0.00736183550125528961    0.07808642983784780389                          
mvp2    4   20   28   41   20    4   28   41                        0.00891611695745581426    0.02285161697829293445                          
mvp2    9   18   33   44   18    9   33   44                       -0.00817371476457764458    0.25235483595340607588                          
mvp2    4   21   33   41   21    4   33   41                        0.00930329167250475327   -0.37960727394111798416                          
a_ia   33   41                                                     -0.00085337723118275686                                                    
mvp2    4   21   28   40   21    4   28   40                       -0.00664108184118065211   -0.01615503403401239574                          
op      9   23   33   47   23    9   33   47                       -0.00627594223374350422                                                    
mvp2    4   21   33   43   21    4   33   43                       -0.00855090329073335265    0.35906978164776487406                          
