op     10   13   34   37   13   10   34   37                       -0.03757287442187781656                                                    
op      9   18   33   42   18    9   33   42                       -0.05324285346022216564                                                    
op      9   18   34   42   18    9   34   42                       -0.00141920677598544810                                                    
op     10   18   34   42   18   10   34   42                       -0.00412999005905242793                                                    
op      9   19   33   42   19    9   33   42                       -0.02635730560840162176                                                    
mvp2   10   18   33   42   18   10   33   42                       -0.03555525465747058633   -0.31291210413881520580                          
a_ia   33   42                                                      0.00492329976022024256                                                    
om      9   19   33   43   19    9   33   43                       -0.00679291845916912308                                                    
op      9   17   33   41   17    9   33   41                       -0.00563000252646930332                                                    
op      9   17   33   43   17    9   33   43                        0.00488469087717488103                                                    
mvp2    9   18   33   41   18    9   33   41                        0.00574079106669778561   -0.13754610692053387266                          
mvp2    9   18   33   43   18    9   33   43                       -0.00810785907913525415    0.38191390218929466283                          
om      9   19   33   41   19    9   33   41                        0.00319271618718369342                                                    
mvp2   10   18   33   43   18   10   33   43                       -0.00573970186330634985    0.07650678606004089610                          
mvp2    9   17   33   42   17    9   33   42                        0.02521935218989232799    0.12770627004119136649                          
op      4   14   28   38   14    4   28   38                       -0.03354583350226275629                                                    
mvp2    4   21   33   42   21    4   33   42                       -0.02892099918196093522   -0.95649697522123988680                          
mvp2    4   21   34   42   21    4   34   42                       -0.02278441295380839379    0.44446653686653164739                          
a_ia    4   21                                                     -0.00863493096035889730                                                    
mvp2    4   21   28   45   21    4   28   45                       -0.02329881904829092520    0.70391088653660405239                          
a_ia   34   42                                                     -0.00035368938023220577                                                    
mvp2    4   21   28   38   21    4   28   38                        0.01983908214694632757   -0.60671945102371760417                          
a_ia   28   38                                                     -0.00465998598277961914                                                    
a_ia    9   18                                                      0.00156149223048967253                                                    
op      4   16   28   40   16    4   28   40                       -0.01551343685238888367                                                    
mvp2    4   14   28   45   14    4   28   45                        0.01872154854365193702    0.72487000698673798027                          
op      4   20   28   44   20    4   28   44                       -0.01402422830476578522                                                    
mvp2    4   17   28   44   17    4   28   44                        0.00892380409742616482    0.19834115046890321565                          
a_ia   18   20                                                      0.30288034421210457969                                                    
mvp2    4   16   28   45   16    4   28   45                        0.00083088957986722099    0.19170235770362747951                          
mvp2    4   14   28   40   14    4   28   40                        0.01998015390016286141   -0.18027319547404163647                          
a_ia    4   14                                                     -0.00538622856783618591                                                    
mvp2    4   17   28   41   17    4   28   41                       -0.00913391363772992834   -0.18069614877639886275                          
a_ia    4   17                                                      0.00171479639183916310                                                    
a_ia   14   16                                                     -0.38845538482526881241                                                    
a_ia   28   40                                                      0.00202005612570026411                                                    
mvp2    9   20   33   44   20    9   33   44                       -0.00737708933109677487    0.07409948244722551480                          
mvp2    4   20   28   41   20    4   28   41                        0.00885453283496282113    0.02168728038028934491                          
mvp2    9   18   33   44   18    9   33   44                       -0.00817024143100329031    0.24653589562425604065                          
mvp2    4   21   33   41   21    4   33   41                        0.00982331572801828194   -0.36779240607049223932                          
a_ia   33   41                                                     -0.00137808817556124737                                                    
mvp2    4   21   28   40   21    4   28   40                       -0.00669125065495937334   -0.00738718219894344327                          
op      9   23   33   47   23    9   33   47                       -0.00628324447819483649                                                    
mvp2    4   21   33   43   21    4   33   43                       -0.00872934238960031833    0.35249170376533972560                          
a_ia   28   41                                                      0.00127128661275357178                                                    
a_ia   33   43                                                      0.00118845910297205493                                                    
a_ia   34   45                                                      0.00108103581212124042                                                    
mvp2    4   21   28   46   21    4   28   46                       -0.00631253910055926733    0.32295492156497768166                          
mvp2    4   14   28   44   14    4   28   44                       -0.00695917452385839790    0.00042985865882577516                          
mvp2    4   14   28   46   14    4   28   46                        0.00634073925734149595    0.00004128560521653163                          
mvp2    4   14   33   41   14    4   33   41                       -0.00811433233820904425    0.00009134249323410697                          
