op     10   13   34   37   13   10   34   37                       -0.03756579354463186748                                                    
op      9   18   33   42   18    9   33   42                       -0.05327021022831935487                                                    
op      9   18   34   42   18    9   34   42                       -0.00128635950338638156                                                    
op     10   18   34   42   18   10   34   42                       -0.00409961703909229088                                                    
op      9   19   33   42   19    9   33   42                       -0.02638863142350729440                                                    
mvp2   10   18   33   42   18   10   33   42                       -0.03558840811375547225   -0.31295800686647012867                          
a_ia   33   42                                                      0.00484799877470258427                                                    
om      9   19   33   43   19    9   33   43                       -0.00679650463288546201                                                    
op      9   17   33   41   17    9   33   41                       -0.00569952586900389618                                                    
op      9   17   33   43   17    9   33   43                        0.00488953152358846243                                                    
mvp2    9   18   33   41   18    9   33   41                        0.00587994783717016734   -0.13755917723572735900                          
mvp2    9   18   33   43   18    9   33   43                       -0.00811848278923662202    0.38192935740884254026                          
om      9   19   33   41   19    9   33   41                        0.00325348542007665312                                                    
mvp2   10   18   33   43   18   10   33   43                       -0.00575077669456709132    0.07647534823401981596                          
mvp2    9   17   33   42   17    9   33   42                        0.02526901582889682155    0.12770641157401943500                          
op      4   14   28   38   14    4   28   38                       -0.03316687922598939020                                                    
mvp2    4   21   33   42   21    4   33   42                       -0.02891309440644341394   -0.95609528841555324608                          
mvp2    4   21   34   42   21    4   34   42                       -0.02283348927166593129    0.44449729489099432111                          
a_ia    4   21                                                     -0.00869165366450976550                                                    
mvp2    4   21   28   45   21    4   28   45                       -0.02353985171942175186    0.70411101986628199523                          
a_ia   34   42                                                     -0.00034667259366556291                                                    
mvp2    4   21   28   38   21    4   28   38                        0.01996240420003026275   -0.60679230989661059326                          
a_ia   28   38                                                     -0.00478476200031988097                                                    
a_ia    9   18                                                      0.00153814243545626625                                                    
op      4   16   28   40   16    4   28   40                       -0.01547789724389738407                                                    
mvp2    4   14   28   45   14    4   28   45                        0.01881747260331973273    0.72491001902892537867                          
op      4   20   28   44   20    4   28   44                       -0.01387810432628543665                                                    
mvp2    4   17   28   44   17    4   28   44                        0.00906295498247443841    0.19829110439336553040                          
a_ia   18   20                                                      0.30294458234903454130                                                    
mvp2    4   16   28   45   16    4   28   45                        0.00083365750057690796    0.19168229318071908218                          
mvp2    4   14   28   40   14    4   28   40                        0.02013306404838832719   -0.18028059665294388081                          
a_ia    4   14                                                     -0.00517206755174938297                                                    
mvp2    4   17   28   41   17    4   28   41                       -0.00901280953372194001   -0.18064848110335093856                          
a_ia    4   17                                                      0.00165385004458702516                                                    
a_ia   14   16                                                     -0.38847854666864239936                                                    
a_ia   28   40                                                      0.00187130176915006386                                                    
mvp2    9   20   33   44   20    9   33   44                       -0.00739705741607816960    0.07410107080774235022                          
mvp2    4   20   28   41   20    4   28   41                        0.00900548497771486676    0.02170192954510642702                          
mvp2    9   18   33   44   18    9   33   44                       -0.00816158665963775953    0.24650341697594635448                          
mvp2    4   21   33   41   21    4   33   41                        0.00958278082902528326   -0.36784606606172209897                          
a_ia   33   41                                                     -0.00100724563391391760                                                    
mvp2    4   21   28   40   21    4   28   40                       -0.00677998929158442083   -0.00734327731361177332                          
op      9   23   33   47   23    9   33   47                       -0.00630816601666575084                                                    
mvp2    4   21   33   43   21    4   33   43                       -0.00877190615327121288    0.35253776422704224958                          
a_ia   28   41                                                      0.00123682845347882885                                                    
a_ia   33   43                                                      0.00125996851133660152                                                    
a_ia   34   45                                                      0.00114387160310763444                                                    
mvp2    4   21   28   46   21    4   28   46                       -0.00628295293041475703    0.32295423326871369740                          
