op     10   13   34   37   13   10   34   37                       -0.03753967832155982037                                                    
op      9   18   33   42   18    9   33   42                       -0.05431536184025855668                                                    
op      9   18   34   42   18    9   34   42                       -0.00189638547625138208                                                    
op     10   18   34   42   18   10   34   42                       -0.00446911561579966220                                                    
op      9   19   33   42   19    9   33   42                       -0.02628166230588408966                                                    
mvp2   10   18   33   42   18   10   33   42                       -0.03587449632338496341   -0.30693831413574912403                          
a_ia   33   42                                                      0.00502983645028082758                                                    
om      9   19   33   43   19    9   33   43                       -0.00671959968061907990                                                    
op      9   17   33   41   17    9   33   41                       -0.00565944439926911996                                                    
op      9   17   33   43   17    9   33   43                        0.00465394516195505748                                                    
mvp2    9   18   33   41   18    9   33   41                        0.00538356544432548080   -0.13621344808746357891                          
mvp2    9   18   33   43   18    9   33   43                       -0.00709635778091366725    0.38030509328160766458                          
om      9   19   33   41   19    9   33   41                        0.00339410292949829991                                                    
mvp2   10   18   33   43   18   10   33   43                       -0.00525806552796539983    0.08418477118795374137                          
mvp2    9   17   33   42   17    9   33   42                        0.02537423217912693554    0.12602079747378125418                          
op      4   14   28   38   14    4   28   38                       -0.03339468301438264231                                                    
mvp2    4   21   33   42   21    4   33   42                       -0.03006691741676938145   -0.97060541530643351660                          
mvp2    4   21   34   42   21    4   34   42                       -0.02277531997055057267    0.43125585443069058833                          
a_ia    4   21                                                     -0.00960088525309002634                                                    
mvp2    4   21   28   45   21    4   28   45                       -0.02378967674950948491    0.66724167566305658816                          
a_ia   34   42                                                     -0.00101211665059022186                                                    
mvp2    4   21   28   38   21    4   28   38                        0.02012970003967796961   -0.57659572965216743246                          
a_ia   28   38                                                     -0.00458293543827394036                                                    
a_ia    9   18                                                      0.00156925339459528055                                                    
op      4   16   28   40   16    4   28   40                       -0.01562767765681049442                                                    
mvp2    4   14   28   45   14    4   28   45                        0.01865763488901693926    0.72366762554728358836                          
op      4   20   28   44   20    4   28   44                       -0.01403189731543803484                                                    
mvp2    4   17   28   44   17    4   28   44                        0.00892772590737043320    0.20799454807186343319                          
a_ia   18   20                                                      0.30562771899269225440                                                    
mvp2    4   16   28   45   16    4   28   45                        0.00074507014875547150    0.19458853857374841523                          
mvp2    4   14   28   40   14    4   28   40                        0.01978832256875020373   -0.18142051251254512345                          
a_ia    4   14                                                     -0.00603966098935448427                                                    
mvp2    4   17   28   41   17    4   28   41                       -0.00915285939710357849   -0.18935655291109218523                          
a_ia    4   17                                                      0.00173527705106883484                                                    
a_ia   14   16                                                     -0.38467508692234597678                                                    
a_ia   28   40                                                      0.00204032665957857347                                                    
mvp2    9   20   33   44   20    9   33   44                       -0.00734618444641916071    0.07442945771320057247                          
mvp2    4   20   28   41   20    4   28   41                        0.00886016986219286505    0.01669115277778163847                          
mvp2    9   18   33   44   18    9   33   44                       -0.00814203521102932135    0.25645058552530147766                          
mvp2    4   21   33   41   21    4   33   41                        0.01041413661755005021   -0.34446823510862822904                          
a_ia   33   41                                                     -0.00155152644259735385                                                    
mvp2    4   21   28   40   21    4   28   40                       -0.00694999500006460765   -0.01403592423214490743                          
op      9   23   33   47   23    9   33   47                       -0.00627819093776426848                                                    
mvp2    4   21   33   43   21    4   33   43                       -0.00949130274682190994    0.34192152761841287933                          
a_ia   28   41                                                      0.00100168482647320419                                                    
a_ia   33   43                                                      0.00153900818547259813                                                    
a_ia   34   45                                                      0.00087672194888509746                                                    
mvp2    4   21   28   46   21    4   28   46                       -0.00640232500547578774    0.30594960325533321344                          
mvp2    4   14   28   44   14    4   28   44                       -0.00693046682083429521    0.07134677375349562922                          
mvp2    4   14   28   46   14    4   28   46                        0.00650692174650482208    0.01071381194246482163                          
mvp2    4   14   33   41   14    4   33   41                       -0.00817252733639399660    0.01638134715375057920                          
mvp2    4   21   34   46   21    4   34   46                       -0.00694065418595306381    0.40154285896666525035                          
a_ia   28   43                                                      0.00137575561765644421                                                    
mvp2    4   14   34   46   14    4   34   46                        0.00672787082010380295    0.01078762106253391452                          
mvp2    9   18   28   43   18    9   28   43                        0.00406135288426129077   -0.13554517106739694121                          
mvp2    4   14   33   43   14    4   33   43                        0.00772948978009233099   -0.00011967098423914305                          
a_ia   34   46                                                     -0.00079155395266551447                                                    
