op     10   13   34   37   13   10   34   37                       -0.03769409257037224098                                                    
op      9   18   33   42   18    9   33   42                       -0.03760897077020651513                                                    
op      9   18   34   42   18    9   34   42                       -0.02215267508616124495                                                    
op     10   18   34   42   18   10   34   42                       -0.01657045316461810969                                                    
op      9   19   33   42   19    9   33   42                       -0.02015262917146113178                                                    
mvp2   10   18   33   42   18   10   33   42                       -0.02562577735208039845   -0.39855869450436648416                          
a_ia   33   42                                                      0.00298895584278859169                                                    
om      9   19   33   43   19    9   33   43                       -0.01135394991381143311                                                    
op      9   17   33   41   17    9   33   41                       -0.01050677083765359440                                                    
op      9   17   33   43   17    9   33   43                        0.00820456242217209274                                                    
mvp2    9   18   33   41   18    9   33   41                        0.01290397921505182302   -0.21896102285167748369                          
mvp2    9   18   33   43   18    9   33   43                       -0.01457329357962081767    0.39291213092241739080                          
om      9   19   33   41   19    9   33   41                        0.00817206636894820052                                                    
mvp2   10   18   33   43   18   10   33   43                       -0.00974325085411280323   -0.02880908573676070963                          
mvp2    9   17   33   42   17    9   33   42                        0.01719694285042214915    0.25113809464114456027                          
op      4   14   28   38   14    4   28   38                       -0.03143459081382212611                                                    
mvp2    4   21   33   42   21    4   33   42                       -0.02157876030168218162   -0.61760358336015297454                          
mvp2    4   21   34   42   21    4   34   42                       -0.01643945956747212139   -0.03781192394603839768                          
a_ia    4   21                                                     -0.00371720834132367338                                                    
mvp2    4   21   28   45   21    4   28   45                       -0.02164677970355232892    0.80008476142282747290                          
a_ia   34   42                                                      0.00144671132784176615                                                    
