op     10   13   34   37   13   10   34   37                       -0.03765214045281874145                                                    
op      9   18   33   42   18    9   33   42                       -0.04116505956593690535                                                    
op      9   18   34   42   18    9   34   42                       -0.01900930872443530248                                                    
op     10   18   34   42   18   10   34   42                       -0.01477634715778908085                                                    
op      9   19   33   42   19    9   33   42                       -0.02196726177624568413                                                    
mvp2   10   18   33   42   18   10   33   42                       -0.02888871116339407699   -0.41165683541371789200                          
a_ia   33   42                                                      0.00383227571574629644                                                    
om      9   19   33   43   19    9   33   43                       -0.01115577750114814075                                                    
op      9   17   33   41   17    9   33   41                       -0.01045552675847954451                                                    
op      9   17   33   43   17    9   33   43                        0.00814914893436897471                                                    
mvp2    9   18   33   41   18    9   33   41                        0.01282819891399485795   -0.18271782014599893817                          
mvp2    9   18   33   43   18    9   33   43                       -0.01452652232034371514    0.38946444492146037319                          
om      9   19   33   41   19    9   33   41                        0.00805767762722062013                                                    
mvp2   10   18   33   43   18   10   33   43                       -0.00970479462936485113   -0.01823154292626249715                          
mvp2    9   17   33   42   17    9   33   42                        0.01943383056560667524    0.20454932697226035909                          
op      4   14   28   38   14    4   28   38                       -0.03126886028709337934                                                    
mvp2    4   21   33   42   21    4   33   42                       -0.02539405300636784699   -0.77856800573361972795                          
mvp2    4   21   34   42   21    4   34   42                       -0.01857385573163177275    0.05192532468879700741                          
a_ia    4   21                                                     -0.00667976989446872858                                                    
mvp2    4   21   28   45   21    4   28   45                       -0.02178352888567822165    0.67415150586605221417                          
a_ia   34   42                                                      0.00131922196309507090                                                    
mvp2    4   21   28   38   21    4   28   38                        0.01832846815054799822   -0.78681758431974480050                          
a_ia   28   38                                                     -0.00555059270439728272                                                    
a_ia    9   18                                                      0.00235689991852206307                                                    
