op     10   13   34   37   13   10   34   37                       -0.03759049070527927666                                                    
op      9   18   33   42   18    9   33   42                       -0.04793858758406317755                                                    
op      9   18   34   42   18    9   34   42                       -0.01076575817507850925                                                    
op     10   18   34   42   18   10   34   42                       -0.00980644847260235021                                                    
op      9   19   33   42   19    9   33   42                       -0.02385340154578688074                                                    
mvp2   10   18   33   42   18   10   33   42                       -0.03243404741813166181   -0.38743591529978499421                          
a_ia   33   42                                                      0.00498052858956829492                                                    
om      9   19   33   43   19    9   33   43                       -0.01101218451612011144                                                    
op      9   17   33   41   17    9   33   41                       -0.01058424293576002741                                                    
op      9   17   33   43   17    9   33   43                        0.00829931789822563673                                                    
mvp2    9   18   33   41   18    9   33   41                        0.01407805478681043061   -0.14481742332070135504                          
mvp2    9   18   33   43   18    9   33   43                       -0.01489270781765826036    0.37808842183018742666                          
om      9   19   33   41   19    9   33   41                        0.00795922036485817615                                                    
mvp2   10   18   33   43   18   10   33   43                       -0.01014905254217760705   -0.00165957761492803988                          
mvp2    9   17   33   42   17    9   33   42                        0.02191861069241021753    0.18104914144546588317                          
op      4   14   28   38   14    4   28   38                       -0.03022312742255968410                                                    
mvp2    4   21   33   42   21    4   33   42                       -0.02868769520504566711   -0.87612962721915754738                          
mvp2    4   21   34   42   21    4   34   42                       -0.02127017137016132958    0.27831535353335484784                          
a_ia    4   21                                                     -0.00612074888607385716                                                    
mvp2    4   21   28   45   21    4   28   45                       -0.02141615165567608420    0.78401901146852015501                          
a_ia   34   42                                                      0.00054497922928712717                                                    
mvp2    4   21   28   38   21    4   28   38                        0.01785011096049853030   -0.76822714557778004618                          
a_ia   28   38                                                     -0.00504328077835637396                                                    
a_ia    9   18                                                      0.00168454639260506725                                                    
op      4   16   28   40   16    4   28   40                       -0.02196534227020810123                                                    
mvp2    4   14   28   45   14    4   28   45                        0.01769121291744172111    0.73311988290198593088                          
op      4   20   28   44   20    4   28   44                       -0.01403437876952422052                                                    
mvp2    4   17   28   44   17    4   28   44                        0.00892019304986825870    0.00885347393240784250                          
a_ia   18   20                                                      0.30735688202174421546                                                    
mvp2    4   16   28   45   16    4   28   45                       -0.00638994272002958198   -0.00012418181544428153                          
