op     10   13   34   37   13   10   34   37                       -0.02475144287518982883                                                    
op      9   18   33   42   18    9   33   42                       -0.06100098919226618760                                                    
op      9   18   34   42   18    9   34   42                       -0.00784147280467687065                                                    
op     10   18   34   42   18   10   34   42                       -0.01240599608157680681                                                    
op      9   19   33   42   19    9   33   42                       -0.02632961207292711103                                                    
mvp2   10   18   33   42   18   10   33   42                       -0.03772605403833916016   -0.27624236442609595432                          
a_ia   33   42                                                      0.00205175279133348225                                                    
om      9   19   33   43   19    9   33   43                        0.00574342646295537308                                                    
op      9   17   33   41   17    9   33   41                       -0.00445163439774435774                                                    
op      9   17   33   43   17    9   33   43                        0.01835298498370943956                                                    
mvp2    9   18   33   41   18    9   33   41                        0.00329623446001443658   -0.37360418685847229803                          
mvp2    9   18   33   43   18    9   33   43                       -0.00663565595635803255   -0.09925811372165239954                          
om      9   19   33   41   19    9   33   41                        0.00061292587243798129                                                    
mvp2   10   18   33   43   18   10   33   43                       -0.00362119596527073120    1.30041130150621175865                          
mvp2    9   17   33   42   17    9   33   42                        0.02752198886967864577    0.54584711731522106426                          
op      4   14   28   38   14    4   28   38                       -0.03649504183480039438                                                    
mvp2    4   21   33   42   21    4   33   42                       -0.03686129265272108935   -1.02703065436449891834                          
mvp2    4   21   34   42   21    4   34   42                       -0.04448762634709887975    0.38337190264806536577                          
a_ia    4   21                                                     -0.00979581313750158868                                                    
mvp2    4   21   28   45   21    4   28   45                       -0.02710471418777591485    0.64104605297371752837                          
a_ia   34   42                                                     -0.00228974554043003507                                                    
mvp2    4   21   28   38   21    4   28   38                        0.02617785275381896704   -0.55656126728120625113                          
a_ia   28   38                                                     -0.00514378297277603112                                                    
a_ia    9   18                                                     -0.00047887468169963338                                                    
op      4   16   28   40   16    4   28   40                       -0.01466068777809557966                                                    
mvp2    4   14   28   45   14    4   28   45                        0.02072966335250625569    0.77495038834421037244                          
op      4   20   28   44   20    4   28   44                       -0.01405578015722727669                                                    
mvp2    4   17   28   44   17    4   28   44                        0.00938963677740644979    0.21239623988836711654                          
a_ia   18   20                                                      0.27635729437901823680                                                    
mvp2    4   16   28   45   16    4   28   45                        0.00172277689348901333    0.27722030516424278623                          
mvp2    4   14   28   40   14    4   28   40                        0.02063976923523518775   -0.12968690664195772766                          
a_ia    4   14                                                     -0.00639578969831382411                                                    
mvp2    4   17   28   41   17    4   28   41                       -0.00881676843612911286   -0.31799185356777825984                          
a_ia    4   17                                                      0.00060654538833159247                                                    
a_ia   14   16                                                     -0.38858992130633518425                                                    
a_ia   28   40                                                      0.00168867938829658630                                                    
mvp2    9   20   33   44   20    9   33   44                       -0.00694248343202937251   -0.00163463774565471569                          
mvp2    4   20   28   41   20    4   28   41                        0.00947267155349697763   -0.19357178577932890318                          
mvp2    9   18   33   44   18    9   33   44                       -0.00787954227591013308    0.32749129824052669591                          
mvp2    4   21   33   41   21    4   33   41                        0.01462196649831969467   -0.39346382545127728259                          
a_ia   33   41                                                     -0.00336438760792497635                                                    
mvp2    4   21   28   40   21    4   28   40                       -0.00757881318630414073    0.02685145204368779778                          
op      9   23   33   47   23    9   33   47                       -0.00697058025753437369                                                    
mvp2    4   21   33   43   21    4   33   43                       -0.01406548395849799467    0.26375697324732860771                          
a_ia   28   41                                                      0.00133086551830038295                                                    
a_ia   33   43                                                      0.00251823994493871085                                                    
a_ia   34   45                                                      0.00043442700885453731                                                    
mvp2    4   21   28   46   21    4   28   46                       -0.01070569980278681180    0.25548946389456217432                          
mvp2    4   14   28   44   14    4   28   44                       -0.00785614987140668096    0.09477714101152164006                          
mvp2    4   14   28   46   14    4   28   46                        0.00837730683600628953   -0.05809350232535442915                          
mvp2    4   14   33   41   14    4   33   41                       -0.01107033582643077337   -0.03170170790485009327                          
mvp2    4   21   34   46   21    4   34   46                       -0.01046704083451095897    0.21125931077030671301                          
a_ia   28   43                                                      0.00146879688824762809                                                    
mvp2    4   14   34   46   14    4   34   46                        0.01038325609480037805   -0.13565968800854480425                          
mvp2    9   18   28   43   18    9   28   43                        0.00480728756600951653   -0.19121565761555556207                          
mvp2    4   14   33   43   14    4   33   43                        0.01009779800550033267   -0.07607938118515951420                          
a_ia   34   46                                                     -0.00000366885124395481                                                    
a_ia   33   46                                                      0.00088367578638662053                                                    
mvp2    1   23   33   42   23    1   33   42                       -0.01487358055270961155   -0.06360949738197833880                          
mvp2    1   20   33   42   20    1   33   42                       -0.00788945291716148557    0.00012196414543045171                          
a_ia   28   32                                                      0.27701876532515185003                                                    
a_ia    4    8                                                      0.27257246870196150113                                                    
a_ia   30   34                                                     -0.20481786464806855941                                                    
a_ia    1   10                                                      0.13330799246091104560                                                    
a_ia    6   10                                                     -0.24941674581545086875                                                    
mvp2    1   23   34   42   23    1   34   42                       -0.00781826146820703907   -0.50408362611219481586                          
mvp2    1   20   34   42   20    1   34   42                       -0.00805809410905634904   -0.43072821419171875013                          
a_ia   29   33                                                     -0.34335696774561119682                                                    
mvp2    1   12   33   42   12    1   33   42                       -0.01010601926697192454    0.14664792983114899316                          
a_ia   29   34                                                      0.54469850410361142501                                                    
a_ia    9   18                                                      0.00281612590720737741                                                    
a_ia   36   38                                                      0.35133228794292875596                                                    
mvp2    4   17   30   40   17    4   30   40                       -0.00511912372570399402   -0.05315189930863879753                          
mvp2    4   20   30   40   20    4   30   40                        0.00595838895035788723   -0.10965864675820337359                          
mvp3   29   42   33   45   29   33   45   42   29   33   42   45    0.00592205210532620579   -0.08207129823099848509   -0.02349383892628483309
mvp2    1   12   34   42   12    1   34   42                       -0.00899089684125919247   -0.66395541796684032221                          
op      2   13   26   37   13    2   26   37                       -0.01229383072350763439                                                    
a_ia   34   42                                                      0.00242040098359216048                                                    
op      3   13   26   37   13    3   26   37                       -0.00822412005130790207                                                    
mvp2    9   18   28   47   18    9   28   47                        0.00288281354603385455   -0.13004155495590216662                          
a_ia   28   47                                                      0.00145468048760291537                                                    
op      2   13   27   37   13    2   27   37                       -0.00823432795854331726                                                    
mvp2    9   18   30   43   18    9   30   43                        0.00719566222603662282   -0.23515106398919069508                          
mvp2    4   21   30   46   21    4   30   46                       -0.00971020225354332633    0.46608878408614329292                          
mvp2    6   22   30   46   22    6   30   46                       -0.00573790704431175001   -0.75965616187626949785                          
a_ia   21   22                                                      0.49639387478456364899                                                    
a_ia    4    6                                                      0.25016650785740829344                                                    
a_ia   30   46                                                      0.00119371306554825357                                                    
a_ia    1   12                                                      0.00133230762947474080                                                    
mvp3   29   42   34   45   29   34   45   42   29   34   42   45    0.00395346905477778673    0.14018440955974761919   -0.39867521030629438084
a_ia   42   45                                                     -0.04305849296310200469                                                    
a_ia   18   21                                                     -0.13290920488325969062                                                    
mvp2    1   23   34   46   23    1   34   46                       -0.00544250503452238781    0.42051634225536438372                          
a_ia   29   42                                                     -0.00073659606130603117                                                    
mvp2   10   22   34   46   22   10   34   46                       -0.00745106674468218495   -0.64866757301770217037                          
a_ia   10   17                                                     -0.00128244334162325776                                                    
a_ia   20   22                                                      0.14756993735894910480                                                    
a_ia    1   23                                                      0.00048688419313171308                                                    
mvp3    4   19    6   21    4    6   21   19    4    6   19   21   -0.00478391402439983394   -0.02800058758081262408   -0.35639932889928832571
a_ia   19   21                                                      0.25362818392236768927                                                    
mvp2    1   20   34   46   20    1   34   46                       -0.00375222041247824005   -0.03099983977485788397                          
mvp2    0   23   33   42   23    0   33   42                        0.00632488906274033830    0.20419993382640863611                          
a_ia   33   42                                                      0.00211238625350154913                                                    
a_ia   29   45                                                     -0.00112925240914907646                                                    
