op     10   13   34   37   13   10   34   37                       -0.03755220361559452602                                                    
op      9   18   33   42   18    9   33   42                       -0.04899182780103143731                                                    
op      9   18   34   42   18    9   34   42                       -0.00142412174848989288                                                    
op     10   18   34   42   18   10   34   42                       -0.00370068318116815401                                                    
op      9   19   33   42   19    9   33   42                       -0.02446574536404363259                                                    
mvp2   10   18   33   42   18   10   33   42                       -0.03361614636625338826   -0.35986639938045711373                          
a_ia   33   42                                                      0.00539282707151631218                                                    
om      9   19   33   43   19    9   33   43                       -0.01070283044324155108                                                    
op      9   17   33   41   17    9   33   41                       -0.01020397493583221141                                                    
op      9   17   33   43   17    9   33   43                        0.00839365304613847417                                                    
mvp2    9   18   33   41   18    9   33   41                        0.01432753521425387741   -0.11477262835996349111                          
mvp2    9   18   33   43   18    9   33   43                       -0.01489590523030856831    0.37796556306081480203                          
om      9   19   33   41   19    9   33   41                        0.00801298821382719073                                                    
mvp2   10   18   33   43   18   10   33   43                       -0.01020417410034166888    0.02443454504909563924                          
mvp2    9   17   33   42   17    9   33   42                        0.02285118106685165781    0.15695840493672108540                          
op      4   14   28   38   14    4   28   38                       -0.03372704996117469739                                                    
mvp2    4   21   33   42   21    4   33   42                       -0.02882571560228984822   -0.88919459947453405313                          
mvp2    4   21   34   42   21    4   34   42                       -0.02127214852187524208    0.51473019285551568913                          
a_ia    4   21                                                     -0.00819665224274550297                                                    
mvp2    4   21   28   45   21    4   28   45                       -0.02134871145715130231    0.77904632173551102703                          
a_ia   34   42                                                     -0.00070731376273440439                                                    
mvp2    4   21   28   38   21    4   28   38                        0.01790829650608118453   -0.76551563001216138549                          
a_ia   28   38                                                     -0.00528120830807107984                                                    
a_ia    9   18                                                      0.00151101449031131995                                                    
op      4   16   28   40   16    4   28   40                       -0.01638747231408445304                                                    
mvp2    4   14   28   45   14    4   28   45                        0.01918648454256727254    0.73900650204370410545                          
op      4   20   28   44   20    4   28   44                       -0.01360018187061065240                                                    
mvp2    4   17   28   44   17    4   28   44                        0.00914823596430856117    0.09417025515183694018                          
a_ia   18   20                                                      0.33215706223355301319                                                    
mvp2    4   16   28   45   16    4   28   45                        0.00015383911978119735    0.12984785017998692891                          
mvp2    4   14   28   40   14    4   28   40                        0.01953480704252010675   -0.21669563963504545612                          
a_ia    4   14                                                     -0.00512553757966883409                                                    
mvp2    4   17   28   41   17    4   28   41                       -0.00864650790401822952   -0.08875288260858875400                          
a_ia    4   17                                                      0.00143867117145539142                                                    
a_ia   14   16                                                     -0.35149888533405210245                                                    
a_ia   28   40                                                      0.00161100223747403528                                                    
mvp2    9   20   33   44   20    9   33   44                       -0.00742676542512084054    0.00033084794808484793                          
