op     10   13   34   37   13   10   34   37                       -0.03757594997620584965                                                    
op      9   18   33   42   18    9   33   42                       -0.04106681228183913651                                                    
op      9   18   34   42   18    9   34   42                       -0.01905900719833095863                                                    
op     10   18   34   42   18   10   34   42                       -0.01479524907621000869                                                    
op      9   19   33   42   19    9   33   42                       -0.02190097298291711000                                                    
mvp2   10   18   33   42   18   10   33   42                       -0.02879969882071129611   -0.41188847127081751331                          
a_ia   33   42                                                      0.00421392789651197502                                                    
om      9   19   33   43   19    9   33   43                       -0.01119504485372777025                                                    
op      9   17   33   41   17    9   33   41                       -0.01043613091644495817                                                    
op      9   17   33   43   17    9   33   43                        0.00815483409561147156                                                    
mvp2    9   18   33   41   18    9   33   41                        0.01286376645459834205   -0.18323928920715171209                          
mvp2    9   18   33   43   18    9   33   43                       -0.01453721979045029256    0.38968913147767231253                          
om      9   19   33   41   19    9   33   41                        0.00803974797485946732                                                    
mvp2   10   18   33   43   18   10   33   43                       -0.00969532737376516476   -0.01835400555133510914                          
mvp2    9   17   33   42   17    9   33   42                        0.01943053864107360459    0.20483350102968075901                          
op      4   14   28   38   14    4   28   38                       -0.03105422500501185332                                                    
mvp2    4   21   33   42   21    4   33   42                       -0.02531078867849457723   -0.77933516797996138514                          
mvp2    4   21   34   42   21    4   34   42                       -0.01854846863477833258    0.04847310461506537660                          
a_ia    4   21                                                     -0.00484499892512399617                                                    
mvp2    4   21   28   45   21    4   28   45                       -0.02173862296943059741    0.67531058370441110483                          
a_ia   34   42                                                      0.00150785481767495453                                                    
mvp2    4   21   28   38   21    4   28   38                        0.01823590568264731385   -0.78706652626512274562                          
