op     10   13   34   37   13   10   34   37                       -0.02785826145254401143                                                    
op      9   18   33   42   18    9   33   42                       -0.05475053206881839302                                                    
op      9   18   34   42   18    9   34   42                       -0.00771428030028938581                                                    
op     10   18   34   42   18   10   34   42                       -0.01093310776531417755                                                    
op      9   19   33   42   19    9   33   42                       -0.02789014833999894569                                                    
mvp2   10   18   33   42   18   10   33   42                       -0.03799842312682605999   -0.35516491355631535365                          
a_ia   33   42                                                      0.00327047441562219659                                                    
om      9   19   33   43   19    9   33   43                       -0.00066035388056308439                                                    
op      9   17   33   41   17    9   33   41                       -0.00441712007082261261                                                    
op      9   17   33   43   17    9   33   43                        0.00637553810179719311                                                    
mvp2    9   18   33   41   18    9   33   41                        0.00472174192623669477   -0.11215210311738714466                          
mvp2    9   18   33   43   18    9   33   43                       -0.00724044549288357150    0.48535797987572359968                          
om      9   19   33   41   19    9   33   41                        0.00104632210734415432                                                    
mvp2   10   18   33   43   18   10   33   43                       -0.00384907673454499243    0.39448908884393568686                          
mvp2    9   17   33   42   17    9   33   42                        0.02593480084907601527    0.17908884038031147590                          
op      4   14   28   38   14    4   28   38                       -0.03515352203866790176                                                    
mvp2    4   21   33   42   21    4   33   42                       -0.03862863253671864477   -0.99898915181903480409                          
mvp2    4   21   34   42   21    4   34   42                       -0.02545682683932071894    0.31732546020157609279                          
a_ia    4   21                                                     -0.00829535971013121813                                                    
mvp2    4   21   28   45   21    4   28   45                       -0.02397104821675288128    0.67957596617130566763                          
a_ia   34   42                                                      0.00028319974323663840                                                    
mvp2    4   21   28   38   21    4   28   38                        0.02077404686342748316   -0.60280860723195084372                          
a_ia   28   38                                                     -0.00511287698419558845                                                    
a_ia    9   18                                                      0.00146573311393572423                                                    
op      4   16   28   40   16    4   28   40                       -0.01586037436845153317                                                    
mvp2    4   14   28   45   14    4   28   45                        0.02014931281015285708    0.75194470203004648567                          
op      4   20   28   44   20    4   28   44                       -0.01450597515485918011                                                    
mvp2    4   17   28   44   17    4   28   44                        0.00957205904472191796    0.23748898756417760603                          
a_ia   18   20                                                      0.28002780036539476338                                                    
mvp2    4   16   28   45   16    4   28   45                        0.00129341682423538993    0.22330484195977268191                          
mvp2    4   14   28   40   14    4   28   40                        0.02076097612537108200   -0.18646427362453271703                          
a_ia    4   14                                                     -0.00719723790665781522                                                    
mvp2    4   17   28   41   17    4   28   41                       -0.00910982512269572879   -0.28714845304588793029                          
a_ia    4   17                                                      0.00200441035651805757                                                    
a_ia   14   16                                                     -0.38515125989315945887                                                    
a_ia   28   40                                                      0.00223508338820359613                                                    
mvp2    9   20   33   44   20    9   33   44                       -0.00786802885090668799    0.05045961353169606256                          
mvp2    4   20   28   41   20    4   28   41                        0.00957814872080354346   -0.12504405946404636985                          
mvp2    9   18   33   44   18    9   33   44                       -0.00770285511402852251    0.26388850447128281429                          
mvp2    4   21   33   41   21    4   33   41                        0.01088903964076747000   -0.34819962840364099277                          
a_ia   33   41                                                     -0.00102291133699720059                                                    
mvp2    4   21   28   40   21    4   28   40                       -0.00674982211391990296   -0.00880210314701657809                          
op      9   23   33   47   23    9   33   47                       -0.00666895208212038657                                                    
mvp2    4   21   33   43   21    4   33   43                       -0.00989363397035109525    0.29933618846632847887                          
a_ia   28   41                                                      0.00099138361069545143                                                    
a_ia   33   43                                                      0.00068989478568650742                                                    
a_ia   34   45                                                      0.00134888647497038950                                                    
mvp2    4   21   28   46   21    4   28   46                       -0.00781087287937178801    0.34061838620642398423                          
mvp2    4   14   28   44   14    4   28   44                       -0.00814050417581887661    0.13885623782177292096                          
mvp2    4   14   28   46   14    4   28   46                        0.00812927697542977119   -0.02523264844319814473                          
mvp2    4   14   33   41   14    4   33   41                       -0.00924890308992784224    0.02203083160911460670                          
mvp2    4   21   34   46   21    4   34   46                       -0.00989491983982484884    0.50973583630319119209                          
a_ia   28   43                                                      0.00172905915993905139                                                    
mvp2    4   14   34   46   14    4   34   46                        0.01027929352078394039   -0.03706285511050586012                          
mvp2    9   18   28   43   18    9   28   43                        0.00495961460623315937   -0.18436187428860772997                          
mvp2    4   14   33   43   14    4   33   43                        0.00887599669507178890   -0.03397553698614538820                          
a_ia   34   46                                                     -0.00030174830200136083                                                    
a_ia   33   46                                                      0.00174801492366368698                                                    
mvp2    1   23   33   42   23    1   33   42                       -0.01043775058308503596   -0.30622093896525448553                          
mvp2    1   20   33   42   20    1   33   42                       -0.00733855487134606362   -0.31426890834103493599                          
a_ia   28   32                                                      0.27917563009525248052                                                    
a_ia    4    8                                                      0.23775962098167144343                                                    
a_ia   30   34                                                     -0.44139448310835260880                                                    
a_ia    1   10                                                      0.05755604812443022855                                                    
a_ia    6   10                                                     -0.17770147382037029815                                                    
mvp2    1   23   34   42   23    1   34   42                       -0.00808388787914804743   -0.00129021384608098925                          
