op     10   13   34   37   13   10   34   37                       -0.02603825278570768426                                                    
op      9   18   33   42   18    9   33   42                       -0.05390050205092001417                                                    
op      9   18   34   42   18    9   34   42                       -0.00580096466901673918                                                    
op     10   18   34   42   18   10   34   42                       -0.01260079567309396915                                                    
op      9   19   33   42   19    9   33   42                       -0.02737187595846726426                                                    
mvp2   10   18   33   42   18   10   33   42                       -0.03717311179807131910   -0.47165325646934025405                          
a_ia   33   42                                                      0.00252561594353783786                                                    
om      9   19   33   43   19    9   33   43                       -0.00096782054886882050                                                    
op      9   17   33   41   17    9   33   41                       -0.00469759264109349470                                                    
op      9   17   33   43   17    9   33   43                        0.00882877522572870881                                                    
mvp2    9   18   33   41   18    9   33   41                        0.00453442181362176400   -0.12448776724137020078                          
mvp2    9   18   33   43   18    9   33   43                       -0.00830954029514127321    0.21790517317418106602                          
om      9   19   33   41   19    9   33   41                        0.00088902787319060568                                                    
mvp2   10   18   33   43   18   10   33   43                       -0.00504427356840637595    0.85372490114443122522                          
mvp2    9   17   33   42   17    9   33   42                        0.02690110083156142459    0.33216060457973112241                          
op      4   14   28   38   14    4   28   38                       -0.03522223848997346751                                                    
mvp2    4   21   33   42   21    4   33   42                       -0.04074165734200445310   -0.99909792153899046330                          
mvp2    4   21   34   42   21    4   34   42                       -0.02494046400606000219    0.31911160679700090181                          
a_ia    4   21                                                     -0.00715335508148397334                                                    
mvp2    4   21   28   45   21    4   28   45                       -0.02413967844151814271    0.68744103329758587950                          
a_ia   34   42                                                      0.00027159140420902645                                                    
mvp2    4   21   28   38   21    4   28   38                        0.02059986034697810706   -0.60717205218268766043                          
a_ia   28   38                                                     -0.00544085138524763069                                                    
a_ia    9   18                                                      0.00168036153921577924                                                    
op      4   16   28   40   16    4   28   40                       -0.01579983950185136904                                                    
mvp2    4   14   28   45   14    4   28   45                        0.01999408492656646816    0.76148498343614168249                          
op      4   20   28   44   20    4   28   44                       -0.01440965532859914133                                                    
mvp2    4   17   28   44   17    4   28   44                        0.00947748991387791125    0.20915782364583035413                          
a_ia   18   20                                                      0.25379668753703521489                                                    
mvp2    4   16   28   45   16    4   28   45                        0.00100428304144108832    0.24042350907144999228                          
mvp2    4   14   28   40   14    4   28   40                        0.02048724391353646049   -0.18885788776917475373                          
a_ia    4   14                                                     -0.00772371622746764481                                                    
mvp2    4   17   28   41   17    4   28   41                       -0.00902347859234028937   -0.49664389378648016171                          
a_ia    4   17                                                      0.00200575475215379346                                                    
a_ia   14   16                                                     -0.37992674338499704545                                                    
a_ia   28   40                                                      0.00229852726421126211                                                    
mvp2    9   20   33   44   20    9   33   44                       -0.00712420038729599716    0.00023208493579920285                          
mvp2    4   20   28   41   20    4   28   41                        0.00945134835953249583   -0.50834172959888945798                          
mvp2    9   18   33   44   18    9   33   44                       -0.00798010676034773513    0.27720824384128667228                          
mvp2    4   21   33   41   21    4   33   41                        0.01156981309061334146   -0.37929924588652630391                          
a_ia   33   41                                                     -0.00154226520057867294                                                    
mvp2    4   21   28   40   21    4   28   40                       -0.00701886563836258848   -0.00749168480340452799                          
op      9   23   33   47   23    9   33   47                       -0.00685217959179583534                                                    
mvp2    4   21   33   43   21    4   33   43                       -0.01019630653109226612    0.20003389377625413470                          
a_ia   28   41                                                      0.00092470171143118273                                                    
a_ia   33   43                                                     -0.00020868753873847120                                                    
a_ia   34   45                                                      0.00146817647852071531                                                    
mvp2    4   21   28   46   21    4   28   46                       -0.00791227158197655052    0.32458249226811647370                          
mvp2    4   14   28   44   14    4   28   44                       -0.00785266322974088188    0.12484467972952377479                          
mvp2    4   14   28   46   14    4   28   46                        0.00811076635042330338   -0.04020203646200615905                          
mvp2    4   14   33   41   14    4   33   41                       -0.00961935134418515775    0.00713250035190730620                          
mvp2    4   21   34   46   21    4   34   46                       -0.01024055983575341416    0.57171342404290104167                          
a_ia   28   43                                                      0.00176630694568408403                                                    
mvp2    4   14   34   46   14    4   34   46                        0.01038698139876432190    0.00874176985895637818                          
mvp2    9   18   28   43   18    9   28   43                        0.00493682837091176732   -0.18803953656983848908                          
mvp2    4   14   33   43   14    4   33   43                        0.00930532643881994831   -0.12328669349016753432                          
a_ia   34   46                                                     -0.00001426330741935796                                                    
a_ia   33   46                                                      0.00063402176659412696                                                    
mvp2    1   23   33   42   23    1   33   42                       -0.01099620129605862612   -0.29092274085166119901                          
mvp2    1   20   33   42   20    1   33   42                       -0.00679542808904893322   -0.29857091948750424937                          
a_ia   28   32                                                      0.28090293331978333224                                                    
a_ia    4    8                                                      0.23895401352657308358                                                    
a_ia   30   34                                                     -0.48414523711537021944                                                    
a_ia    1   10                                                      0.08573974356696137389                                                    
a_ia    6   10                                                     -0.23825689958544213343                                                    
mvp2    1   23   34   42   23    1   34   42                       -0.00750206758029369793   -0.02496070173538724943                          
mvp2    1   20   34   42   20    1   34   42                       -0.00688714164387516613   -0.01829944198100608849                          
a_ia   29   33                                                     -0.10939083017498896222                                                    
mvp2    1   12   33   42   12    1   33   42                       -0.00952619129205238731   -0.36182292753903944060                          
