op     10   13   34   37   13   10   34   37                       -0.03759671986597712401                                                    
op      9   18   33   42   18    9   33   42                       -0.04792743533137837353                                                    
op      9   18   34   42   18    9   34   42                       -0.01076203310579095310                                                    
op     10   18   34   42   18   10   34   42                       -0.00980917220537042001                                                    
op      9   19   33   42   19    9   33   42                       -0.02385369804160691887                                                    
mvp2   10   18   33   42   18   10   33   42                       -0.03241598789222845112   -0.38744784052551128894                          
a_ia   33   42                                                      0.00498964552541861315                                                    
om      9   19   33   43   19    9   33   43                       -0.01101163053370068576                                                    
op      9   17   33   41   17    9   33   41                       -0.01058011339355246355                                                    
op      9   17   33   43   17    9   33   43                        0.00830060350244273167                                                    
mvp2    9   18   33   41   18    9   33   41                        0.01406729281826950805   -0.14483225328113980002                          
mvp2    9   18   33   43   18    9   33   43                       -0.01488258453144948590    0.37808955554455986325                          
om      9   19   33   41   19    9   33   41                        0.00795744215663457891                                                    
mvp2   10   18   33   43   18   10   33   43                       -0.01013925543756025345   -0.00167047996872492850                          
mvp2    9   17   33   42   17    9   33   42                        0.02191477164651089993    0.18106249903594348605                          
op      4   14   28   38   14    4   28   38                       -0.03032757509209534422                                                    
mvp2    4   21   33   42   21    4   33   42                       -0.02869419098910779356   -0.87608958739702857965                          
mvp2    4   21   34   42   21    4   34   42                       -0.02127004005917044333    0.27821734853864160675                          
a_ia    4   21                                                     -0.00611628522632581741                                                    
mvp2    4   21   28   45   21    4   28   45                       -0.02148725119634057115    0.78401557162753965358                          
a_ia   34   42                                                      0.00062297974228571636                                                    
mvp2    4   21   28   38   21    4   28   38                        0.01786308971796537332   -0.76822784992172343799                          
a_ia   28   38                                                     -0.00503043396764007739                                                    
a_ia    9   18                                                      0.00169421030688670228                                                    
op      4   16   28   40   16    4   28   40                       -0.02193518128898995501                                                    
mvp2    4   14   28   45   14    4   28   45                        0.01770417050837968381    0.73313967102566313105                          
op      4   20   28   44   20    4   28   44                       -0.01399109806143643622                                                    
mvp2    4   17   28   44   17    4   28   44                        0.00904410672457920534    0.00882450538816325486                          
a_ia   18   20                                                      0.30738036201819157744                                                    
