op     10   13   34   37   13   10   34   37                       -0.02946793071594249608                                                    
op      9   18   33   42   18    9   33   42                       -0.05487585951511983473                                                    
op      9   18   34   42   18    9   34   42                       -0.00770700987114183479                                                    
op     10   18   34   42   18   10   34   42                       -0.00984339825991522276                                                    
op      9   19   33   42   19    9   33   42                       -0.02709865002423762076                                                    
mvp2   10   18   33   42   18   10   33   42                       -0.03651792964605536651   -0.32920523698174203320                          
a_ia   33   42                                                      0.00299033936822030522                                                    
om      9   19   33   43   19    9   33   43                       -0.00213903002529036452                                                    
op      9   17   33   41   17    9   33   41                       -0.00469657110907043158                                                    
op      9   17   33   43   17    9   33   43                        0.00600458382854566694                                                    
mvp2    9   18   33   41   18    9   33   41                        0.00467554986841143671   -0.11152378619898181689                          
mvp2    9   18   33   43   18    9   33   43                       -0.00694371095453841843    0.47912067743289188382                          
om      9   19   33   41   19    9   33   41                        0.00050105453643657953                                                    
mvp2   10   18   33   43   18   10   33   43                       -0.00449153082634428692    0.34151450559860174749                          
mvp2    9   17   33   42   17    9   33   42                        0.02594885680711628631    0.15345458523503724413                          
op      4   14   28   38   14    4   28   38                       -0.03532388468544268162                                                    
mvp2    4   21   33   42   21    4   33   42                       -0.03830841286887728264   -0.99825779375435763630                          
mvp2    4   21   34   42   21    4   34   42                       -0.02512812819890313312    0.33102022987886370320                          
a_ia    4   21                                                     -0.00825516629283388863                                                    
mvp2    4   21   28   45   21    4   28   45                       -0.02364419227124637049    0.67882971457480534294                          
a_ia   34   42                                                      0.00016870920075448190                                                    
mvp2    4   21   28   38   21    4   28   38                        0.02083829568352365755   -0.60330640729386120213                          
a_ia   28   38                                                     -0.00513150380075665276                                                    
a_ia    9   18                                                      0.00152123729728097928                                                    
op      4   16   28   40   16    4   28   40                       -0.01579625481514807667                                                    
mvp2    4   14   28   45   14    4   28   45                        0.02018251231970821097    0.75018329111151094146                          
op      4   20   28   44   20    4   28   44                       -0.01492502078477291397                                                    
mvp2    4   17   28   44   17    4   28   44                        0.00913229960825254553    0.23965773806121229428                          
a_ia   18   20                                                      0.29783514135854927130                                                    
mvp2    4   16   28   45   16    4   28   45                        0.00126996395107240121    0.22091787203112586702                          
mvp2    4   14   28   40   14    4   28   40                        0.02083722983520226030   -0.18586833634723678998                          
a_ia    4   14                                                     -0.00713390356773526465                                                    
mvp2    4   17   28   41   17    4   28   41                       -0.00949221989528588675   -0.27230534777023218673                          
a_ia    4   17                                                      0.00205887841666308347                                                    
a_ia   14   16                                                     -0.38599754912223582792                                                    
a_ia   28   40                                                      0.00227225369341700666                                                    
mvp2    9   20   33   44   20    9   33   44                       -0.00774821443754083496    0.05466514900990585707                          
mvp2    4   20   28   41   20    4   28   41                        0.00912511650536198399   -0.08935677453878018706                          
mvp2    9   18   33   44   18    9   33   44                       -0.00782448615097186204    0.26152386468337041059                          
mvp2    4   21   33   41   21    4   33   41                        0.01074347793960386474   -0.34773262839351398723                          
a_ia   33   41                                                     -0.00105333880079817085                                                    
mvp2    4   21   28   40   21    4   28   40                       -0.00681776776799708321   -0.00931313680011460442                          
op      9   23   33   47   23    9   33   47                       -0.00666355677191976092                                                    
mvp2    4   21   33   43   21    4   33   43                       -0.00977555963438663314    0.31026466073624658915                          
a_ia   28   41                                                      0.00107462261527723119                                                    
a_ia   33   43                                                      0.00082030456156358122                                                    
a_ia   34   45                                                      0.00132127827675203400                                                    
mvp2    4   21   28   46   21    4   28   46                       -0.00758935000926716941    0.34128681924940645898                          
mvp2    4   14   28   44   14    4   28   44                       -0.00812242129655993753    0.14076105325461504836                          
mvp2    4   14   28   46   14    4   28   46                        0.00810172527192535782   -0.02341087600976515110                          
mvp2    4   14   33   41   14    4   33   41                       -0.00921336291519132301    0.02305501548884892823                          
mvp2    4   21   34   46   21    4   34   46                       -0.00937119136452600927    0.50138385366394111475                          
a_ia   28   43                                                      0.00187876961831754058                                                    
mvp2    4   14   34   46   14    4   34   46                        0.01023393152343677649   -0.04660974824868992922                          
mvp2    9   18   28   43   18    9   28   43                        0.00493975767150040424   -0.15793138239752579910                          
mvp2    4   14   33   43   14    4   33   43                        0.00898105127997584664   -0.01748025987617913071                          
a_ia   34   46                                                     -0.00048429316136547275                                                    
a_ia   33   46                                                      0.00178310417892918092                                                    
mvp2    1   23   33   42   23    1   33   42                       -0.01057825208917040002   -0.30830871799755654727                          
mvp2    1   20   33   42   20    1   33   42                       -0.00736169018403914303   -0.30960202510074114057                          
a_ia   28   32                                                      0.27778712202751587590                                                    
a_ia    4    8                                                      0.23658758859380460415                                                    
a_ia   30   34                                                     -0.43861781035405528195                                                    
a_ia    1   10                                                      0.02380618301775879950                                                    
