op      8    9   26   27    9    8   26   27                       -0.02395379245964036896                                                    
op      8   10   26   28   10    8   26   28                       -0.01258323644526735015                                                    
op      8    9   26   28    9    8   26   28                       -0.01045454314162808269                                                    
op      7   15   25   33   15    7   25   33                       -0.02082621779401037931                                                    
mvp2    8    9   23   27    9    8   23   27                        0.01225542034104532864   -0.03310371448798692801                          
op      5    9   23   27    9    5   23   27                       -0.01344605951250175263                                                    
om      5    9   26   27    9    5   26   27                        0.01239558213254436485                                                    
op      7   10   25   28   10    7   25   28                       -0.00617884611156021158                                                    
mvp2    8   10   26   27   10    8   26   27                       -0.01036470746214886336   -0.03962393226334744861                          
op      7   15   24   33   15    7   24   33                       -0.01401300070452491872                                                    
mvp2    7   15   23   27   15    7   23   27                       -0.00949530880636617960   -0.00823581602873707345                          
om      6   15   24   33   15    6   24   33                       -0.01321651510871722258                                                    
op      6   15   23   33   15    6   23   33                       -0.00724911626833426095                                                    
om      6   15   25   33   15    6   25   33                       -0.01328032750127041903                                                    
mvp2    6   15   23   27   15    6   23   27                       -0.00700169823208016996   -0.01881741181970360277                          
op      5   15   23   33   15    5   23   33                       -0.01043703025500238718                                                    
mvp2    7   15   23   28   15    7   23   28                        0.00691806698726644704   -0.03015110959869141821                          
op      7   15   23   33   15    7   23   33                       -0.00849614274101479633                                                    
mvp2    7   15   26   28   15    7   26   28                        0.00816763118289543823   -0.03921851525102272584                          
op      4    9   22   27    9    4   22   27                       -0.00150508075727544591                                                    
mvp2    5   10   26   28   10    5   26   28                       -0.00877239136447008523   -0.03840015039390437535                          
mvp2    5   10   23   28   10    5   23   28                       -0.00883630196679352845   -0.00484301571732231352                          
a_ia    7    8                                                      0.21686662800885150859                                                    
mvp2    8   10   23   28   10    8   23   28                       -0.00865883344831092257    0.00026187656796986236                          
a_ia   23   28                                                     -0.00085549733180963574                                                    
mvp2    5   15   25   33   15    5   25   33                       -0.00797481998140001959   -0.00023847122795856948                          
a_ia    5   15                                                     -0.00051027536000906079                                                    
op      6   17   24   35   17    6   24   35                       -0.01394295200053052332                                                    
op      6   16   24   35   16    6   24   35                        0.00612910295956348421                                                    
op      6   16   24   34   16    6   24   34                       -0.01061463600376477516                                                    
op      6   16   24   32   16    6   24   32                        0.00544456304832026741                                                    
op      7   17   25   35   17    7   25   35                       -0.01730435933657384004                                                    
op      7   12   25   35   12    7   25   35                        0.00780284235597208595                                                    
op      7   17   25   30   17    7   25   30                        0.00785432190733762609                                                    
op      6   16   24   29   16    6   24   29                        0.00507555820209509845                                                    
mvp2    6   17   25   35   17    6   25   35                        0.00972359934873159339    0.00002925566606173250                          
mvp2    5   10   26   33   10    5   26   33                        0.00400246736052650535    0.00003882371575918575                          
om      7   17   25   31   17    7   25   31                        0.01030831881507813901                                                    
om      7   12   25   31   12    7   25   31                       -0.00574761736186786987                                                    
mvp2    6   17   25   31   17    6   25   31                       -0.00611624877343773955    0.00011541157030779122                          
op      4   10   22   27   10    4   22   27                       -0.00116216085724537926                                                    
mvp2    7   17   24   35   17    7   24   35                        0.00967963991916614454   -0.00004627480396987196                          
mvp2    7   17   24   31   17    7   24   31                       -0.00409807484131521644   -0.00009751046196796966                          
op      4   10   22   28   10    4   22   28                       -0.00123045239394582967                                                    
mvp2    6   17   24   29   17    6   24   29                       -0.00564596561173633452    0.00000414639290632758                          
