op      8    9   26   27    9    8   26   27                       -0.02395382251859707809                                                    
op      8   10   26   28   10    8   26   28                       -0.01259312649473398084                                                    
op      8    9   26   28    9    8   26   28                       -0.01045397427973116140                                                    
op      7   15   25   33   15    7   25   33                       -0.02082907762971302271                                                    
mvp2    8    9   23   27    9    8   23   27                        0.01225485489982488727   -0.03297461130360217207                          
op      5    9   23   27    9    5   23   27                       -0.01344579538557764270                                                    
om      5    9   26   27    9    5   26   27                        0.01239479634769555597                                                    
op      7   10   25   28   10    7   25   28                       -0.00618256572597594787                                                    
mvp2    8   10   26   27   10    8   26   27                       -0.01037599778111339063   -0.03946949545568270018                          
op      7   15   24   33   15    7   24   33                       -0.01393074746341506354                                                    
mvp2    7   15   23   27   15    7   23   27                       -0.00949544956395420928   -0.00821137198139622153                          
om      6   15   24   33   15    6   24   33                       -0.01321969372776343049                                                    
op      6   15   23   33   15    6   23   33                       -0.00725062752095794946                                                    
om      6   15   25   33   15    6   25   33                       -0.01327686618204321038                                                    
mvp2    6   15   23   27   15    6   23   27                       -0.00700090605353209140   -0.01876631537278037817                          
op      5   15   23   33   15    5   23   33                       -0.01043803069701816112                                                    
mvp2    7   15   23   28   15    7   23   28                        0.00691889407684715026   -0.03007331386140247448                          
op      7   15   23   33   15    7   23   33                       -0.00849527294209650834                                                    
mvp2    7   15   26   28   15    7   26   28                        0.00816902922803553963   -0.03911298818103493141                          
op      4    9   22   27    9    4   22   27                       -0.00152701327799252854                                                    
mvp2    5   10   26   28   10    5   26   28                       -0.00877334974399267449   -0.03822755145234506963                          
mvp2    5   10   23   28   10    5   23   28                       -0.00884090518964395292   -0.00481311788715970985                          
a_ia    7    8                                                      0.21696102076087650512                                                    
mvp2    8   10   23   28   10    8   23   28                       -0.00865960926784976708    0.00023372419783958048                          
a_ia   23   28                                                     -0.00085586763208495909                                                    
mvp2    5   15   25   33   15    5   25   33                       -0.00797324794943338536   -0.00020823677311996642                          
a_ia    5   15                                                     -0.00051117018967027452                                                    
op      6   17   24   35   17    6   24   35                       -0.01377758890160571230                                                    
op      6   16   24   35   16    6   24   35                        0.00616128403118717562                                                    
op      6   16   24   34   16    6   24   34                       -0.01062037224103112333                                                    
op      6   16   24   32   16    6   24   32                        0.00544599027790138805                                                    
op      7   17   25   35   17    7   25   35                       -0.01715960051184697160                                                    
op      7   12   25   35   12    7   25   35                        0.00776151500411474682                                                    
op      7   17   25   30   17    7   25   30                        0.00783761514721183217                                                    
op      6   16   24   29   16    6   24   29                        0.00507808204701401793                                                    
mvp2    6   17   25   35   17    6   25   35                        0.00982871398600372766    0.00002106193629741655                          
mvp2    5   10   26   33   10    5   26   33                        0.00400259323764251638    0.00002546799019466243                          
om      7   17   25   31   17    7   25   31                        0.01028744541486598628                                                    
om      7   12   25   31   12    7   25   31                       -0.00574139210610734654                                                    
mvp2    6   17   25   31   17    6   25   31                       -0.00619446161529599217    0.00002663612937642182                          
