op      8    9   26   27    9    8   26   27                       -0.02405117369307826006                                                    
op      8   10   26   28   10    8   26   28                       -0.01274140719936768182                                                    
op      8    9   26   28    9    8   26   28                       -0.01036579631559941123                                                    
op      7   15   25   33   15    7   25   33                       -0.01937968767336114076                                                    
mvp2    8    9   23   27    9    8   23   27                        0.01213146018905967433   -0.00077027782899523561                          
op      5    9   23   27    9    5   23   27                       -0.01350709479405951506                                                    
om      5    9   26   27    9    5   26   27                        0.01219436643860464034                                                    
op      7   10   25   28   10    7   25   28                       -0.00687749337976325311                                                    
mvp2    8   10   26   27   10    8   26   27                       -0.01036076120545008881   -0.00045026077347871225                          
op      7   15   24   33   15    7   24   33                       -0.01336611025447364404                                                    
mvp2    7   15   23   27   15    7   23   27                       -0.00935013951382166093   -0.00003725023848173113                          
om      6   15   24   33   15    6   24   33                       -0.01371352735738510728                                                    
op      6   15   23   33   15    6   23   33                       -0.00645737368809333120                                                    
