op      8    9   26   27    9    8   26   27                       -0.02395361801229733620                                                    
op      8   10   26   28   10    8   26   28                       -0.01256458154673262446                                                    
op      8    9   26   28    9    8   26   28                       -0.01045249641136447236                                                    
op      7   15   25   33   15    7   25   33                       -0.02085294226923757252                                                    
mvp2    8    9   23   27    9    8   23   27                        0.01225242561872549527   -0.03264564746248489746                          
op      5    9   23   27    9    5   23   27                       -0.01344589969172857793                                                    
om      5    9   26   27    9    5   26   27                        0.01239613591521186373                                                    
op      7   10   25   28   10    7   25   28                       -0.00618291760813815747                                                    
mvp2    8   10   26   27   10    8   26   27                       -0.01035358494172572419   -0.03907594064550636015                          
op      7   15   24   33   15    7   24   33                       -0.01392969147870833264                                                    
mvp2    7   15   23   27   15    7   23   27                       -0.00949382998294420050   -0.00814836623692207634                          
om      6   15   24   33   15    6   24   33                       -0.01322388638047925120                                                    
op      6   15   23   33   15    6   23   33                       -0.00724663292101962019                                                    
om      6   15   25   33   15    6   25   33                       -0.01319253518309531498                                                    
mvp2    6   15   23   27   15    6   23   27                       -0.00700054122669238436   -0.01863529417430495605                          
op      5   15   23   33   15    5   23   33                       -0.01040727167078012334                                                    
mvp2    7   15   23   28   15    7   23   28                        0.00692030523607214954   -0.02987457817630895934                          
op      7   15   23   33   15    7   23   33                       -0.00849260792106781848                                                    
mvp2    7   15   26   28   15    7   26   28                        0.00817143974593578272   -0.03884442699034072743                          
op      4    9   22   27    9    4   22   27                       -0.00150877563398479192                                                    
mvp2    5   10   26   28   10    5   26   28                       -0.00870790360769532062   -0.03778740684916695458                          
mvp2    5   10   23   28   10    5   23   28                       -0.00882177682997808792   -0.00474050404635931958                          
a_ia    7    8                                                      0.21720260847431727136                                                    
mvp2    8   10   23   28   10    8   23   28                       -0.00866102565368256395    0.00016162950214682140                          
a_ia   23   28                                                     -0.00085863728208255077                                                    
mvp2    5   15   25   33   15    5   25   33                       -0.00795143354155896862   -0.00013143579129714931                          
a_ia    5   15                                                     -0.00053626005752157235                                                    
op      6   17   24   35   17    6   24   35                       -0.01365045454407373682                                                    
op      6   16   24   35   16    6   24   35                        0.00602359868423388116                                                    
op      6   16   24   34   16    6   24   34                       -0.01049981188571883807                                                    
op      6   16   24   32   16    6   24   32                        0.00542303972993630080                                                    
op      7   17   25   35   17    7   25   35                       -0.01691104711007380967                                                    
op      7   12   25   35   12    7   25   35                        0.00763413139535037196                                                    
op      7   17   25   30   17    7   25   30                        0.00765411104336830364                                                    
