op      8    9   26   27    9    8   26   27                       -0.02405126735243672681                                                    
op      8   10   26   28   10    8   26   28                       -0.01274143218286474463                                                    
op      8    9   26   28    9    8   26   28                       -0.01036651680372105769                                                    
op      7   15   25   33   15    7   25   33                       -0.01968825348481734530                                                    
mvp2    8    9   23   27    9    8   23   27                        0.01213115008185895738   -0.00090591734989686583                          
op      5    9   23   27    9    5   23   27                       -0.01350734536634987798                                                    
om      5    9   26   27    9    5   26   27                        0.01219537297046893211                                                    
op      7   10   25   28   10    7   25   28                       -0.00687337994133742705                                                    
mvp2    8   10   26   27   10    8   26   27                       -0.01036065376081681151   -0.00061039804402194674                          
op      7   15   24   33   15    7   24   33                       -0.01311414800363536887                                                    
mvp2    7   15   23   27   15    7   23   27                       -0.00934850237036353657   -0.00007103810098503276                          
om      6   15   24   33   15    6   24   33                       -0.01393939998369263418                                                    
op      6   15   23   33   15    6   23   33                       -0.00680432702316211956                                                    
om      6   15   25   33   15    6   25   33                       -0.01329519409288335875                                                    
mvp2    6   15   23   27   15    6   23   27                       -0.00679991330565249408   -0.00002429167926806455                          
