op      8    9   26   27    9    8   26   27                       -0.02395363239733615604                                                    
op      8   10   26   28   10    8   26   28                       -0.01259298639071157466                                                    
op      8    9   26   28    9    8   26   28                       -0.01045407979760660210                                                    
op      7   15   25   33   15    7   25   33                       -0.02082788953762708048                                                    
mvp2    8    9   23   27    9    8   23   27                        0.01225493858018447679   -0.03301748583885538713                          
op      5    9   23   27    9    5   23   27                       -0.01344574790988514561                                                    
om      5    9   26   27    9    5   26   27                        0.01239489643439936097                                                    
op      7   10   25   28   10    7   25   28                       -0.00618211748580673078                                                    
mvp2    8   10   26   27   10    8   26   27                       -0.01036753741941051458   -0.03952078796559936602                          
op      7   15   24   33   15    7   24   33                       -0.01393204127738791563                                                    
mvp2    7   15   23   27   15    7   23   27                       -0.00949605875759481494   -0.00821960285008281437                          
om      6   15   24   33   15    6   24   33                       -0.01321880009795270081                                                    
op      6   15   23   33   15    6   23   33                       -0.00724994217303772878                                                    
om      6   15   25   33   15    6   25   33                       -0.01327617847310846172                                                    
mvp2    6   15   23   27   15    6   23   27                       -0.00700044291993551487   -0.01878328614569239885                          
op      5   15   23   33   15    5   23   33                       -0.01043762152557833715                                                    
mvp2    7   15   23   28   15    7   23   28                        0.00691912798141789808   -0.03009915319011082641                          
op      7   15   23   33   15    7   23   33                       -0.00849656990267253637                                                    
mvp2    7   15   26   28   15    7   26   28                        0.00816931707179580080   -0.03914799916376293654                          
op      4    9   22   27    9    4   22   27                       -0.00154310397946235528                                                    
mvp2    5   10   26   28   10    5   26   28                       -0.00877326953679327497   -0.03828486315930803435                          
mvp2    5   10   23   28   10    5   23   28                       -0.00884082356823767505   -0.00482304041500250958                          
a_ia    7    8                                                      0.21692970206149309043                                                    
mvp2    8   10   23   28   10    8   23   28                       -0.00865952872724990753    0.00024312291452737079                          
a_ia   23   28                                                     -0.00085542728214596606                                                    
mvp2    5   15   25   33   15    5   25   33                       -0.00797313046909766364   -0.00021826527101094108                          
a_ia    5   15                                                     -0.00051005739293706316                                                    
op      6   17   24   35   17    6   24   35                       -0.01378410763091579908                                                    
op      6   16   24   35   16    6   24   35                        0.00616092151726243750                                                    
op      6   16   24   34   16    6   24   34                       -0.01061972633371907095                                                    
op      6   16   24   32   16    6   24   32                        0.00544568066135918752                                                    
op      7   17   25   35   17    7   25   35                       -0.01720116763682302125                                                    
op      7   12   25   35   12    7   25   35                        0.00776233154132059937                                                    
op      7   17   25   30   17    7   25   30                        0.00785655042845474078                                                    
op      6   16   24   29   16    6   24   29                        0.00507779967717790753                                                    
mvp2    6   17   25   35   17    6   25   35                        0.00990313723628696331    0.00002344129787598196                          
mvp2    5   10   26   33   10    5   26   33                        0.00400256526136521032    0.00002990591499319904                          
om      7   17   25   31   17    7   25   31                        0.01027334732611516650                                                    
om      7   12   25   31   12    7   25   31                       -0.00573218716964096243                                                    
mvp2    6   17   25   31   17    6   25   31                       -0.00619447712246968749    0.00005679300540460940                          
op      4   10   22   27   10    4   22   27                       -0.00111128949142063672                                                    
mvp2    7   17   24   35   17    7   24   35                        0.00958418904671232835   -0.00001409332261588449                          
