op      8    9   26   27    9    8   26   27                       -0.02405589921101942627                                                    
op      8   10   26   28   10    8   26   28                       -0.01274043540036133570                                                    
op      8    9   26   28    9    8   26   28                       -0.01036246569498813774                                                    
op      7   15   25   33   15    7   25   33                       -0.01972277263335009065                                                    
mvp2    8    9   23   27    9    8   23   27                        0.01218896537296868324   -0.00059028588594027857                          
op      5    9   23   27    9    5   23   27                       -0.01345522920931229577                                                    
om      5    9   26   27    9    5   26   27                        0.01219037306668603431                                                    
op      7   10   25   28   10    7   25   28                       -0.00687297386766919528                                                    
mvp2    8   10   26   27   10    8   26   27                       -0.01036147470076695561   -0.00023773268257393815                          
op      7   15   24   33   15    7   24   33                       -0.01308902903487182447                                                    
mvp2    7   15   23   27   15    7   23   27                       -0.00930240152186210222   -0.00000461231926905722                          
