op      8    9   26   27    9    8   26   27                       -0.02395374609186353559                                                    
op      8   10   26   28   10    8   26   28                       -0.01256454904816005011                                                    
op      8    9   26   28    9    8   26   28                       -0.01045294183880344195                                                    
op      7   15   25   33   15    7   25   33                       -0.02085006395911473409                                                    
mvp2    8    9   23   27    9    8   23   27                        0.01225274094577632165   -0.03272579518191379155                          
op      5    9   23   27    9    5   23   27                       -0.01344599746187788436                                                    
om      5    9   26   27    9    5   26   27                        0.01239650027518735161                                                    
op      7   10   25   28   10    7   25   28                       -0.00618066505247768724                                                    
mvp2    8   10   26   27   10    8   26   27                       -0.01035366982300609147   -0.03917176662239234275                          
op      7   15   24   33   15    7   24   33                       -0.01393108407398082477                                                    
mvp2    7   15   23   27   15    7   23   27                       -0.00949453113357786628   -0.00816373693289532305                          
om      6   15   24   33   15    6   24   33                       -0.01322048192540552572                                                    
op      6   15   23   33   15    6   23   33                       -0.00724605946681083739                                                    
om      6   15   25   33   15    6   25   33                       -0.01321659196394069785                                                    
mvp2    6   15   23   27   15    6   23   27                       -0.00699997442278240626   -0.01866754838088097168                          
op      5   15   23   33   15    5   23   33                       -0.01040697407373254377                                                    
mvp2    7   15   23   28   15    7   23   28                        0.00692020514486644655   -0.02992307412383406195                          
op      7   15   23   33   15    7   23   33                       -0.00849386939095274178                                                    
mvp2    7   15   26   28   15    7   26   28                        0.00817144220362889077   -0.03890942677536812083                          
op      4    9   22   27    9    4   22   27                       -0.00147844780238781215                                                    
mvp2    5   10   26   28   10    5   26   28                       -0.00870793009427507300   -0.03789483770475406826                          
mvp2    5   10   23   28   10    5   23   28                       -0.00882210919025901152   -0.00475665663833643639                          
a_ia    7    8                                                      0.21714366801428294784                                                    
mvp2    8   10   23   28   10    8   23   28                       -0.00866102307459429288    0.00017913852698826920                          
a_ia   23   28                                                     -0.00085807497663254362                                                    
mvp2    5   15   25   33   15    5   25   33                       -0.00795175600012774410   -0.00015015570670266580                          
a_ia    5   15                                                     -0.00053570991379194033                                                    
op      6   17   24   35   17    6   24   35                       -0.01368656057489178561                                                    
op      6   16   24   35   16    6   24   35                        0.00619309040656657647                                                    
op      6   16   24   34   16    6   24   34                       -0.01063060182520390862                                                    
op      6   16   24   32   16    6   24   32                        0.00544508379262011871                                                    
op      7   17   25   35   17    7   25   35                       -0.01691334697460087494                                                    
op      7   12   25   35   12    7   25   35                        0.00764919093586314235                                                    
op      7   17   25   30   17    7   25   30                        0.00766379716281675050                                                    
op      6   16   24   29   16    6   24   29                        0.00507378857403786854                                                    
mvp2    6   17   25   35   17    6   25   35                        0.00975082543775818329    0.00000375168734251389                          
