op      8    9   26   27    9    8   26   27                       -0.02395305717930060890                                                    
op      8   10   26   28   10    8   26   28                       -0.01256404405184033922                                                    
op      8    9   26   28    9    8   26   28                       -0.01045088264131031029                                                    
op      7   15   25   33   15    7   25   33                       -0.02099047489681575562                                                    
mvp2    8    9   23   27    9    8   23   27                        0.01225096462489882673   -0.03230867691357505039                          
op      5    9   23   27    9    5   23   27                       -0.01344528216727253374                                                    
om      5    9   26   27    9    5   26   27                        0.01239397990011632117                                                    
op      7   10   25   28   10    7   25   28                       -0.00634110541528446012                                                    
mvp2    8   10   26   27   10    8   26   27                       -0.01035349289674137099   -0.03867288089722206723                          
op      7   15   24   33   15    7   24   33                       -0.01394358139402444158                                                    
mvp2    7   15   23   27   15    7   23   27                       -0.00949666271501381498   -0.00808481576009114321                          
om      6   15   24   33   15    6   24   33                       -0.01329144312876965293                                                    
op      6   15   23   33   15    6   23   33                       -0.00724449801174713998                                                    
om      6   15   25   33   15    6   25   33                       -0.01320582976879261343                                                    
mvp2    6   15   23   27   15    6   23   27                       -0.00700076474833787304   -0.01849957197354072658                          
op      5   15   23   33   15    5   23   33                       -0.01038811631336360869                                                    
mvp2    7   15   23   28   15    7   23   28                        0.00692737220133110305   -0.02967011238789967267                          
op      7   15   23   33   15    7   23   33                       -0.00849630921889996116                                                    
mvp2    7   15   26   28   15    7   26   28                        0.00817767295717335141   -0.03856914373714349226                          
op      4    9   22   27    9    4   22   27                       -0.00149201475259384147                                                    
mvp2    5   10   26   28   10    5   26   28                       -0.00870752529434756957   -0.03733565780559059549                          
mvp2    5   10   23   28   10    5   23   28                       -0.00881477223784902196   -0.00467251547858368605                          
a_ia    7    8                                                      0.21745459953493273542                                                    
mvp2    8   10   23   28   10    8   23   28                       -0.00866045386299742030    0.00008761847529112677                          
a_ia   23   28                                                     -0.00086586629994343681                                                    
mvp2    5   15   25   33   15    5   25   33                       -0.00795733981950630560   -0.00005295174680320772                          
a_ia    5   15                                                     -0.00054362138138991714                                                    
op      6   17   24   35   17    6   24   35                       -0.01403621912152763600                                                    
op      6   16   24   35   16    6   24   35                        0.00590749978912805205                                                    
