op      8    9   26   27    9    8   26   27                       -0.02396659329694569504                                                    
op      8   10   26   28   10    8   26   28                       -0.01226669624659050724                                                    
op      8    9   26   28    9    8   26   28                       -0.01045218265668810750                                                    
op      7   15   25   33   15    7   25   33                       -0.02061403954145386158                                                    
mvp2    8    9   23   27    9    8   23   27                        0.01219279068509076386   -0.03191714772086090557                          
op      5    9   23   27    9    5   23   27                       -0.01345646438590035639                                                    
om      5    9   26   27    9    5   26   27                        0.01238798220995969077                                                    
op      7   10   25   28   10    7   25   28                       -0.00641099110866509038                                                    
mvp2    8   10   26   27   10    8   26   27                       -0.01036152462328654954   -0.03820658293939264288                          
op      7   15   24   33   15    7   24   33                       -0.01411362397915314620                                                    
mvp2    7   15   23   27   15    7   23   27                       -0.00948844582986967458   -0.00801657211479296812                          
om      6   15   24   33   15    6   24   33                       -0.01346003886865573471                                                    
op      6   15   23   33   15    6   23   33                       -0.00711907153961665977                                                    
om      6   15   25   33   15    6   25   33                       -0.01316478635843649179                                                    
mvp2    6   15   23   27   15    6   23   27                       -0.00699393200338775060   -0.01835166517712042908                          
op      5   15   23   33   15    5   23   33                       -0.01020070529142005217                                                    
mvp2    7   15   23   28   15    7   23   28                        0.00686097750887214829   -0.02942840417176153384                          
op      7   15   23   33   15    7   23   33                       -0.00892892817442502741                                                    
mvp2    7   15   26   28   15    7   26   28                        0.00817507271293648093   -0.03824598911346558522                          
op      4    9   22   27    9    4   22   27                       -0.00150445965769707246                                                    
mvp2    5   10   26   28   10    5   26   28                       -0.00896351685444636559   -0.03681914726040434044                          
mvp2    5   10   23   28   10    5   23   28                       -0.00858439857992850282   -0.00459686719734659840                          
a_ia    7    8                                                      0.21775463954137899703                                                    
