op      8    9   26   27    9    8   26   27                       -0.02395366573095574284                                                    
op      8   10   26   28   10    8   26   28                       -0.01256458700028897923                                                    
op      8    9   26   28    9    8   26   28                       -0.01045268785168068822                                                    
op      7   15   25   33   15    7   25   33                       -0.02085071501439152153                                                    
mvp2    8    9   23   27    9    8   23   27                        0.01225256073669121065   -0.03267949104895769008                          
op      5    9   23   27    9    5   23   27                       -0.01344592117244751243                                                    
om      5    9   26   27    9    5   26   27                        0.01239629271062662151                                                    
op      7   10   25   28   10    7   25   28                       -0.00618104103932998975                                                    
mvp2    8   10   26   27   10    8   26   27                       -0.01035361642990260608   -0.03911640647942684484                          
op      7   15   24   33   15    7   24   33                       -0.01392983165838557538                                                    
mvp2    7   15   23   27   15    7   23   27                       -0.00949402047789113870   -0.00815486042152374115                          
om      6   15   24   33   15    6   24   33                       -0.01322371097916710120                                                    
op      6   15   23   33   15    6   23   33                       -0.00724658845687852111                                                    
om      6   15   25   33   15    6   25   33                       -0.01319264976140129345                                                    
mvp2    6   15   23   27   15    6   23   27                       -0.00700054222995714470   -0.01864892190415627649                          
op      5   15   23   33   15    5   23   33                       -0.01040689549687176009                                                    
mvp2    7   15   23   28   15    7   23   28                        0.00692017515698318403   -0.02989506387634685222                          
op      7   15   23   33   15    7   23   33                       -0.00849284191455468469                                                    
mvp2    7   15   26   28   15    7   26   28                        0.00817129071010568898   -0.03887188717705782753                          
op      4    9   22   27    9    4   22   27                       -0.00149028185437668831                                                    
mvp2    5   10   26   28   10    5   26   28                       -0.00870792299495723628   -0.03783276952395283471                          
mvp2    5   10   23   28   10    5   23   28                       -0.00882202636014615786   -0.00474732396983622469                          
a_ia    7    8                                                      0.21717769635557623853                                                    
mvp2    8   10   23   28   10    8   23   28                       -0.00866102778114892329    0.00016903041846154596                          
a_ia   23   28                                                     -0.00085851279093818937                                                    
mvp2    5   15   25   33   15    5   25   33                       -0.00795168168098063337   -0.00013933396408997431                          
a_ia    5   15                                                     -0.00053622094041773079                                                    
op      6   17   24   35   17    6   24   35                       -0.01364631680199209982                                                    
op      6   16   24   35   16    6   24   35                        0.00602357567548091576                                                    
op      6   16   24   34   16    6   24   34                       -0.01049983570249379654                                                    
op      6   16   24   32   16    6   24   32                        0.00542304624869851919                                                    
op      7   17   25   35   17    7   25   35                       -0.01688661109512015410                                                    
op      7   12   25   35   12    7   25   35                        0.00765264356047153354                                                    
op      7   17   25   30   17    7   25   30                        0.00765425446123280725                                                    
op      6   16   24   29   16    6   24   29                        0.00507152349015396221                                                    
