op      8    9   26   27    9    8   26   27                       -0.02395248355377356531                                                    
op      8   10   26   28   10    8   26   28                       -0.01256423404173719234                                                    
op      8    9   26   28    9    8   26   28                       -0.01044974722318421471                                                    
op      7   15   25   33   15    7   25   33                       -0.02097440583397061978                                                    
mvp2    8    9   23   27    9    8   23   27                        0.01225046562258487286   -0.03215606756753571632                          
op      5    9   23   27    9    5   23   27                       -0.01344564289017120134                                                    
om      5    9   26   27    9    5   26   27                        0.01239215670074070817                                                    
op      7   10   25   28   10    7   25   28                       -0.00634497210219735902                                                    
mvp2    8   10   26   27   10    8   26   27                       -0.01035334258267088699   -0.03849029636768570156                          
op      7   15   24   33   15    7   24   33                       -0.01394930157569662481                                                    
mvp2    7   15   23   27   15    7   23   27                       -0.00949255019060905175   -0.00805660669082363876                          
om      6   15   24   33   15    6   24   33                       -0.01341837059046135233                                                    
op      6   15   23   33   15    6   23   33                       -0.00725243666482819176                                                    
om      6   15   25   33   15    6   25   33                       -0.01318498378042302736                                                    
mvp2    6   15   23   27   15    6   23   27                       -0.00700168533620860491   -0.01843992484282968441                          
op      5   15   23   33   15    5   23   33                       -0.01042270998935001733                                                    
mvp2    7   15   23   28   15    7   23   28                        0.00692778643102304019   -0.02957729897105152925                          
op      7   15   23   33   15    7   23   33                       -0.00848432482502433499                                                    
mvp2    7   15   26   28   15    7   26   28                        0.00817883129188424172   -0.03844371200157702118                          
op      4    9   22   27    9    4   22   27                       -0.00151271746703564238                                                    
mvp2    5   10   26   28   10    5   26   28                       -0.00870628562038757575   -0.03713108096524015550                          
mvp2    5   10   23   28   10    5   23   28                       -0.00881533892725309097   -0.00464169673918098970                          
a_ia    7    8                                                      0.21757183399702242910                                                    
mvp2    8   10   23   28   10    8   23   28                       -0.00866003990839545566    0.00005385780504777012                          
a_ia   23   28                                                     -0.00087402132430674194                                                    
mvp2    5   15   25   33   15    5   25   33                       -0.00796796644453817704   -0.00001753558102671728                          
