op      8    9   26   27    9    8   26   27                       -0.02405706374567157663                                                    
op      8   10   26   28   10    8   26   28                       -0.01273994901397680277                                                    
op      8    9   26   28    9    8   26   28                       -0.01036894460490833496                                                    
op      7   15   25   33   15    7   25   33                       -0.01962698822433185317                                                    
mvp2    8    9   23   27    9    8   23   27                        0.01207888353659457292   -0.00116432796327881581                          
op      5    9   23   27    9    5   23   27                       -0.01339346905137593635                                                    
om      5    9   26   27    9    5   26   27                        0.01219332966930935375                                                    
op      7   10   25   28   10    7   25   28                       -0.00695643976237257395                                                    
mvp2    8   10   26   27   10    8   26   27                       -0.01036111058659711093   -0.00091906322156999458                          
op      7   15   24   33   15    7   24   33                       -0.01320494063850025969                                                    
mvp2    7   15   23   27   15    7   23   27                       -0.00948226117480905316   -0.00014998042570398869                          
om      6   15   24   33   15    6   24   33                       -0.01348187755192039455                                                    
op      6   15   23   33   15    6   23   33                       -0.00728571875401811276                                                    
om      6   15   25   33   15    6   25   33                       -0.01315893511767786059                                                    
mvp2    6   15   23   27   15    6   23   27                       -0.00698390916931724854   -0.00017219948393779546                          
op      5   15   23   33   15    5   23   33                       -0.01029078184932311416                                                    
mvp2    7   15   23   28   15    7   23   28                        0.00613419395291860906   -0.00017513671260959316                          
op      7   15   23   33   15    7   23   33                       -0.00849906393611391149                                                    
mvp2    7   15   26   28   15    7   26   28                        0.00756899192770430808   -0.00006693564346293012                          
