9.999993968995974924e-01
9.999986384145947982e-01
9.999936049434234864e-01
9.999974703440742685e-01
9.982599641575655713e-01
9.984772251724773895e-01
9.983875845800265214e-01
9.970251459044217057e-01
9.981105324735296547e-01
9.973270261155016136e-01
9.983939357210053211e-01
9.979541368364047704e-01
9.955844544110225014e-01
9.930503041526053121e-01
9.935289573733350199e-01
9.949787285131266312e-01
9.982174356273019189e-01
9.922790099251779239e-01
9.966446303129294915e-01
9.925833365221659044e-01
9.961181533496563656e-01
9.935897657851702203e-01
8.755930927731463143e-03
1.002039044423189487e-02
9.535145852733521027e-03
5.871645441484301363e-03
5.103080924766513655e-03
3.741895076631174787e-03
2.133472624912298530e-03
1.126995487719298101e-03
1.168440849147897153e-03
1.314018953248357983e-03
1.203772614513561653e-03
2.985274767466337010e-03
1.062136734884071981e-03
2.233521747638867946e-03
2.499981810844488853e-03
7.880325360679013656e-04
1.438503130778515885e-03
2.115600938112858695e-03
1.178124259640255488e-03
2.404995375918525524e-03
8.558529499047585207e-04
1.963748309371158435e-03
