-4.224126952732046902e+02
-4.224360268189216185e+02
-4.224528791917497870e+02
-4.224680648908345120e+02
-4.224820392312565218e+02
-4.224953956087974802e+02
-4.225059115939707226e+02
-4.225150657590701258e+02
-4.225198102141945924e+02
-4.225281469343955791e+02
-4.225361424641229178e+02
-4.225388226810089236e+02
-4.225453145826419927e+02
-4.225485351901900231e+02
-4.225534942562251786e+02
-4.225577868475483001e+02
-4.225592199977377277e+02
-4.225636547685663800e+02
-4.225677179844876719e+02
-4.225715541407981846e+02
-4.225766029314489174e+02
-4.225773620774705250e+02
-4.225825815279255835e+02
-4.225859112624617069e+02
-4.225890440498432099e+02
-4.225901739941551227e+02
-4.225935657155778813e+02
-4.225966627799110142e+02
-4.225983602904083796e+02
-4.226035159500344776e+02
-4.226072817773998054e+02
-4.226084843109932763e+02
-4.226090252672225915e+02
-4.226094233184915083e+02
-4.226115779098602161e+02
-4.226126458673414845e+02
-4.226133603186077039e+02
-4.226146355112064725e+02
-4.226159010749668141e+02
-4.226188482660118098e+02
-4.226189467779992128e+02
-4.226194128860186083e+02
-4.226194883338228010e+02
-4.226195747918769143e+02
-4.226196754806574063e+02
-4.226197475612656831e+02
-4.226198090467457860e+02
-4.226198758701194720e+02
-4.226199592817326902e+02
-4.226200165193531006e+02
-4.226208310277045825e+02
