9.999984582373834252e-01
9.999948180705282574e-01
9.999887653950079169e-01
9.999889919273611261e-01
9.967195501112708911e-01
9.961141185004103171e-01
9.952777383753500517e-01
9.944480648401472500e-01
9.950771383778160839e-01
9.937428802303676090e-01
9.947400300496072045e-01
9.934753606323269981e-01
9.939084443459774709e-01
9.916512276453108843e-01
9.925281034337113395e-01
9.941503114769738580e-01
9.980005718190905206e-01
9.919114664018220395e-01
9.957445771364581422e-01
9.919507886826104404e-01
9.952449698925228683e-01
9.927855454524070478e-01
9.567560301049406885e-03
1.041000631645189536e-02
1.020039671943860984e-02
7.018575672829021651e-03
5.568538826830397165e-03
5.329752306730091080e-03
5.951759265890116390e-03
4.159145952756371570e-03
2.513714070633497975e-03
2.418796744238336724e-03
4.293955622404442563e-03
5.456349185510923558e-03
2.178759481575831460e-03
4.197131137910427648e-03
3.381458824193819910e-03
1.401878261069059014e-03
2.397511908696135004e-03
4.038336905532844030e-03
2.096965761107547760e-03
4.616671732146143334e-03
2.281700208213132720e-03
3.079113317393568534e-03
