op     18   21   46   49   21   18   46   49                       -0.04549785493281246346                                                    
op     17   21   45   49   21   17   45   49                       -0.04421776254911682913                                                    
mvp2   16   21   17   25   16   17   21   25                        0.01401196799514969026   -0.29484429815866053382                          
mvp2   19   25   45   49   25   19   45   49                        0.01503571868947832860    0.45843707927994942208                          
op     18   21   46   48   21   18   46   48                        0.01913971479117011765                                                    
a_ia   37   49                                                     -0.15458113233928988395                                                    
mvp2   12   21   37   49   21   12   37   49                       -0.00584168147787116152   -0.17209145691895399999                          
a_ia   15   25                                                      0.01085547077192260991                                                    
a_ia   15   21                                                      0.00078832266994496739                                                    
mvp2   16   25   44   53   25   16   44   53                       -0.00982414769107411122    0.28189462797006331618                          
mvp2   17   21   47   53   21   17   47   53                        0.01555262207675390737   -0.52283872416727716903                          
a_ia   37   49                                                      0.14230569434125028838                                                    
a_ia    9   21                                                     -0.01184218870596552044                                                    
a_ia   16   26                                                      0.00546378256738584266                                                    
a_ia   16   24                                                     -0.00200891012214721642                                                    
a_ia   16   27                                                      0.00216223183855541361                                                    
