op     18   21   46   49   21   18   46   49                       -0.04643994126904245345                                                    
op     17   21   45   49   21   17   45   49                       -0.04491509415687624379                                                    
mvp2   16   21   17   25   16   17   21   25                        0.01458663754358704989   -0.29651012791043285244                          
mvp2   19   25   45   49   25   19   45   49                        0.01503295325116363497    0.46679600318507058487                          
op     18   21   46   48   21   18   46   48                        0.01952032756615013770                                                    
a_ia   37   49                                                     -0.16270176771592692599                                                    
mvp2   12   21   37   49   21   12   37   49                       -0.00535043631564689499   -0.18644626681963716308                          
a_ia   15   25                                                      0.01148243775902156594                                                    
a_ia   15   21                                                      0.00075566196901407029                                                    
mvp2   16   25   44   53   25   16   44   53                       -0.00972181254139203171    0.37876337548432975622                          
mvp2   17   21   47   53   21   17   47   53                        0.01554767567218639894   -0.45979368488718885821                          
a_ia   37   49                                                      0.14994951455269581175                                                    
a_ia    9   21                                                     -0.01212423796660528144                                                    
a_ia   16   26                                                      0.00569701465713782357                                                    
a_ia   16   24                                                     -0.00210614654354016441                                                    
a_ia   16   27                                                      0.00183694792571333478                                                    
a_ia   16   23                                                      0.00656884984813682887                                                    
a_ia   44   53                                                     -0.00248144878993015582                                                    
mvp3   15   20   18   21   15   18   21   20   15   18   20   21   -0.01460029523383826917   -0.26974061631757434432    0.00044254477742758814
