op     18   21   46   49   21   18   46   49                       -0.04548811670680486668                                                    
op     17   21   45   49   21   17   45   49                       -0.04426767514877115450                                                    
mvp2   16   21   17   25   16   17   21   25                        0.01409161499892992025   -0.29487690072019334675                          
mvp2   19   25   45   49   25   19   45   49                        0.01505800420484326718    0.45866018750089654343                          
op     18   21   46   48   21   18   46   48                        0.01912765709004685122                                                    
a_ia   37   49                                                     -0.15454980036896490136                                                    
mvp2   12   21   37   49   21   12   37   49                       -0.00580646299140124243   -0.17217428319092806244                          
a_ia   15   25                                                      0.01083791094006849101                                                    
a_ia   15   21                                                      0.00069340366858034440                                                    
mvp2   16   25   44   53   25   16   44   53                       -0.00961982264425150467    0.28435276872551662475                          
mvp2   17   21   47   53   21   17   47   53                        0.01555859376433764429   -0.52116909890061136057                          
a_ia   37   49                                                      0.14243499135031695291                                                    
a_ia    9   21                                                     -0.01176790476984271479                                                    
a_ia   16   26                                                      0.00577221703748521855                                                    
a_ia   16   24                                                     -0.00214056294659069812                                                    
a_ia   16   27                                                      0.00187725286407320995                                                    
a_ia   16   23                                                      0.00655869208778578783                                                    
a_ia   44   53                                                     -0.00203990705636846814                                                    
