op     18   21   46   49   21   18   46   49                       -0.04548122692050118876                                                    
op     17   21   45   49   21   17   45   49                       -0.04416835600281061869                                                    
mvp2   16   21   17   25   16   17   21   25                        0.01397318962949977046   -0.29483674595032854926                          
mvp2   19   25   45   49   25   19   45   49                        0.01501612689284068623    0.45837534399941870511                          
op     18   21   46   48   21   18   46   48                        0.01914260281053771842                                                    
a_ia   37   49                                                     -0.15460308851121154494                                                    
mvp2   12   21   37   49   21   12   37   49                       -0.00591325603581937132   -0.17203285437696549942                          
a_ia   15   25                                                      0.01084381262070029800                                                    
a_ia   15   21                                                      0.00078934818413158231                                                    
mvp2   16   25   44   53   25   16   44   53                       -0.00983006544834230493    0.28122641016436189521                          
mvp2   17   21   47   53   21   17   47   53                        0.01553080382948137349   -0.52329897757452226159                          
a_ia   37   49                                                      0.14222056146360731455                                                    
a_ia    9   21                                                     -0.01184495792750482265                                                    
a_ia   16   26                                                      0.00537833516577463505                                                    
a_ia   16   24                                                     -0.00229390172159871317                                                    
