-2.617515534520604774e+02
-2.617563970423278192e+02
-2.617583560917111072e+02
-2.617631540423357137e+02
-2.617699603455034776e+02
-2.617755049296935113e+02
-2.617804624103306992e+02
-2.617836279156982187e+02
-2.617855232048929111e+02
-2.617901052571506284e+02
-2.617931832239830783e+02
-2.617975947675761859e+02
-2.618004671962290217e+02
-2.618022178782347282e+02
-2.618031849765259835e+02
-2.618062449191514816e+02
-2.618096563666204020e+02
-2.618134205882190031e+02
-2.618149940990489881e+02
-2.618185528916579869e+02
-2.618232299056180068e+02
-2.618263164314574283e+02
-2.618268741085404940e+02
-2.618279906644232256e+02
-2.618332759071449232e+02
-2.618353109380747128e+02
-2.618377688652898883e+02
-2.618413384003362125e+02
-2.618413853198975971e+02
-2.618438091539545098e+02
-2.618460294665646870e+02
-2.618464548748145262e+02
-2.618492247486025803e+02
-2.618522922271623088e+02
-2.618526356774144119e+02
-2.618527493102967014e+02
-2.618538394048613895e+02
-2.618540886622716926e+02
-2.618559801670332945e+02
-2.618580467841114796e+02
-2.618608305937910927e+02
-2.618616305149556069e+02
-2.618641714039824251e+02
-2.618655389548010248e+02
-2.618656435572104897e+02
-2.618657311208247052e+02
-2.618657423841333980e+02
-2.618669420617649735e+02
-2.618669931649720866e+02
-2.618670714262379988e+02
-2.618678243288001113e+02
-2.618684714901439179e+02
-2.618699945004706819e+02
-2.618706725296538025e+02
-2.618734698739942246e+02
-2.618742026347067053e+02
-2.618749325728625195e+02
-2.618750426784641263e+02
-2.618776365924325091e+02
-2.618803019077969907e+02
-2.618803149094225091e+02
-2.618804811630519112e+02
-2.618814607740430915e+02
-2.618815315817171268e+02
-2.618815408172287107e+02
-2.618846135654952150e+02
-2.618849136291810282e+02
-2.618850049724135260e+02
-2.618850152763500887e+02
-2.618852362153876925e+02
-2.618852900250573157e+02
-2.618853459044901797e+02
-2.618853577032555791e+02
-2.618854285154606032e+02
-2.618858495652892202e+02
-2.618858635132614268e+02
-2.618859183260332770e+02
-2.618859581513730177e+02
-2.618859987876351738e+02
-2.618906044858532027e+02
-2.618915330910792250e+02
-2.618916194021460910e+02
-2.618916499298720737e+02
-2.618919431442906216e+02
-2.618964910043901000e+02
-2.618966063316801751e+02
-2.618966496663322800e+02
-2.618967365901336279e+02
-2.618967567695959247e+02
-2.618969207004155919e+02
-2.618969487479059239e+02
-2.618991371574957725e+02
-2.618992146430006756e+02
-2.618993538626086206e+02
-2.619014119267251886e+02
-2.619014649153214123e+02
-2.619015959458034786e+02
-2.619017261677320789e+02
-2.619017332013245891e+02
-2.619017810919486919e+02
-2.619017864006946184e+02
-2.619024305114696176e+02
-2.619024540821968117e+02
-2.619024569933881139e+02
-2.619026348017995929e+02
-2.619026404755730937e+02
-2.619026683912707085e+02
-2.619027283412502811e+02
-2.619027441223628898e+02
-2.619027490596964753e+02
-2.619027728847462981e+02
-2.619030979797101963e+02
-2.619031272699332931e+02
-2.619031343891998063e+02
-2.619032115864332013e+02
-2.619033463406888131e+02
-2.619033687538557729e+02
-2.619035716882099791e+02
-2.619035876062220041e+02
-2.619035950953634142e+02
-2.619036489025261858e+02
-2.619036511747221994e+02
-2.619036993767668946e+02
-2.619037403195242177e+02
-2.619038262575260205e+02
-2.619038968066615212e+02
-2.619039329950609840e+02
-2.619041770182453206e+02
-2.619041792028867235e+02
-2.619042091867835893e+02
-2.619043013294099183e+02
-2.619043331076754271e+02
-2.619065210054366162e+02
-2.619066281237344924e+02
-2.619066406820595034e+02
-2.619066825964362124e+02
-2.619067245421014150e+02
-2.619068024504891810e+02
-2.619068126923929754e+02
-2.619068794367623809e+02
-2.619068938371714239e+02
-2.619069049008372190e+02
-2.619069220796229160e+02
-2.619069329842533875e+02
-2.619069486818082737e+02
-2.619069573999789213e+02
-2.619069657358559198e+02
-2.619071862636860146e+02
-2.619071993203867805e+02
-2.619072296815552932e+02
-2.619073400134919893e+02
-2.619073639005993073e+02
-2.619073767060373257e+02
-2.619073799160868816e+02
-2.619074000516596925e+02
-2.619074005237578717e+02
-2.619074040251095994e+02
-2.619074598320880796e+02
-2.619076385617951246e+02
-2.619076802261978969e+02
-2.619077482992508976e+02
-2.619077602404922800e+02
-2.619077831635522102e+02
-2.619079010277899897e+02
-2.619079119321406779e+02
-2.619079308710386726e+02
-2.619081160798842234e+02
-2.619081508451362765e+02
-2.619081794587431773e+02
-2.619081904325551022e+02
-2.619081989284795782e+02
-2.619082061040048188e+02
-2.619082061821392813e+02
-2.619082111705748162e+02
-2.619082202181164121e+02
-2.619082416113967042e+02
-2.619087243227884869e+02
-2.619087284412659073e+02
-2.619087592498353274e+02
-2.619087834099718179e+02
-2.619087949354131979e+02
-2.619088283755074258e+02
-2.619088425357779784e+02
-2.619088431105481050e+02
-2.619088755261208235e+02
-2.619088778346639970e+02
-2.619089521236987821e+02
-2.619089965637193131e+02
-2.619109441478190092e+02
-2.619110325376868218e+02
-2.619110492984149801e+02
-2.619115517359156229e+02
-2.619115702797934091e+02
-2.619115874051548758e+02
-2.619115978998152059e+02
-2.619116123063241162e+02
-2.619116280158581276e+02
-2.619116951553397143e+02
-2.619118270039688809e+02
-2.619118300640117241e+02
-2.619118437104605732e+02
-2.619118991364990734e+02
-2.619119050671355922e+02
-2.619119230717881806e+02
-2.619119250358642148e+02
-2.619119552177176047e+02
-2.619119575894571881e+02
-2.619119603381424213e+02
-2.619119605472101853e+02
-2.619119622590222889e+02
-2.619119626808441126e+02
-2.619119666891588736e+02
-2.619120120034057777e+02
-2.619120244441177761e+02
-2.619120659395239272e+02
-2.619121279857695868e+02
-2.619121699427860221e+02
-2.619121708771355088e+02
-2.619122067980555926e+02
-2.619122134985685761e+02
-2.619122171821626921e+02
-2.619122227188585725e+02
-2.619122278655751757e+02
-2.619122744678982144e+02
-2.619122748613502267e+02
-2.619123072744974934e+02
-2.619123177907837885e+02
-2.619123303933594116e+02
-2.619124102438926229e+02
-2.619124126170154909e+02
-2.619124293562896924e+02
-2.619124330447183979e+02
-2.619124452775507166e+02
-2.619125782825993838e+02
-2.619125793927610175e+02
-2.619125795717154119e+02
-2.619125938392945727e+02
-2.619126462538695250e+02
-2.619126472913831094e+02
-2.619126845698867214e+02
-2.619127149727494270e+02
-2.619127164831492109e+02
-2.619127472725751886e+02
-2.619127589428629221e+02
-2.619127633584059822e+02
-2.619127655949350810e+02
-2.619127675877870161e+02
-2.619128464629059181e+02
-2.619128527366314074e+02
-2.619128650428258993e+02
-2.619129141477495750e+02
-2.619129151419201094e+02
-2.619129585542124801e+02
-2.619129821070278012e+02
-2.619129849258771969e+02
-2.619129849741731277e+02
-2.619130095249535088e+02
-2.619130204611340105e+02
-2.619130284211739763e+02
-2.619130869577762724e+02
-2.619130897869554246e+02
-2.619131506197327894e+02
-2.619131531406990234e+02
-2.619131595140128752e+02
-2.619131604386856793e+02
-2.619131616319738782e+02
-2.619131947132822233e+02
-2.619132519922047777e+02
-2.619132570758517886e+02
-2.619132600606819778e+02
-2.619133173251390758e+02
-2.619133185188409811e+02
-2.619134488574853776e+02
-2.619134699930125976e+02
-2.619134746329066274e+02
-2.619135025347378019e+02
-2.619135634142227218e+02
-2.619135640193588870e+02
-2.619135657753151918e+02
-2.619135763540008952e+02
-2.619135773877695783e+02
-2.619135782391485918e+02
-2.619135791517198868e+02
-2.619135806771416242e+02
-2.619135829543391765e+02
-2.619135829840495262e+02
-2.619135848250668914e+02
-2.619135850149571070e+02
-2.619136150482465837e+02
-2.619136453738370278e+02
-2.619137017270409160e+02
-2.619137244786205088e+02
-2.619137508889805872e+02
-2.619137687899112166e+02
-2.619137781613366087e+02
-2.619137784178876132e+02
-2.619138021362244899e+02
-2.619138065772569917e+02
-2.619138071107324208e+02
-2.619138078923094781e+02
-2.619138183196093905e+02
-2.619138184396588827e+02
-2.619138277633978191e+02
-2.619138701702456160e+02
-2.619138706785428781e+02
-2.619138719085711955e+02
-2.619138723640136845e+02
-2.619138730775194972e+02
-2.619138923553347240e+02
-2.619138966859754873e+02
-2.619139186975568805e+02
-2.619139352588359202e+02
-2.619139536446663783e+02
-2.619140449484867759e+02
-2.619140450260986199e+02
-2.619140454793366075e+02
-2.619140478710897924e+02
-2.619141739230196890e+02
-2.619141740458725280e+02
-2.619142000350527724e+02
-2.619142070839853886e+02
-2.619142089095893766e+02
-2.619142175017486807e+02
-2.619142178347181016e+02
-2.619142182706759172e+02
-2.619142182583104841e+02
-2.619142825645196808e+02
-2.619143025465809842e+02
-2.619143034615195802e+02
-2.619143037565106056e+02
-2.619143040271262066e+02
-2.619143134032416924e+02
-2.619143436484234257e+02
-2.619143461825556187e+02
-2.619143567008447917e+02
-2.619143596405563130e+02
-2.619143664464684775e+02
-2.619143674692739978e+02
-2.619144108877360964e+02
-2.619144118810664850e+02
-2.619144120336861761e+02
-2.619144256698010054e+02
-2.619144400757177777e+02
-2.619144402872644832e+02
-2.619144404352538800e+02
-2.619144538418522075e+02
-2.619144732277928824e+02
-2.619144734284312221e+02
-2.619144750974435851e+02
-2.619144762635000916e+02
-2.619144762109664271e+02
-2.619144892788995094e+02
-2.619145017638995228e+02
-2.619145019059076276e+02
-2.619145161075754800e+02
-2.619145197406742227e+02
-2.619145197801819904e+02
-2.619145284031051801e+02
-2.619145286983102778e+02
-2.619145496107303188e+02
-2.619145798734098776e+02
-2.619145803653125881e+02
-2.619145806132672192e+02
-2.619145847139279795e+02
-2.619145888044627100e+02
-2.619145907661057890e+02
-2.619146215739348804e+02
-2.619146222384907219e+02
-2.619146387755442902e+02
-2.619146396736827000e+02
-2.619146400170004085e+02
-2.619146402193783274e+02
-2.619146407743963891e+02
-2.619146461712148835e+02
-2.619146488657946179e+02
-2.619146495845142226e+02
-2.619146621159566735e+02
-2.619146622316292223e+02
-2.619146637234389914e+02
-2.619146791263773935e+02
-2.619147006346345847e+02
-2.619147015422444156e+02
-2.619147020146858154e+02
-2.619147026264121791e+02
-2.619147028727007864e+02
-2.619147035158817971e+02
-2.619147035213488834e+02
-2.619147211637430814e+02
-2.619147423146720257e+02
-2.619147423443374123e+02
-2.619147549124352281e+02
-2.619147882003060772e+02
-2.619147906766905862e+02
-2.619148018742413910e+02
-2.619148051096181007e+02
-2.619148063305665914e+02
-2.619148458004817144e+02
-2.619148464104130767e+02
-2.619148473074458252e+02
-2.619148496135800883e+02
-2.619148496906748278e+02
-2.619148830583416725e+02
-2.619148830950450133e+02
-2.619148894670448158e+02
-2.619149153312598060e+02
-2.619149153912272823e+02
-2.619149160010836113e+02
-2.619149332698158901e+02
-2.619149334899162795e+02
-2.619149335502514759e+02
-2.619149432951315930e+02
-2.619149440319715154e+02
-2.619150230891485762e+02
-2.619150231445249233e+02
-2.619150594223871167e+02
-2.619150596576228054e+02
-2.619150596090373142e+02
-2.619150608134198137e+02
-2.619150879615128815e+02
-2.619151560263680949e+02
-2.619151663354205084e+02
-2.619151694342946826e+02
-2.619151772140315870e+02
-2.619151772939985108e+02
-2.619151780787710209e+02
-2.619151781703587858e+02
-2.619151813776845188e+02
-2.619151927557711019e+02
-2.619151939176480823e+02
-2.619151954383423799e+02
-2.619152324391361049e+02
-2.619152330595858871e+02
-2.619152341239691850e+02
-2.619152344470109028e+02
-2.619152358043476170e+02
-2.619152359309474036e+02
-2.619152359758509192e+02
-2.619152755391925780e+02
-2.619152824921508795e+02
-2.619152956435211763e+02
-2.619153012929813826e+02
-2.619153041690129271e+02
-2.619153050145134216e+02
-2.619153050497666868e+02
-2.619153073324768002e+02
-2.619153227487576032e+02
-2.619153285653645753e+02
-2.619153587918714265e+02
-2.619153953381804172e+02
-2.619153969587359825e+02
-2.619153978386664789e+02
-2.619153987459948780e+02
-2.619154046090133079e+02
-2.619154224258597878e+02
-2.619154443955474107e+02
-2.619154444122701761e+02
-2.619154444677109268e+02
-2.619154521792855235e+02
-2.619154521971270810e+02
-2.619154526480866139e+02
-2.619154541195454158e+02
-2.619154567633041779e+02
-2.619154676708400871e+02
-2.619154700441546879e+02
-2.619154726100921948e+02
-2.619154730081443745e+02
-2.619154774388538840e+02
-2.619154918695946890e+02
-2.619154946850310921e+02
-2.619154946418248073e+02
-2.619154956958511207e+02
-2.619155023332310748e+02
-2.619155309676842762e+02
-2.619156092352096152e+02
-2.619156092341826820e+02
-2.619156097791196771e+02
-2.619156157338899220e+02
-2.619155817434076994e+02
-2.619155233297385053e+02
-2.619154599378571220e+02
-2.619154169819768185e+02
-2.619153949088370723e+02
-2.619153594843135124e+02
-2.619153136667998751e+02
-2.619152948749741086e+02
-2.619152978188786847e+02
-2.619153105340283219e+02
-2.619152514746122051e+02
-2.619152319293656888e+02
-2.619152132451295074e+02
-2.619152008759751880e+02
-2.619152026579135963e+02
-2.619151885244471032e+02
-2.619151668651136902e+02
-2.619151352687749750e+02
-2.619151293717227986e+02
-2.619151306439022164e+02
-2.619152071479181814e+02
-2.619151684186593911e+02
-2.619151584630125171e+02
-2.619151667087626265e+02
-2.619151633109921136e+02
-2.619151920985593165e+02
-2.619151894771416096e+02
-2.619151832005753135e+02
-2.619151780189363876e+02
-2.619151673764421275e+02
-2.619151588522319116e+02
-2.619151631874208874e+02
-2.619151578006869272e+02
-2.619151477345682224e+02
-2.619151547688650794e+02
-2.619151762468455900e+02
-2.619151511859853940e+02
-2.619151552452913734e+02
-2.619151428392684124e+02
-2.619151588306667122e+02
-2.619151437810760967e+02
-2.619151292176230754e+02
-2.619151314426488284e+02
-2.619151455257340899e+02
-2.619151246722134943e+02
-2.619151778787741023e+02
-2.619151958902551200e+02
-2.619153407455082174e+02
-2.619153506827449860e+02
-2.619153636843925028e+02
-2.619153683654686802e+02
-2.619153791146936214e+02
-2.619153892274168243e+02
-2.619154066778546053e+02
-2.619154109155408037e+02
-2.619154196011893987e+02
-2.619154339325875185e+02
-2.619154355851276819e+02
-2.619154387060185059e+02
-2.619154452715368961e+02
-2.619154649920939733e+02
-2.619154745282198746e+02
-2.619154814417294119e+02
-2.619154866426742956e+02
-2.619155178211423163e+02
-2.619155315053333766e+02
-2.619155415196328818e+02
-2.619155796886926737e+02
-2.619155876372960279e+02
-2.619156575394632114e+02
-2.619156833765654824e+02
-2.619158796082028857e+02
-2.619158825523547875e+02
-2.619159027868290082e+02
-2.619159033614865848e+02
-2.619161604975071782e+02
-2.619161656862754057e+02
-2.619161906689025727e+02
-2.619161961432532166e+02
-2.619161971153706077e+02
-2.619161981154340992e+02
-2.619162009400038187e+02
-2.619162185919648778e+02
-2.619162199000322744e+02
-2.619162434399759718e+02
-2.619162699950230717e+02
-2.619163357220779744e+02
-2.619163389354968103e+02
-2.619163524827679908e+02
-2.619163588613893126e+02
-2.619163701077271185e+02
-2.619163828725997973e+02
-2.619164379926444894e+02
-2.619164387840958739e+02
-2.619164395327164243e+02
-2.619164435309551209e+02
-2.619164472628261819e+02
-2.619164693481744166e+02
-2.619164829727588995e+02
-2.619164865007650178e+02
-2.619164869941258758e+02
-2.619165500111491269e+02
-2.619165523314342749e+02
-2.619165790984791897e+02
-2.619165806956929146e+02
-2.619165846922463743e+02
-2.619166228469979956e+02
-2.619166733713091162e+02
-2.619166744849279098e+02
-2.619166798981174793e+02
-2.619166894349999097e+02
-2.619167145741357103e+02
-2.619167177769180057e+02
-2.619167207675006921e+02
-2.619167218473625098e+02
-2.619167282976047773e+02
-2.619167310623390108e+02
-2.619167349807573828e+02
-2.619167400036458275e+02
-2.619167415782379180e+02
-2.619167573059153256e+02
-2.619167825735526094e+02
-2.619168230281987917e+02
-2.619168252064014268e+02
-2.619168259988867931e+02
-2.619168282681699793e+02
-2.619168325957045909e+02
-2.619168359131588772e+02
-2.619168397176338203e+02
-2.619168662710292779e+02
-2.619168769936209742e+02
-2.619168790057905767e+02
-2.619168812844990839e+02
-2.619168833571753794e+02
-2.619168874613778257e+02
-2.619168982541633000e+02
-2.619168983288145114e+02
-2.619169047130305898e+02
-2.619169063528033234e+02
-2.619169112748675161e+02
-2.619169283385306812e+02
-2.619169285745060165e+02
-2.619169312019769222e+02
-2.619169331131184890e+02
-2.619169434786983857e+02
-2.619169730782841157e+02
-2.619169867481223264e+02
-2.619169956033728113e+02
-2.619169993935902880e+02
-2.619170011760298280e+02
-2.619170255212293910e+02
-2.619170448863267779e+02
-2.619170499775370899e+02
-2.619170513833150267e+02
-2.619170539344914914e+02
-2.619170544728377195e+02
-2.619170578369578948e+02
-2.619170598994393799e+02
-2.619170623596971268e+02
-2.619170627189573111e+02
-2.619170672122575070e+02
-2.619170781618523733e+02
-2.619170849952682261e+02
-2.619170862685389238e+02
-2.619173123562875958e+02
-2.619174256310096780e+02
-2.619174323823401096e+02
-2.619174355418761024e+02
-2.619174402559654027e+02
-2.619174439649635246e+02
-2.619174619572875145e+02
-2.619174653009487770e+02
-2.619174654611480264e+02
-2.619174683951750922e+02
-2.619174686812854134e+02
-2.619174689956512907e+02
-2.619174721472833198e+02
-2.619174728195388866e+02
-2.619174937643550152e+02
-2.619174953534442807e+02
-2.619175103502985280e+02
-2.619175106922647274e+02
-2.619175118323984179e+02
-2.619175171061551737e+02
-2.619175196849245140e+02
-2.619175417505175005e+02
-2.619175431703009167e+02
-2.619175479347875921e+02
-2.619175836283865806e+02
-2.619175861229704765e+02
-2.619175934285856897e+02
-2.619176033499348932e+02
-2.619176037536767012e+02
-2.619176084926821773e+02
-2.619176112417422928e+02
-2.619176212464511764e+02
-2.619176569106642205e+02
-2.619176589054994224e+02
-2.619176593613540831e+02
-2.619176737472695891e+02
-2.619176820991128238e+02
-2.619176827751841188e+02
-2.619176832698976796e+02
-2.619176842658307010e+02
-2.619176844787954792e+02
-2.619176882034723235e+02
-2.619176932771276824e+02
-2.619176938731582140e+02
-2.619177287722004053e+02
-2.619177327291401980e+02
-2.619177344380503882e+02
-2.619177362988818913e+02
-2.619177375509926833e+02
-2.619177374988349811e+02
-2.619177382432324066e+02
-2.619177498872850265e+02
-2.619177504206238041e+02
-2.619177510071983761e+02
-2.619177529117080780e+02
-2.619177556500268906e+02
-2.619177571578529751e+02
-2.619177586580968864e+02
-2.619177594246846184e+02
-2.619177608112067901e+02
-2.619177644640624862e+02
-2.619177654061596741e+02
-2.619177668390046279e+02
-2.619177669719667847e+02
-2.619177908472199192e+02
-2.619177980427750754e+02
-2.619178024644639891e+02
-2.619178092310747843e+02
-2.619178097247101960e+02
-2.619178111458767830e+02
-2.619178151697370822e+02
-2.619178175146391254e+02
-2.619178202384662200e+02
-2.619178220321109052e+02
-2.619178225190632929e+02
-2.619178244522494197e+02
-2.619178255009392728e+02
-2.619178263933687276e+02
-2.619178268611245244e+02
-2.619178276755071124e+02
-2.619178296132109836e+02
-2.619178325950259136e+02
-2.619178329525609001e+02
-2.619178380660803214e+02
-2.619178390855798284e+02
-2.619179185609066280e+02
-2.619179205550029792e+02
-2.619179238355459916e+02
-2.619179260864960952e+02
-2.619179260685368149e+02
-2.619179268730346166e+02
-2.619179281262744894e+02
-2.619179347101245980e+02
-2.619179372951788878e+02
-2.619179375501083769e+02
-2.619179398915599108e+02
-2.619179444321825940e+02
-2.619179622602487143e+02
-2.619179999053400252e+02
-2.619180074638221072e+02
-2.619180076515148130e+02
-2.619180077103943063e+02
-2.619180091872822800e+02
-2.619180102554860241e+02
-2.619180103767063770e+02
-2.619180139381774097e+02
-2.619180193744267058e+02
-2.619180396870361278e+02
-2.619180440584278813e+02
-2.619180440502644842e+02
-2.619180467177544074e+02
-2.619180867627982252e+02
-2.619180882153718244e+02
-2.619180891934245210e+02
-2.619180893583067018e+02
-2.619180897016556742e+02
-2.619180902930539787e+02
-2.619180972777576812e+02
-2.619180972782074264e+02
-2.619181313564401989e+02
-2.619181374762318910e+02
-2.619181388263951931e+02
-2.619181388603863070e+02
-2.619181388331580820e+02
-2.619181455267885781e+02
-2.619181498929070244e+02
-2.619181606011197800e+02
-2.619181609682922840e+02
-2.619181626760640142e+02
-2.619181774748255975e+02
-2.619181780152453030e+02
-2.619181806696865920e+02
-2.619181808284104136e+02
-2.619181823407921001e+02
-2.619181843753174803e+02
-2.619181913415781082e+02
-2.619181975726979772e+02
-2.619182012327506186e+02
-2.619182053590902228e+02
-2.619182053201694202e+02
-2.619182104942710794e+02
-2.619182201898241829e+02
-2.619182216262844918e+02
-2.619182217192914095e+02
-2.619182327040288101e+02
-2.619182329063743850e+02
-2.619182339351273754e+02
-2.619182341945997905e+02
-2.619182344225670818e+02
-2.619182353034287871e+02
-2.619182401165161878e+02
-2.619182408250085246e+02
-2.619182408310517189e+02
-2.619182408642269024e+02
-2.619182417051098923e+02
-2.619182418921490125e+02
-2.619182420269825116e+02
-2.619182541281571162e+02
-2.619182608142958770e+02
-2.619182617750457212e+02
-2.619183009626688090e+02
-2.619183010269836132e+02
-2.619183089158931921e+02
-2.619183113969356782e+02
-2.619183130758549964e+02
-2.619183212743362787e+02
-2.619183224044248277e+02
-2.619183224658751215e+02
-2.619183257973620016e+02
-2.619183397070112278e+02
-2.619183401743911759e+02
-2.619183401947352081e+02
-2.619183407629810176e+02
-2.619183410988985088e+02
-2.619183412782020923e+02
-2.619183415529176955e+02
-2.619183422841368269e+02
-2.619183424624055192e+02
-2.619183427565238844e+02
-2.619183432917167238e+02
-2.619183469978709127e+02
-2.619183472379705790e+02
-2.619183473792211885e+02
-2.619183476527958874e+02
-2.619183489772864277e+02
-2.619183494353425772e+02
-2.619183499232082113e+02
-2.619183502045563046e+02
-2.619183510681987741e+02
-2.619183523887472802e+02
-2.619184276519005721e+02
-2.619184277607990907e+02
-2.619184279888518176e+02
-2.619184286887518169e+02
-2.619184288804843845e+02
-2.619184298047384800e+02
-2.619184306794675763e+02
-2.619184327462352257e+02
-2.619184363342129132e+02
-2.619184367644218128e+02
-2.619184378516579841e+02
-2.619184381068749872e+02
-2.619184782947323811e+02
-2.619185031364784209e+02
-2.619185032120270193e+02
-2.619185035283517777e+02
-2.619185107003593771e+02
-2.619185123587636781e+02
-2.619185124566815830e+02
-2.619185151143374810e+02
-2.619185151873747941e+02
-2.619185157787736102e+02
-2.619185195869067115e+02
-2.619185196024998845e+02
-2.619185198731491937e+02
-2.619185230518805838e+02
-2.619185245000800819e+02
-2.619185251974229800e+02
-2.619185274228606772e+02
-2.619185275582365762e+02
-2.619185278049242811e+02
-2.619185280972686769e+02
-2.619185342925288751e+02
-2.619185343568566964e+02
-2.619185344955748747e+02
-2.619185372138525736e+02
-2.619185375695706171e+02
-2.619185376955476272e+02
-2.619185382501763115e+02
-2.619185389138456799e+02
-2.619185401865667018e+02
-2.619185404618614257e+02
-2.619185404694857766e+02
-2.619185404729170159e+02
-2.619185406258097828e+02
-2.619185424100343198e+02
-2.619185574352468961e+02
-2.619185575641889727e+02
-2.619185586589463242e+02
-2.619185589295192926e+02
