9.991530126904839548e-01
9.988965171263175513e-01
9.989107164551920270e-01
9.989442677142519322e-01
9.978714271015194370e-01
9.966327287576512983e-01
9.983641459469161372e-01
9.978915566944186466e-01
9.957270993820357408e-01
9.956322581494617685e-01
9.963326699204231307e-01
9.964948347139197526e-01
9.993641305889044979e-01
9.933133705932777335e-01
9.932458372016825798e-01
9.954380750627385144e-01
9.989509977782150968e-03
1.850918857185547550e-02
5.117772412192145466e-03
5.184748717945419569e-03
4.428590264766521685e-03
4.557541071798936611e-03
