-1.121790294336277157e+03
-1.121797258134635968e+03
-1.121798657623350891e+03
-1.121799574312087088e+03
-1.121800280846906844e+03
-1.121800822281188175e+03
-1.121801368042623835e+03
-1.121801707255376186e+03
-1.121802399372087848e+03
-1.121802708970073354e+03
-1.121803048007669076e+03
-1.121803321558599009e+03
-1.121803479383814192e+03
-1.121803653202071700e+03
-1.121803774520332581e+03
-1.121804232604592244e+03
-1.121804593527784164e+03
-1.121804780729364666e+03
-1.121804870835306474e+03
-1.121804917855013628e+03
-1.121804973582099819e+03
-1.121805218330710659e+03
-1.121805287537237291e+03
-1.121805323350474964e+03
-1.121805392579114596e+03
-1.121805454424917571e+03
-1.121805480013315446e+03
-1.121805520023253393e+03
-1.121805559786421327e+03
-1.121805578437685199e+03
-1.121805587143581533e+03
-1.121805622139015668e+03
-1.121805650745691992e+03
-1.121805659634968379e+03
-1.121805693111115261e+03
-1.121805699921162159e+03
-1.121805710385877092e+03
-1.121805713672797765e+03
-1.121805725254212348e+03
-1.121805731405291226e+03
-1.121805744506383917e+03
-1.121805750066202791e+03
-1.121805759990895467e+03
-1.121805765920874592e+03
-1.121805772766676910e+03
-1.121805777700316185e+03
-1.121805781356212265e+03
-1.121805730598347054e+03
-1.121805684784239020e+03
-1.121805641505518679e+03
-1.121805601436896723e+03
-1.121805566648341483e+03
-1.121805537540855539e+03
-1.121805554637397790e+03
-1.121805573460846972e+03
-1.121805587127071476e+03
-1.121805599336677915e+03
-1.121805615084414057e+03
-1.121805626314049960e+03
-1.121805636234040094e+03
-1.121805648767833418e+03
-1.121805659151373675e+03
-1.121805668412843943e+03
-1.121805678571541421e+03
-1.121805688049143782e+03
-1.121805696191775269e+03
-1.121805704863257006e+03
-1.121805712029963615e+03
-1.121805720767578123e+03
-1.121805725876828092e+03
-1.121805732584614589e+03
-1.121805738589564953e+03
-1.121805743813735717e+03
-1.121805750701650595e+03
-1.121805755128508508e+03
-1.121805762987052276e+03
-1.121805767620214738e+03
-1.121805772041709133e+03
-1.121805777906549565e+03
-1.121805781335925985e+03
-1.121805785339056911e+03
-1.121805789151783756e+03
-1.121805793297173750e+03
-1.121805797282331923e+03
-1.121805800125822770e+03
-1.121805805265966683e+03
-1.121805808243883121e+03
-1.121805811317560710e+03
-1.121805814359900523e+03
-1.121805817766776272e+03
-1.121805824556171046e+03
-1.121805827791591128e+03
