op     19   23   47   51   23   19   47   51                       -0.02469016469807906039                                                    
op     18   25   46   53   25   18   46   53                       -0.01655365987664968869                                                    
a_ia   46   53                                                      0.00346505442639052225                                                    
op     18   25   46   49   25   18   46   49                        0.00543395149177322827                                                    
op     18   23   46   51   23   18   46   51                       -0.00783337152378011867                                                    
a_ia   15   25                                                      0.00714216240368292007                                                    
a_ia   47   48                                                      0.00171631535867386182                                                    
a_ia   11   23                                                      0.00645525030378099607                                                    
a_ia   14   20                                                     -0.00331296759638135836                                                    
op     18   24   47   54   24   18   47   54                       -0.00671036121381501319                                                    
op     17   25   45   53   25   17   45   53                       -0.01082195382686457728                                                    
op     16   27   44   55   27   16   44   55                       -0.01468260716221487204                                                    
