op     19   23   47   51   23   19   47   51                       -0.02466371922213647996                                                    
op     18   25   46   53   25   18   46   53                       -0.01676533856465084460                                                    
a_ia   46   53                                                      0.00336033074373869598                                                    
op     18   25   46   49   25   18   46   49                        0.00544245145697938321                                                    
op     18   23   46   51   23   18   46   51                       -0.00782429325683970528                                                    
a_ia   15   25                                                      0.00719240251676517284                                                    
a_ia   47   48                                                      0.00162332013310323322                                                    
a_ia   11   23                                                      0.00633422513878307072                                                    
a_ia   14   20                                                     -0.00323125848132068197                                                    
op     18   24   47   54   24   18   47   54                       -0.00670227048209735658                                                    
op     17   25   45   53   25   17   45   53                       -0.01096716777918712964                                                    
op     16   27   44   55   27   16   44   55                       -0.01502427825153222415                                                    
a_ia   16   27                                                      0.00456872998206145180                                                    
a_ia   45   53                                                      0.00581245367669445522                                                    
