op     19   23   47   51   23   19   47   51                       -0.02468970538164679332                                                    
op     18   25   46   53   25   18   46   53                       -0.01654252926366565901                                                    
a_ia   46   53                                                      0.00354014501358222711                                                    
op     18   25   46   49   25   18   46   49                        0.00545381820152675799                                                    
op     18   23   46   51   23   18   46   51                       -0.00781796030091609119                                                    
a_ia   15   25                                                      0.00712633545219515819                                                    
a_ia   47   48                                                      0.00171189472530299458                                                    
a_ia   11   23                                                      0.00645430858162521128                                                    
a_ia   14   20                                                     -0.00333575692770726609                                                    
op     18   24   47   54   24   18   47   54                       -0.00671020234903891080                                                    
op     17   25   45   53   25   17   45   53                       -0.01082190314767277409                                                    
