9.999973207199686076e-01
9.999912446207822603e-01
9.999910648347843933e-01
9.980340128318367920e-01
9.973596954859190733e-01
9.955602489153991819e-01
9.962311382978111807e-01
9.958629769811208066e-01
9.978125828324033719e-01
9.954959755350585304e-01
9.957743573046308194e-01
9.883070932665732888e-01
9.952221835233625580e-01
9.946290380257003516e-01
9.824123352018196975e-01
9.773735354054183810e-01
2.880170983574007609e-02
1.813231935812154721e-02
4.755905767843321419e-03
3.100447124295096016e-03
6.748075704524278406e-03
1.284725259548076624e-03
2.234197311022483208e-03
2.155918063588650561e-03
3.454925442634904607e-03
2.335671163237678684e-03
9.897283267483040266e-04
3.686867195869742223e-03
2.482493379988931492e-03
3.616659914258619699e-03
3.449062840637068771e-03
2.716489528915731408e-03
