9.999994726606254991e-01
9.999960186600821421e-01
9.999900750222014967e-01
9.999879585535481619e-01
9.967153464473786917e-01
9.960447233144944512e-01
9.952661662062909365e-01
9.942142947784222695e-01
9.950534851989594198e-01
9.936648704055397463e-01
9.946895972133167341e-01
9.933865642257579953e-01
9.939764563832862443e-01
9.915163555519657113e-01
9.927714926915125471e-01
9.943211253180481712e-01
9.980645950467945671e-01
9.921972557215317234e-01
9.961139964328629137e-01
9.922345787349979851e-01
9.955274748354514536e-01
9.930285907604874396e-01
9.317949329007656906e-03
9.866134605920298672e-03
9.720399722910996049e-03
6.896089051279497353e-03
5.458690875078277618e-03
5.554366410147580646e-03
5.641164594630529439e-03
4.198140001343574935e-03
2.499752036448817973e-03
2.443653726650721857e-03
4.305209596898396107e-03
5.477704090568196078e-03
2.169850285338734922e-03
4.240759275079981558e-03
3.356346294041268399e-03
1.389630114390539998e-03
2.397926795724094999e-03
3.965427898544547462e-03
2.114006791082837129e-03
4.649955652456027461e-03
2.454681809345496662e-03
3.121666878259606471e-03
