-4.224391990943598785e+02
-4.224752458698660007e+02
-4.225056842922493274e+02
-4.225236191932523866e+02
-4.225344123727924739e+02
-4.225461224621359975e+02
-4.225526912304175085e+02
-4.225595443220482821e+02
-4.225650636901614803e+02
-4.225685228200214851e+02
-4.225722554735793892e+02
-4.225755172929985974e+02
-4.225764154897145204e+02
-4.225823027502419222e+02
-4.225837885447252802e+02
-4.225861735148728258e+02
-4.225898356329300896e+02
-4.225911468898560202e+02
-4.225915911505406939e+02
-4.225939181619443730e+02
-4.225940417725266229e+02
-4.225953384609238128e+02
-4.225954684274082069e+02
-4.225962024588068857e+02
-4.225984995325229079e+02
-4.225993118582669013e+02
-4.225998576873701040e+02
-4.225999169089068914e+02
-4.226000995712308850e+02
-4.226001439382552007e+02
-4.226002833155083067e+02
-4.226003746793031155e+02
-4.226004355968956929e+02
-4.226013858048302154e+02
-4.226014251694300015e+02
-4.226019363373742976e+02
-4.226019683132764726e+02
-4.226041626083255096e+02
-4.226041815475061867e+02
-4.226042489679322216e+02
-4.226053812314752918e+02
-4.226054196126618194e+02
-4.226055157874378096e+02
-4.226057746733623048e+02
-4.226058046404494917e+02
-4.226058487220537927e+02
-4.226058871079823120e+02
-4.226059431173738972e+02
-4.226059948717236239e+02
-4.226060429034500885e+02
-4.226060658869790245e+02
-4.226060765258758920e+02
-4.226061138317297150e+02
-4.226061436825517035e+02
-4.226061890786053254e+02
-4.226062097711500769e+02
-4.226062591464502134e+02
-4.226062831599255105e+02
-4.226062929486965913e+02
-4.226063222703713791e+02
-4.226063500125338805e+02
-4.226063666395103269e+02
-4.226063974870838820e+02
-4.226064091022420826e+02
-4.226064134836003063e+02
-4.226064299050930231e+02
-4.226064432710197138e+02
-4.226064576046256889e+02
-4.226064794472052881e+02
-4.226064849421948111e+02
-4.226064940294094754e+02
-4.226065074056471076e+02
-4.226065178045876110e+02
-4.226069802621893814e+02
-4.226070002135638219e+02
-4.226080206238323171e+02
-4.226080389822657253e+02
-4.226080479934915957e+02
-4.226080550274422194e+02
-4.226080685673392736e+02
-4.226081107511566870e+02
-4.226081231580010922e+02
-4.226081431438141180e+02
-4.226081482482489946e+02
-4.226081768040460247e+02
-4.226081816689580251e+02
-4.226081864823507885e+02
-4.226081988097373028e+02
-4.226082100783357873e+02
-4.226082218314919032e+02
-4.226082314154797928e+02
-4.226082356940411842e+02
-4.226082486991110159e+02
-4.226082660030215834e+02
-4.226082709001124726e+02
-4.226082886474433167e+02
-4.226083441994123859e+02
-4.226083562587421056e+02
-4.226083960851042889e+02
-4.226084066784853235e+02
-4.226084149013822184e+02
-4.226084253522760719e+02
-4.226084272516554847e+02
-4.226084722953000892e+02
-4.226084838032030007e+02
-4.226084892146386096e+02
-4.226085253177516847e+02
-4.226085586364608844e+02
-4.226109376380442768e+02
-4.226109480753200955e+02
-4.226109542791413105e+02
-4.226109595602953846e+02
-4.226109714765977969e+02
-4.226109775693486768e+02
-4.226109927186532218e+02
-4.226109996475092885e+02
-4.226110117720833728e+02
-4.226117711541883750e+02
-4.226117732889309195e+02
-4.226117912536479935e+02
-4.226151060828548793e+02
-4.226151108222059065e+02
-4.226153149793224770e+02
-4.226153249574168740e+02
-4.226155856261569284e+02
-4.226155882908989838e+02
-4.226155942656137086e+02
-4.226185356984495911e+02
-4.226185460030416152e+02
-4.226185536920359027e+02
-4.226185592141565053e+02
-4.226185641698347126e+02
-4.226185699318634761e+02
-4.226185897738491803e+02
-4.226185936407885038e+02
-4.226186004974368871e+02
-4.226186019151152777e+02
-4.226186092460569057e+02
-4.226186239896608754e+02
-4.226186525470789093e+02
-4.226186563738600057e+02
-4.226186589751812903e+02
-4.226186653802301976e+02
-4.226186676657900989e+02
-4.226206254278130245e+02
-4.226206272167551106e+02
-4.226206384960548235e+02
-4.226206415694638281e+02
-4.226206450122188016e+02
-4.226206747201462122e+02
-4.226206920327654188e+02
-4.226206939329014176e+02
-4.226206977255499169e+02
-4.226207274223294235e+02
-4.226207364686774781e+02
-4.226207418413346204e+02
-4.226207436522026910e+02
-4.226207442407205122e+02
-4.226207466506436958e+02
-4.226207522551341071e+02
-4.226207553004953752e+02
-4.226207669459092813e+02
-4.226207933862489767e+02
-4.226207955094197928e+02
-4.226207986128072776e+02
-4.226208079002287832e+02
-4.226208087230140222e+02
-4.226208122387545245e+02
-4.226208198264848193e+02
-4.226208244110824239e+02
-4.226208319383871981e+02
-4.226208391146536201e+02
-4.226208424533190851e+02
-4.226208463543297853e+02
-4.226209298366438816e+02
-4.226209319498016725e+02
-4.226209734137219129e+02
-4.226209798104820834e+02
-4.226209923661199923e+02
-4.226210002632751070e+02
-4.226210042702791156e+02
-4.226210058519985751e+02
-4.226210185176714731e+02
-4.226210198994061784e+02
-4.226210288862642983e+02
-4.226210439139725850e+02
-4.226210462040714901e+02
-4.226210506476655269e+02
-4.226210519888239787e+02
-4.226210564323254744e+02
-4.226210587316978149e+02
-4.226210593669545119e+02
-4.226210618017777279e+02
-4.226210679473995810e+02
-4.226210701705783208e+02
-4.226210937099833131e+02
-4.226210973007736129e+02
-4.226211042433316720e+02
-4.226210350291265172e+02
-4.226209718904332249e+02
-4.226209176188140759e+02
-4.226208687975367866e+02
-4.226208219455177755e+02
-4.226207704969374959e+02
-4.226207281363950869e+02
-4.226206852788973265e+02
-4.226206423224277273e+02
-4.226205847710049284e+02
-4.226205476600836164e+02
-4.226205251031894932e+02
-4.226205016169735131e+02
-4.226204742487137196e+02
-4.226204401431747897e+02
-4.226203919114778955e+02
-4.226203728755000952e+02
-4.226203593797325198e+02
-4.226203299621748783e+02
-4.226203160030058257e+02
-4.226202719887596118e+02
-4.226202615565310907e+02
-4.226202235501215796e+02
-4.226202199827317827e+02
-4.226201915970800087e+02
-4.226201891324952840e+02
-4.226201555200817097e+02
-4.226201544433745880e+02
-4.226201425075922202e+02
-4.226201270373429111e+02
-4.226201109533145086e+02
-4.226201020272408186e+02
-4.226201012829250772e+02
-4.226201260481611257e+02
-4.226201132968686238e+02
-4.226200885084844003e+02
-4.226201108699194151e+02
-4.226201129172131914e+02
-4.226200829321804235e+02
-4.226200803135754995e+02
-4.226200843724096217e+02
-4.226200691729047207e+02
-4.226200656977284211e+02
-4.226200448510384149e+02
-4.226200592017058852e+02
-4.226200482683839823e+02
-4.226200612175629203e+02
-4.226200737434364214e+02
-4.226200696119851159e+02
-4.226200332956959755e+02
-4.226200313118234249e+02
-4.226200548174170990e+02
-4.226200482041198256e+02
-4.226200475440019204e+02
-4.226200435883462205e+02
-4.226200544071775766e+02
-4.226200487685753728e+02
-4.226200497358669281e+02
-4.226200322044634277e+02
-4.226200227976439123e+02
-4.226200392434097921e+02
-4.226200474903064901e+02
-4.226200290311190884e+02
-4.226200226608867752e+02
-4.226200270632704132e+02
-4.226200333557113140e+02
-4.226200638001275252e+02
-4.226200330210415927e+02
-4.226200349448243969e+02
-4.226200371045322868e+02
-4.226200382396684176e+02
-4.226200355158617867e+02
-4.226200292468166140e+02
-4.226200504711819121e+02
-4.226200534207868031e+02
-4.226200368792149789e+02
-4.226200477544207956e+02
-4.226200469820201988e+02
-4.226200348514545908e+02
-4.226200199290370279e+02
-4.226200530713592229e+02
-4.226200196677273766e+02
-4.226200298528798953e+02
-4.226200246236268185e+02
-4.226200044678727181e+02
-4.226200125227186959e+02
-4.226200335869871196e+02
-4.226200301828394004e+02
-4.226200569003403871e+02
-4.226200446565756010e+02
-4.226200473333407786e+02
-4.226200204032439274e+02
-4.226200017920261871e+02
-4.226200560240769732e+02
-4.226200529137441890e+02
-4.226200162051952134e+02
-4.226200195145387966e+02
-4.226200213093085267e+02
-4.226200225823600931e+02
-4.226200393289032036e+02
-4.226200592653494255e+02
-4.226200408830243873e+02
-4.226200210894974134e+02
-4.226200580584308000e+02
-4.226200483748635861e+02
-4.226200247903262834e+02
-4.226200872237827753e+02
-4.226200282256792207e+02
-4.226200142622375893e+02
-4.226200429499928077e+02
-4.226200476936826931e+02
-4.226200323651520989e+02
-4.226200372983802822e+02
-4.226200592218713155e+02
-4.226200550639447897e+02
-4.226209430790838724e+02
-4.226200356513559768e+02
-4.226200304204880922e+02
-4.226200543572502966e+02
-4.226200207926975736e+02
-4.226200338777300090e+02
-4.226200126090491267e+02
-4.226200526294098836e+02
-4.226209595029047819e+02
-4.226200550984202096e+02
-4.226200448061446195e+02
-4.226200536541110182e+02
-4.226200550473598128e+02
-4.226200331185668233e+02
-4.226200317384850109e+02
-4.226200128330694952e+02
-4.226200510864078979e+02
-4.226200323744585035e+02
-4.226200252571916280e+02
-4.226200344874649204e+02
-4.226200360454624274e+02
-4.226200560487081930e+02
-4.226200297817973137e+02
-4.226200465780526088e+02
-4.226200403155357890e+02
-4.226200275517568912e+02
-4.226200198029588933e+02
-4.226200270907456797e+02
-4.226200356471953228e+02
-4.226200633754500018e+02
-4.226200426640093042e+02
-4.226200218320859108e+02
-4.226200418967483756e+02
-4.226200385223580156e+02
-4.226200162334120023e+02
-4.226200433454380914e+02
-4.226200507735384804e+02
-4.226200231600212192e+02
-4.226200282777605821e+02
-4.226200412763793111e+02
-4.226200518450859818e+02
-4.226200368045658138e+02
-4.226200694468640791e+02
-4.226200337807164260e+02
-4.226200371657466803e+02
-4.226200284287253908e+02
-4.226200367214203766e+02
-4.226200360345274021e+02
-4.226200543778152792e+02
-4.226200607652509120e+02
-4.226200495276672200e+02
-4.226200225514343742e+02
-4.226200384296648167e+02
-4.226200361621288835e+02
-4.226200349391336886e+02
-4.226200497131949874e+02
-4.226200346496511884e+02
-4.226200261906976721e+02
-4.226200265008807833e+02
-4.226200285267120194e+02
-4.226200453889599089e+02
-4.226200430236663124e+02
-4.226200711845295928e+02
-4.226200607740696000e+02
-4.226200400881713222e+02
-4.226200211025496856e+02
-4.226200207469743759e+02
-4.226200103490584183e+02
-4.226200546485940777e+02
-4.226200290914244988e+02
-4.226200389634486214e+02
-4.226200478443162183e+02
-4.226200731683381946e+02
-4.226200614348794034e+02
-4.226200209854570176e+02
-4.226200380178834166e+02
-4.226200295466953207e+02
-4.226200339480229218e+02
-4.226200317839944205e+02
-4.226200257939809717e+02
-4.226200149514411919e+02
-4.226200071089975836e+02
-4.226200450491974721e+02
-4.226200473542941722e+02
-4.226200227096608728e+02
-4.226200579159091149e+02
-4.226200291532892948e+02
-4.226200358918413258e+02
-4.226200346832270043e+02
-4.226200566501103140e+02
-4.226200644390082743e+02
-4.226209948860301893e+02
-4.226200265658305852e+02
-4.226200679164090275e+02
-4.226200426266025261e+02
-4.226200975523913144e+02
-4.226200205286415894e+02
-4.226200705459655751e+02
-4.226200069867269917e+02
-4.226200330818845146e+02
-4.226200346084797843e+02
-4.226200564640628272e+02
-4.226200368174743858e+02
-4.226200336349485838e+02
-4.226200412724023181e+02
-4.226200220898733164e+02
-4.226200466411361276e+02
-4.226200470778219938e+02
-4.226200300662857785e+02
-4.226200318920173800e+02
