op      8    9   26   27    9    8   26   27                       -0.06864234968787087665                                                    
op      7   10   25   28   10    7   25   28                       -0.02295067099404448502                                                    
mvp2    5   10   26   27   10    5   26   27                       -0.04387651373287833334   -0.48252077704986640061                          
mvp2    5   10   23   28   10    5   23   28                       -0.01755013121266537149    0.69222064205977051898                          
a_ia   26   27                                                      0.00078574344072848299                                                    
op      6   10   24   28   10    6   24   28                       -0.02046102473048406339                                                    
mvp2    5    9   26   28    9    5   26   28                       -0.02937405302249809780   -0.83566338547056373542                          
mvp2    5    9   23   27    9    5   23   27                       -0.03744767819555105265   -0.60535447107573436831                          
mvp2    7   16   26   27   16    7   26   27                        0.03175028956921008283    0.45417624280054391672                          
a_ia    7   16                                                      0.00116145592871563785                                                    
mvp2    6   16   26   27   16    6   26   27                        0.00330807325333047891    0.09141854733588372639                          
mvp2    7   16   25   34   16    7   25   34                       -0.02099764108789416509    0.85506555533441874761                          
mvp2    6   17   26   27   17    6   26   27                       -0.02386278322871593360   -0.52037078191549768214                          
mvp2    6   17   24   35   17    6   24   35                       -0.02143020839513708892    0.86101852062589290249                          
a_ia    6   17                                                     -0.00036186061756309185                                                    
mvp2    6   16   24   34   16    6   24   34                       -0.00566752600629626038    0.96992636356969952338                          
mvp2    7   16   24   34   16    7   24   34                       -0.00740835367795853513    0.16301416016979047852                          
mvp2    7   13   26   27   13    7   26   27                       -0.00652756453023896170   -0.12789079805181524652                          
mvp2    6   17   24   34   17    6   24   34                        0.00606205724248755351    0.12749602812309177025                          
mvp2    5   17   23   35   17    5   23   35                       -0.01098247883642658289    0.99498402269024333044                          
a_ia   26   27                                                      0.00226150964914694028                                                    
mvp2    6   13   26   27   13    6   26   27                        0.01199340101377870983    0.23683547154864828532                          
a_ia    6    7                                                     -0.36471087091933662716                                                    
mvp2    5   16   23   34   16    5   23   34                       -0.01065888997393760716    0.46949059067210385798                          
a_ia   24   25                                                     -0.31739439140711400711                                                    
mvp2    7   15   26   27   15    7   26   27                       -0.01569862921535060754   -0.39072038718066470775                          
mvp2    7   17   24   34   17    7   24   34                        0.01321853914823436019    0.06420127376782107376                          
mvp2    7   15   25   33   15    7   25   33                       -0.01316827232334377012    0.68878281855541956258                          
a_ia    5   16                                                     -0.00029757389135026842                                                    
mvp2    6   10   23   35   10    6   23   35                       -0.02117222938427417225    0.01901815856901187610                          
op      4    9   20   35    9    4   20   35                       -0.00068897952855204517                                                    
mvp2    7   13   25   33   13    7   25   33                       -0.00839869454441330605    0.00508613404932827234                          
a_ia   25   33                                                     -0.00067879080338631133                                                    
mvp2    7   15   25   31   15    7   25   31                       -0.00783694203191800248    0.78526115913298188964                          
mvp2    4    9   19   28    9    4   19   28                       -0.00163111890494383339    0.06787890387430491057                          
mvp2    7   13   25   31   13    7   25   31                       -0.00687463263696606614    0.02800325302505145275                          
a_ia    4    9                                                      0.00044441806980495156                                                    
mvp2    7   16   25   33   16    7   25   33                        0.01054262644007504870    0.09187492225611477992                          
mvp2    5   10   23   35   10    5   23   35                        0.00558933337264234768   -0.13401434520750596380                          
mvp2    7   10   25   33   10    7   25   33                        0.01414674908900794524    0.11638876651950723351                          
a_ia   10   12                                                      0.20717539433126375137                                                    
mvp2    7   10   23   34   10    7   23   34                        0.01513846433329011851    0.00973602950423422923                          
a_ia    8   11                                                      0.00091276439768959126                                                    
a_ia   29   35                                                      0.20487051257584809605                                                    
a_ia    5    8                                                      0.07534370364704788547                                                    
a_ia    4    8                                                      0.03816800927870810795                                                    
a_ia    9   11                                                      0.00133609352174887154                                                    
