op      8    9   26   27    9    8   26   27                       -0.06589641141028794447                                                    
op      7   10   25   28   10    7   25   28                       -0.02143916893970966922                                                    
mvp2    5   10   26   27   10    5   26   27                       -0.02720262798040348762   -0.51997681682106999812                          
mvp2    5   10   23   28   10    5   23   28                       -0.01598769558858842421    0.67825742334440097814                          
a_ia   26   27                                                      0.00262035913194579983                                                    
op      6   10   24   28   10    6   24   28                       -0.02029460479044995977                                                    
mvp2    5    9   26   28    9    5   26   28                       -0.02145091764806806092   -0.78350997062468363819                          
mvp2    5    9   23   27    9    5   23   27                       -0.02910398068931088073   -0.55912247268140302658                          
mvp2    7   16   26   27   16    7   26   27                        0.01784437109004145816    0.30619027207970284099                          
a_ia    7   16                                                      0.00194278113787127579                                                    
mvp2    6   16   26   27   16    6   26   27                        0.01171643656931088857    0.19086491402739536039                          
