op      8    9   26   27    9    8   26   27                       -0.06656844994447472241                                                    
op      7   10   25   28   10    7   25   28                       -0.02108794622975877081                                                    
mvp2    5   10   26   27   10    5   26   27                       -0.03240461227622035145   -0.49894579504039621165                          
mvp2    5   10   23   28   10    5   23   28                       -0.01595709358581733073    0.66764218929975138739                          
a_ia   26   27                                                      0.00271522087231368349                                                    
op      6   10   24   28   10    6   24   28                       -0.02079374569836361583                                                    
mvp2    5    9   26   28    9    5   26   28                       -0.02370021684868231157   -0.83152376500569236129                          
mvp2    5    9   23   27    9    5   23   27                       -0.03175440465527806094   -0.53636539145833284081                          
mvp2    7   16   26   27   16    7   26   27                        0.02304121333945046562    0.43645144538042190963                          
a_ia    7   16                                                      0.00250489758745836913                                                    
mvp2    6   16   26   27   16    6   26   27                        0.01171515239335454983    0.18631140186693870286                          
mvp2    7   16   25   34   16    7   25   34                       -0.01507351902080051632    0.79611584543001612246                          
mvp2    6   17   26   27   17    6   26   27                       -0.01797396262158588651   -0.32222766073512298934                          
