op      8    9   26   27    9    8   26   27                       -0.06867839114324772454                                                    
op      7   10   25   28   10    7   25   28                       -0.02290591092245265747                                                    
mvp2    5   10   26   27   10    5   26   27                       -0.04306410099104298478   -0.48668555838062915742                          
mvp2    5   10   23   28   10    5   23   28                       -0.01701933690183392300    0.68234574373636902589                          
a_ia   26   27                                                      0.00069865054826783596                                                    
op      6   10   24   28   10    6   24   28                       -0.02031348873279912801                                                    
mvp2    5    9   26   28    9    5   26   28                       -0.02739259869179650267   -0.84502646046198015561                          
mvp2    5    9   23   27    9    5   23   27                       -0.03612160282220844287   -0.58857397195372573862                          
mvp2    7   16   26   27   16    7   26   27                        0.03190283087424963804    0.44251577085399262934                          
a_ia    7   16                                                      0.00112925291738020682                                                    
mvp2    6   16   26   27   16    6   26   27                        0.00335399583926567239    0.09658573303612973115                          
mvp2    7   16   25   34   16    7   25   34                       -0.02066374153601330602    0.83413372039542765801                          
mvp2    6   17   26   27   17    6   26   27                       -0.02369937738463457136   -0.50149760096726603287                          
mvp2    6   17   24   35   17    6   24   35                       -0.02119671962275349389    0.84919435512566521229                          
a_ia    6   17                                                     -0.00051943342879329332                                                    
mvp2    6   16   24   34   16    6   24   34                       -0.00560530881720174273    0.96040024290057002254                          
mvp2    7   16   24   34   16    7   24   34                       -0.00746234064140752652    0.15123280987218815086                          
mvp2    7   13   26   27   13    7   26   27                       -0.00626788667863475719   -0.12273416388684395273                          
mvp2    6   17   24   34   17    6   24   34                        0.00629454999869089211    0.12414075015839515226                          
mvp2    5   17   23   35   17    5   23   35                       -0.01121827770916605099    0.64736467706273426170                          
a_ia   26   27                                                      0.00225832658952893192                                                    
mvp2    6   13   26   27   13    6   26   27                        0.01204914213932179942    0.23432540983070626606                          
a_ia    6    7                                                     -0.37463506669529400561                                                    
mvp2    5   16   23   34   16    5   23   34                       -0.01081599852130086040    0.03547758020850907273                          
a_ia   24   25                                                     -0.31168855205084255999                                                    
mvp2    7   15   26   27   15    7   26   27                       -0.01567205007807990352   -0.38901577026792233394                          
mvp2    7   17   24   34   17    7   24   34                        0.01317693147572825650    0.07294557269826801305                          
mvp2    7   15   25   33   15    7   25   33                       -0.01290353550244491103    0.66794291993590526602                          
a_ia    5   16                                                     -0.00047044603389954540                                                    
mvp2    6   10   23   35   10    6   23   35                       -0.01811063146742260960    0.03394591910320648998                          
op      4    9   20   35    9    4   20   35                       -0.00184039282803544332                                                    
mvp2    7   13   25   33   13    7   25   33                       -0.00849494851426070736   -0.01382221337812714404                          
a_ia   25   33                                                     -0.00069621516518094447                                                    
mvp2    7   15   25   31   15    7   25   31                       -0.00801939847087996573    0.78728351600175339176                          
mvp2    4    9   19   28    9    4   19   28                       -0.00130829175087345288    0.01989191078512630301                          
mvp2    7   13   25   31   13    7   25   31                       -0.00683551793912407380    0.03069277538618406242                          
a_ia    4    9                                                      0.00010326485941494736                                                    
mvp2    7   16   25   33   16    7   25   33                        0.01047248472196723491    0.07407814129019597849                          
mvp2    5   10   23   35   10    5   23   35                        0.00534610739067792416   -0.14782223867023949748                          
mvp2    7   10   25   33   10    7   25   33                        0.01412394414043804600    0.09598517964255916246                          
a_ia   10   12                                                      0.21083108327371072321                                                    
mvp2    7   10   23   34   10    7   23   34                        0.01190824829014317660    0.00778597527115303546                          
a_ia    8   11                                                      0.00097396500439173321                                                    
a_ia   29   35                                                      0.03429563915939572161                                                    
