op      8    9   26   27    9    8   26   27                       -0.06815547083016681995                                                    
op      7   10   25   28   10    7   25   28                       -0.02122254792829284670                                                    
mvp2    5   10   26   27   10    5   26   27                       -0.03794344784543106364   -0.48053179736240381192                          
mvp2    5   10   23   28   10    5   23   28                       -0.01618729625111042444    0.66862887887693955857                          
a_ia   26   27                                                      0.00265349088835945207                                                    
op      6   10   24   28   10    6   24   28                       -0.02041594994017963474                                                    
mvp2    5    9   26   28    9    5   26   28                       -0.02410293746253016484   -0.91046476727047709332                          
mvp2    5    9   23   27    9    5   23   27                       -0.03557252832827159650   -0.53414780616049617468                          
mvp2    7   16   26   27   16    7   26   27                        0.02479103893105094603    0.39995341177363125107                          
a_ia    7   16                                                      0.00214755195186658266                                                    
mvp2    6   16   26   27   16    6   26   27                        0.01373327386160067692    0.26324162636779829816                          
mvp2    7   16   25   34   16    7   25   34                       -0.01518124392106824996    0.80099480960192326329                          
mvp2    6   17   26   27   17    6   26   27                       -0.02122765783327973388   -0.45940690941932305069                          
mvp2    6   17   24   35   17    6   24   35                       -0.01877538406684944525    0.82123744462577219494                          
a_ia    6   17                                                     -0.00150428000158692675                                                    
mvp2    6   16   24   34   16    6   24   34                       -0.01180231657617764746    0.68671022756440103230                          
mvp2    7   16   24   34   16    7   24   34                       -0.00945111778970729975    0.02014993839218634161                          
mvp2    7   13   26   27   13    7   26   27                       -0.01008287747885379393   -0.20213876101586902845                          
