op      8    9   26   27    9    8   26   27                       -0.06896026167239562021                                                    
op      7   10   25   28   10    7   25   28                       -0.02661619357707840222                                                    
mvp2    5   10   26   27   10    5   26   27                       -0.04829337139130499695   -0.50644473628334207849                          
mvp2    5   10   23   28   10    5   23   28                       -0.01970669554834712789    0.65758104859441834922                          
a_ia   26   27                                                      0.00036636253417799184                                                    
op      6   10   24   28   10    6   24   28                       -0.02275852097921196582                                                    
mvp2    5    9   26   28    9    5   26   28                       -0.03184775911185651343   -0.73898976227217738622                          
mvp2    5    9   23   27    9    5   23   27                       -0.03616029036704924982   -0.60033577190013343028                          
mvp2    7   16   26   27   16    7   26   27                        0.02835127271192182385    0.44137397532439132108                          
a_ia    7   16                                                      0.00100422307018638020                                                    
mvp2    6   16   26   27   16    6   26   27                        0.00765394840586666736    0.17594323568392583601                          
mvp2    7   16   25   34   16    7   25   34                       -0.02154138696285173502    0.97397878063984688612                          
mvp2    6   17   26   27   17    6   26   27                       -0.02557956332497761040   -0.54541717501664599421                          
mvp2    6   17   24   35   17    6   24   35                       -0.02142608724479636712    0.83977676782853061255                          
a_ia    6   17                                                     -0.00055910779799320058                                                    
mvp2    6   16   24   34   16    6   24   34                       -0.00638825619263605048    1.03819594674973925130                          
mvp2    7   16   24   34   16    7   24   34                       -0.00741844076919080837    0.09305958512337075828                          
mvp2    7   13   26   27   13    7   26   27                       -0.00847785607518193075   -0.17392959311287126134                          
mvp2    6   17   24   34   17    6   24   34                        0.00613080169876863926    0.23070957534426575486                          
mvp2    5   17   23   35   17    5   23   35                       -0.01164802069694470706    1.01796996280581475425                          
a_ia   26   27                                                      0.00248398237779808581                                                    
mvp2    6   13   26   27   13    6   26   27                        0.01292355361766930021    0.25650416031918765736                          
a_ia    6    7                                                     -0.35420947833896249124                                                    
mvp2    5   16   23   34   16    5   23   34                       -0.01095266535229893860    1.24270980309388590079                          
a_ia   24   25                                                     -0.30274770993449146017                                                    
mvp2    7   15   26   27   15    7   26   27                       -0.01876918231871207640   -0.45204937111979892617                          
mvp2    7   17   24   34   17    7   24   34                        0.01206194285334005051    0.13070299909871058164                          
mvp2    7   15   25   33   15    7   25   33                       -0.00925855288763119920    0.56362022166862724148                          
a_ia    5   16                                                     -0.00042360233660234043                                                    
mvp2    6   10   23   35   10    6   23   35                       -0.02435569153488522168    0.07483175915713387305                          
op      4    9   20   35    9    4   20   35                       -0.00291140073275492593                                                    
mvp2    7   13   25   33   13    7   25   33                       -0.00978749300873281956    0.16818630056695979547                          
a_ia   25   33                                                     -0.00102355800847180067                                                    
mvp2    7   15   25   31   15    7   25   31                       -0.00954556229487815017    0.94990518325905959340                          
mvp2    4    9   19   28    9    4   19   28                       -0.00090148990727771129    0.36587017960372397729                          
mvp2    7   13   25   31   13    7   25   31                       -0.00789352562511523234    0.03671151662725010562                          
a_ia    4    9                                                      0.00063738003252911579                                                    
mvp2    7   16   25   33   16    7   25   33                        0.01057785140207654490    0.26086280900332070587                          
mvp2    5   10   23   35   10    5   23   35                        0.00569716613926150514   -0.08813921864066880107                          
mvp2    7   10   25   33   10    7   25   33                        0.01502809336338749649    0.46804574404265492094                          
a_ia   10   12                                                      0.19900732752996330710                                                    
mvp2    7   10   23   34   10    7   23   34                        0.01745329452245345317    0.05188621174977332828                          
a_ia    8   11                                                      0.00084782411634039376                                                    
a_ia   29   35                                                      0.16798354720024374909                                                    
a_ia    5    8                                                      0.05885778150303743600                                                    
a_ia    4    8                                                      0.03671468678419046588                                                    
a_ia    9   11                                                      0.02241576983220002275                                                    
mvp2    6   10   23   34   10    6   23   34                        0.01139934894557753306   -0.07102330387891686581                          
a_ia    2    6                                                      0.04047172444216210613                                                    
mvp2    7   16   25   31   16    7   25   31                        0.00766410806383210561    0.31359349463043517670                          
a_ia   19   28                                                      0.00043520817278696418                                                    
mvp2    6   10   24   34   10    6   24   34                        0.00985985506225510455    0.03810328559415447625                          
mvp2    7   10   24   34   10    7   24   34                        0.00557566107623897259    0.08682683908581889654                          
mvp2    6   17   24   31   17    6   24   31                        0.00767573628265050007   -0.43787785973540399587                          
mvp2    5   10   23   33   10    5   23   33                        0.00557759017022475215   -0.24933241197708133630                          
a_ia   19   28                                                      0.00016095749072914827                                                    
a_ia   20   24                                                      0.03868396000316211281                                                    
mvp2    5   10   23   34   10    5   23   34                        0.00410941621843710983   -0.22135833350022340871                          
a_ia    3    7                                                     -0.03640410510899202978                                                    
mvp2    4    9   22   27    9    4   22   27                       -0.00346293482280447210    0.05388261352349503486                          
mvp2    2   17   22   27   17    2   22   27                       -0.00141983810091563314    0.00612648588864903205                          
a_ia   22   27                                                      0.00036293854796252170                                                    
a_ia    2   17                                                      0.00003275757512713252                                                    
a_ia   25   31                                                     -0.00092535743598720394                                                    
mvp2    2    9    4   17    2    4    9   17                        0.00232985013906922798   -0.01004057136999090064                          
mvp2    6   13   24   31   13    6   24   31                       -0.00468519696137354325    0.00160249494065676417                          
a_ia   25   26                                                     -0.00002477640628075570                                                    
a_ia   22   23                                                      0.00716268592648383693                                                    
a_ia   25   26                                                     -0.01369345662039113051                                                    
mvp2    7   15   25   28   15    7   25   28                        0.00821879604155945249   -0.17475895065130048200                          
a_ia   28   33                                                     -0.08293206799256161443                                                    
a_ia    2   17                                                      0.00026698555889200713                                                    
mvp2    7   13   25   28   13    7   25   28                        0.00874153529031464552    0.06949212829251055767                          
mvp2    6   16   24   28   16    6   24   28                        0.01022284913620082926   -0.08950990241322344387                          
a_ia    3   15                                                     -0.00013030859389928802                                                    
mvp2    4    9   21   34    9    4   21   34                       -0.00137274868741548979    0.52257460496635554925                          
a_ia   10   15                                                     -0.16745321893110981515                                                    
mvp2    7   10   25   31   10    7   25   31                        0.00928950767937591557    0.00862518772815767248                          
a_ia    7   10                                                      0.00080767319537146300                                                    
a_ia   21   25                                                     -0.02513600223483969734                                                    
a_ia    4    9                                                      0.00007013247538718533                                                    
