op      8    9   26   27    9    8   26   27                       -0.06849480624766805803                                                    
op      7   10   25   28   10    7   25   28                       -0.02313005806073063428                                                    
mvp2    5   10   26   27   10    5   26   27                       -0.04723049887868581431   -0.50541510189518656926                          
mvp2    5   10   23   28   10    5   23   28                       -0.01838904941675066976    0.65635908344835236505                          
a_ia   26   27                                                      0.00053349628777045173                                                    
op      6   10   24   28   10    6   24   28                       -0.02037060785299133273                                                    
mvp2    5    9   26   28    9    5   26   28                       -0.03083306282853680302   -0.73947369345643898519                          
mvp2    5    9   23   27    9    5   23   27                       -0.03611627556346980877   -0.59896786481639585631                          
mvp2    7   16   26   27   16    7   26   27                        0.02855284989539517287    0.44180717539023678375                          
a_ia    7   16                                                      0.00050614574300642911                                                    
mvp2    6   16   26   27   16    6   26   27                        0.00697404089691797471    0.17610753334806081294                          
mvp2    7   16   25   34   16    7   25   34                       -0.02149440292865633165    0.97348917270375234789                          
mvp2    6   17   26   27   17    6   26   27                       -0.02561576163442073201   -0.54466237088545821354                          
mvp2    6   17   24   35   17    6   24   35                       -0.02152330037186306333    0.83893115493094183588                          
a_ia    6   17                                                     -0.00038899301404973698                                                    
mvp2    6   16   24   34   16    6   24   34                       -0.00608605421275628961    1.03827270225467849230                          
mvp2    7   16   24   34   16    7   24   34                       -0.00764608422299210486    0.09266016220432363171                          
mvp2    7   13   26   27   13    7   26   27                       -0.00844658573608806328   -0.17403939152605446550                          
mvp2    6   17   24   34   17    6   24   34                        0.00630564380997524626    0.23120173484498524052                          
mvp2    5   17   23   35   17    5   23   35                       -0.01155738585414723199    1.01808303837145075477                          
a_ia   26   27                                                      0.00225087276154094587                                                    
mvp2    6   13   26   27   13    6   26   27                        0.01264314465925243415    0.25648035802431884411                          
a_ia    6    7                                                     -0.35439993214589543546                                                    
mvp2    5   16   23   34   16    5   23   34                       -0.01099681268706759717    1.24214674830888394119                          
a_ia   24   25                                                     -0.30281310295570312840                                                    
mvp2    7   15   26   27   15    7   26   27                       -0.01857104326175256642   -0.45091481858138954264                          
mvp2    7   17   24   34   17    7   24   34                        0.01204406920564102083    0.12930249918581782076                          
mvp2    7   15   25   33   15    7   25   33                       -0.01320173287333302643    0.56146921369582591943                          
a_ia    5   16                                                     -0.00015937343325518144                                                    
mvp2    6   10   23   35   10    6   23   35                       -0.02333645257085834382    0.07536983370841281171                          
op      4    9   20   35    9    4   20   35                       -0.00184685008909220055                                                    
mvp2    7   13   25   33   13    7   25   33                       -0.00846718722752509874    0.16627751906059559661                          
a_ia   25   33                                                     -0.00079761021256026022                                                    
mvp2    7   15   25   31   15    7   25   31                       -0.00828249525127123382    0.94904462445993298392                          
mvp2    4    9   19   28    9    4   19   28                       -0.00129233853128807264    0.36748770737839553391                          
mvp2    7   13   25   31   13    7   25   31                       -0.00717328273921051442    0.03622692995094035917                          
a_ia    4    9                                                      0.00051508959558354823                                                    
mvp2    7   16   25   33   16    7   25   33                        0.01082878358677985195    0.26316742527943642882                          
mvp2    5   10   23   35   10    5   23   35                        0.00537954083192085635   -0.08806638302108642236                          
mvp2    7   10   25   33   10    7   25   33                        0.01381798336262752246    0.46715386714259943268                          
a_ia   10   12                                                      0.19945326371145896682                                                    
mvp2    7   10   23   34   10    7   23   34                        0.01696754752262758306    0.05276952191384780971                          
a_ia    8   11                                                      0.00084594482854244771                                                    
a_ia   29   35                                                      0.16812965543885829978                                                    
a_ia    5    8                                                      0.05909003371816048261                                                    
a_ia    4    8                                                      0.03588583023967326091                                                    
a_ia    9   11                                                      0.02236724876969474821                                                    
mvp2    6   10   23   34   10    6   23   34                        0.01135927669236382921   -0.07152854369042703497                          
a_ia    2    6                                                      0.04086113800383307793                                                    
mvp2    7   16   25   31   16    7   25   31                        0.00794416585636004147    0.31444599774203840781                          
a_ia   19   28                                                      0.00022317636385131643                                                    
mvp2    6   10   24   34   10    6   24   34                        0.01043104155450921312    0.03916413347317462129                          
mvp2    7   10   24   34   10    7   24   34                        0.00605990852052754742    0.09060533164795118999                          
mvp2    6   17   24   31   17    6   24   31                        0.00784195627914284488   -0.43823885118766542357                          
mvp2    5   10   23   33   10    5   23   33                        0.00493707919536336744   -0.25698214415493453311                          
a_ia   19   28                                                     -0.00005107453519977075                                                    
a_ia   20   24                                                      0.03894034500510383523                                                    
mvp2    5   10   23   34   10    5   23   34                        0.00521982518314495752   -0.22257045889816970408                          
a_ia    3    7                                                     -0.03595145001845843208                                                    
mvp2    4    9   22   27    9    4   22   27                       -0.00285289538669190098    0.01585889070645452731                          
mvp2    2   17   22   27   17    2   22   27                       -0.00173485247055607593   -0.00107679025576136304                          
a_ia   22   27                                                      0.00029445303778890197                                                    
a_ia    2   17                                                      0.00035595388634407691                                                    
a_ia   25   31                                                     -0.00078353942988296156                                                    
mvp2    2    9    4   17    2    4    9   17                        0.00148871768617524192   -0.00003240073319973457                          
mvp2    6   13   24   31   13    6   24   31                       -0.00485436812943633098    0.00001773279684864080                          
a_ia   25   26                                                      0.00000000000000000000                                                    
a_ia   22   23                                                      0.00721169091379009457                                                    
a_ia   25   26                                                     -0.01366977968274143800                                                    
mvp2    7   15   25   28   15    7   25   28                        0.01324894439326258604   -0.17530506425823569328                          
