op      8    9   26   27    9    8   26   27                       -0.06780672207081268887                                                    
op      7   10   25   28   10    7   25   28                       -0.02317528274612815423                                                    
mvp2    5   10   26   27   10    5   26   27                       -0.04798863756853643386   -0.49130088551793271723                          
mvp2    5   10   23   28   10    5   23   28                       -0.01840630473116120283    0.68526628544876899696                          
a_ia   26   27                                                      0.00076450086492667584                                                    
op      6   10   24   28   10    6   24   28                       -0.02028561087148469944                                                    
mvp2    5    9   26   28    9    5   26   28                       -0.03055862229620733700   -0.83731733187215862113                          
mvp2    5    9   23   27    9    5   23   27                       -0.03922460023514975913   -0.61334459231146776226                          
mvp2    7   16   26   27   16    7   26   27                        0.02768637324095353514    0.42742494724333685019                          
a_ia    7   16                                                      0.00065433991150674084                                                    
mvp2    6   16   26   27   16    6   26   27                        0.00836924774242183388    0.17374405538399345650                          
mvp2    7   16   25   34   16    7   25   34                       -0.02144697939427815322    1.06191012731162026661                          
mvp2    6   17   26   27   17    6   26   27                       -0.02429299957384897790   -0.51876342927491236878                          
mvp2    6   17   24   35   17    6   24   35                       -0.02164627114187299070    0.87314837281471724406                          
a_ia    6   17                                                     -0.00044779369447189453                                                    
mvp2    6   16   24   34   16    6   24   34                       -0.00628446121154314224    0.95632672001377883042                          
mvp2    7   16   24   34   16    7   24   34                       -0.00627902435357138508    0.11735559837135216277                          
mvp2    7   13   26   27   13    7   26   27                       -0.00895698371916914086   -0.16870984134704336554                          
mvp2    6   17   24   34   17    6   24   34                        0.00615717634316900742    0.23537991724255197257                          
mvp2    5   17   23   35   17    5   23   35                       -0.01090932576189116744    1.23220870488880640536                          
a_ia   26   27                                                      0.00218032431873902083                                                    
mvp2    6   13   26   27   13    6   26   27                        0.01294865431174012892    0.25785429465129594551                          
a_ia    6    7                                                     -0.36270719637400777868                                                    
mvp2    5   16   23   34   16    5   23   34                       -0.00932338122476810902    1.62214581874181784649                          
a_ia   24   25                                                     -0.32037435642022821236                                                    
mvp2    7   15   26   27   15    7   26   27                       -0.01965474755418682162   -0.46736107995372810908                          
mvp2    7   17   24   34   17    7   24   34                        0.01088079388032081249    0.12234130785591833257                          
mvp2    7   15   25   33   15    7   25   33                       -0.01322912075439053141    0.83224925108428260412                          
a_ia    5   16                                                     -0.00009946134119853449                                                    
mvp2    6   10   23   35   10    6   23   35                       -0.02323256448399634369   -0.02477856275661607238                          
op      4    9   20   35    9    4   20   35                       -0.00187987157085222224                                                    
mvp2    7   13   25   33   13    7   25   33                       -0.00861504661582175764    0.21097679791525283943                          
a_ia   25   33                                                     -0.00096046218057597814                                                    
mvp2    7   15   25   31   15    7   25   31                       -0.00824191493625802026    0.80005926319089348819                          
mvp2    4    9   19   28    9    4   19   28                       -0.00129371956054868714    0.36744744082676622510                          
mvp2    7   13   25   31   13    7   25   31                       -0.00720632635039504098   -0.06934860937502478062                          
a_ia    4    9                                                      0.00032498408215712036                                                    
mvp2    7   16   25   33   16    7   25   33                        0.01087704389414602575    0.63491563858134725251                          
mvp2    5   10   23   35   10    5   23   35                        0.00546013634967002816   -0.11594811669637093698                          
mvp2    7   10   25   33   10    7   25   33                        0.01404639800775069752    0.51557833221947724223                          
a_ia   10   12                                                      0.20346675123092669568                                                    
mvp2    7   10   23   34   10    7   23   34                        0.01607821019702607851    0.32533589803173562638                          
a_ia    8   11                                                      0.00081897392500754579                                                    
a_ia   29   35                                                      0.16622789207970034564                                                    
a_ia    5    8                                                      0.05679861586624414260                                                    
a_ia    4    8                                                      0.03443958910942887530                                                    
a_ia    9   11                                                      0.02267762980654927651                                                    
mvp2    6   10   23   34   10    6   23   34                        0.01145747069980314163   -0.00946303763370734234                          
a_ia    2    6                                                      0.03871753214693833545                                                    
mvp2    7   16   25   31   16    7   25   31                        0.00796557667610746367    0.01549052919839775250                          
