op      8    9   26   27    9    8   26   27                       -0.06912854529996706465                                                    
op      7   10   25   28   10    7   25   28                       -0.02169318942410879830                                                    
mvp2    5   10   26   27   10    5   26   27                       -0.04162034228685786152   -0.46431954029239513870                          
mvp2    5   10   23   28   10    5   23   28                       -0.01594634830547458915    0.66320073338537077756                          
a_ia   26   27                                                      0.00124407094342624826                                                    
op      6   10   24   28   10    6   24   28                       -0.02014509025557827473                                                    
mvp2    5    9   26   28    9    5   26   28                       -0.02593571135340902445   -0.90775906253784799382                          
mvp2    5    9   23   27    9    5   23   27                       -0.03707901317177963313   -0.55717599648496818343                          
mvp2    7   16   26   27   16    7   26   27                        0.03185556275642913160    0.45136474699671497168                          
a_ia    7   16                                                      0.00154633734350567036                                                    
mvp2    6   16   26   27   16    6   26   27                        0.00366592686487088835    0.10329772910568803257                          
mvp2    7   16   25   34   16    7   25   34                       -0.02014696161316791370    0.88137233171225093376                          
mvp2    6   17   26   27   17    6   26   27                       -0.02358858790230326796   -0.46729490487480168648                          
mvp2    6   17   24   35   17    6   24   35                       -0.02089496378376121816    0.89089722818939931503                          
a_ia    6   17                                                     -0.00072125071436577844                                                    
mvp2    6   16   24   34   16    6   24   34                       -0.00569473923025803040    0.81907770233575694085                          
mvp2    7   16   24   34   16    7   24   34                       -0.00743937173151035507    0.10055380392163526526                          
mvp2    7   13   26   27   13    7   26   27                       -0.00671940664484696817   -0.11600650153401460829                          
mvp2    6   17   24   34   17    6   24   34                        0.00608743755992694185    0.04341301891842466731                          
mvp2    5   17   23   35   17    5   23   35                       -0.01074803420852814273    0.32262390207484320515                          
a_ia   26   27                                                      0.00214098288677262933                                                    
mvp2    6   13   26   27   13    6   26   27                        0.01171982823331259652    0.22414514667448665053                          
a_ia    6    7                                                     -0.34807449666145717782                                                    
mvp2    5   16   23   34   16    5   23   34                       -0.01052702795359442348   -0.03339275520418154980                          
a_ia   24   25                                                     -0.29687817522737758313                                                    
mvp2    7   15   26   27   15    7   26   27                       -0.01466111212376905275   -0.40510596251020231096                          
mvp2    7   17   24   34   17    7   24   34                        0.01094904443433305889    0.09932060521434794842                          
mvp2    7   15   25   33   15    7   25   33                       -0.01217161157668570498    0.76303480267983769814                          
a_ia    5   16                                                     -0.00053786620943714559                                                    
mvp2    6   10   23   35   10    6   23   35                       -0.01522934229201470396    0.03493326340889209985                          
op      4    9   20   35    9    4   20   35                       -0.00175640313043975917                                                    
mvp2    7   13   25   33   13    7   25   33                       -0.00769226113836611516    0.01965101354221088920                          
a_ia   25   33                                                     -0.00091026556526719682                                                    
mvp2    7   15   25   31   15    7   25   31                       -0.00783945165252567314    0.75749535429185799185                          
mvp2    4    9   19   28    9    4   19   28                       -0.00131104370228090229    0.00000119232499885814                          
