op      8    9   26   27    9    8   26   27                       -0.06842323351488360794                                                    
op      7   10   25   28   10    7   25   28                       -0.02313402097993695963                                                    
mvp2    5   10   26   27   10    5   26   27                       -0.04728991514258135825   -0.50405915322195282702                          
mvp2    5   10   23   28   10    5   23   28                       -0.01839592449988964110    0.65449022742648721440                          
a_ia   26   27                                                      0.00036888197358439772                                                    
op      6   10   24   28   10    6   24   28                       -0.02043429980302945148                                                    
mvp2    5    9   26   28    9    5   26   28                       -0.03076580690254969441   -0.73820879282198559324                          
mvp2    5    9   23   27    9    5   23   27                       -0.03605463636982682296   -0.59888289122078997018                          
mvp2    7   16   26   27   16    7   26   27                        0.02853783584769237214    0.44154966818171054177                          
a_ia    7   16                                                      0.00041212681467201520                                                    
mvp2    6   16   26   27   16    6   26   27                        0.00704886708828134610    0.17688469106822798937                          
mvp2    7   16   25   34   16    7   25   34                       -0.02145460405575167276    0.97305950328303814079                          
mvp2    6   17   26   27   17    6   26   27                       -0.02559138376327534450   -0.54407423663459353325                          
mvp2    6   17   24   35   17    6   24   35                       -0.02154331364757192807    0.83927037587440223021                          
a_ia    6   17                                                     -0.00035893196244457721                                                    
mvp2    6   16   24   34   16    6   24   34                       -0.00608555145146769290    1.04185485423075996358                          
mvp2    7   16   24   34   16    7   24   34                       -0.00755764536155660756    0.09350606438520252250                          
mvp2    7   13   26   27   13    7   26   27                       -0.00849430895251327388   -0.17520954928746493295                          
mvp2    6   17   24   34   17    6   24   34                        0.00623316774208301175    0.23548706248564132970                          
mvp2    5   17   23   35   17    5   23   35                       -0.01157581101960890833    1.02377758355683656788                          
a_ia   26   27                                                      0.00214447773875342052                                                    
mvp2    6   13   26   27   13    6   26   27                        0.01269505891012063896    0.25653763235764304174                          
a_ia    6    7                                                     -0.35414152117227426508                                                    
mvp2    5   16   23   34   16    5   23   34                       -0.01090823469208692005    1.25323112609608400270                          
a_ia   24   25                                                     -0.30334154339709767934                                                    
mvp2    7   15   26   27   15    7   26   27                       -0.01855227060219385299   -0.44989716893701575673                          
mvp2    7   17   24   34   17    7   24   34                        0.01214198750116871929    0.13203636724846809503                          
mvp2    7   15   25   33   15    7   25   33                       -0.01317385494618283567    0.55755731538297692573                          
a_ia    5   16                                                     -0.00016843568136081069                                                    
mvp2    6   10   23   35   10    6   23   35                       -0.02339692846025275691    0.07315135519697678335                          
op      4    9   20   35    9    4   20   35                       -0.00185676265640747512                                                    
mvp2    7   13   25   33   13    7   25   33                       -0.00846910273038625934    0.16953285695532241406                          
a_ia   25   33                                                     -0.00076186886629338410                                                    
mvp2    7   15   25   31   15    7   25   31                       -0.00829305210671310404    0.95019228171155334373                          
mvp2    4    9   19   28    9    4   19   28                       -0.00129709557591914230    0.36755403594346419682                          
mvp2    7   13   25   31   13    7   25   31                       -0.00715475384685282378    0.03882580463851978414                          
a_ia    4    9                                                      0.00047716548154956757                                                    
mvp2    7   16   25   33   16    7   25   33                        0.01088077510777361867    0.25865757964179014738                          
mvp2    5   10   23   35   10    5   23   35                        0.00544409910535554025   -0.09012817029174537142                          
mvp2    7   10   25   33   10    7   25   33                        0.01377382796791987336    0.46265771926997878438                          
a_ia   10   12                                                      0.19926408361617919951                                                    
mvp2    7   10   23   34   10    7   23   34                        0.01703343505044709744    0.06617823969901456826                          
a_ia    8   11                                                      0.00084565413002024570                                                    
a_ia   29   35                                                      0.16805791063019065446                                                    
a_ia    5    8                                                      0.05901871583278844174                                                    
a_ia    4    8                                                      0.03564917157795014641                                                    
a_ia    9   11                                                      0.02236282392051416185                                                    
mvp2    6   10   23   34   10    6   23   34                        0.01142915508240041796   -0.06674660980584844194                          
a_ia    2    6                                                      0.04109633089951870988                                                    
mvp2    7   16   25   31   16    7   25   31                        0.00795037936946186088    0.31698355805108019423                          
a_ia   19   28                                                      0.00021244197700248733                                                    
mvp2    6   10   24   34   10    6   24   34                        0.01042609675650082827    0.04938869074135335269                          
mvp2    7   10   24   34   10    7   24   34                        0.00600288615180983622    0.09240707259625402514                          
mvp2    6   17   24   31   17    6   24   31                        0.00784995393070280628   -0.43047121779710612044                          
mvp2    5   10   23   33   10    5   23   33                        0.00494558537268072022   -0.25757159160937614928                          
a_ia   19   28                                                     -0.00006180125642994425                                                    
a_ia   20   24                                                      0.03897599394416087493                                                    
mvp2    5   10   23   34   10    5   23   34                        0.00523201119647600122   -0.18297505409959435863                          
a_ia    3    7                                                     -0.03637917530813259553                                                    
mvp2    4    9   22   27    9    4   22   27                       -0.00287187432934686701    0.00072478868074882425                          
mvp2    2   17   22   27   17    2   22   27                       -0.00175282224175139149   -0.00000254852157115667                          
