op      8    9   26   27    9    8   26   27                       -0.06524463950603995310                                                    
op      7   10   25   28   10    7   25   28                       -0.02145469906433639454                                                    
mvp2    5   10   26   27   10    5   26   27                       -0.02585970748318658710   -0.55425011270892854398                          
mvp2    5   10   23   28   10    5   23   28                       -0.01608566997078274621    0.68465890774377313743                          
a_ia   26   27                                                      0.00307150834434346924                                                    
op      6   10   24   28   10    6   24   28                       -0.02040408720076789667                                                    
mvp2    5    9   26   28    9    5   26   28                       -0.02074665016154919953   -0.77219346225597840228                          
mvp2    5    9   23   27    9    5   23   27                       -0.02845823321279970439   -0.56529118368738529021                          
mvp2    7   16   26   27   16    7   26   27                        0.01792396863527508100    0.30601176734443630290                          
a_ia    7   16                                                      0.00199818404564847119                                                    
