op      8    9   26   27    9    8   26   27                       -0.06826035093390636632                                                    
op      7   10   25   28   10    7   25   28                       -0.02333525265445770755                                                    
mvp2    5   10   26   27   10    5   26   27                       -0.04826014906598926485   -0.49603562202190681907                          
mvp2    5   10   23   28   10    5   23   28                       -0.01835159318128109368    0.66472509068728380388                          
a_ia   26   27                                                      0.00043002423562813488                                                    
op      6   10   24   28   10    6   24   28                       -0.02049897275269194422                                                    
mvp2    5    9   26   28    9    5   26   28                       -0.03050566394453764138   -0.78909528251557037315                          
mvp2    5    9   23   27    9    5   23   27                       -0.03779096141104955342   -0.60223376374774173492                          
mvp2    7   16   26   27   16    7   26   27                        0.02855763656341799364    0.43945368511605081840                          
a_ia    7   16                                                      0.00040417818028512146                                                    
mvp2    6   16   26   27   16    6   26   27                        0.00756849385789466582    0.17642964500036756315                          
mvp2    7   16   25   34   16    7   25   34                       -0.02129146729698336293    0.97842566082353854551                          
mvp2    6   17   26   27   17    6   26   27                       -0.02517262840468857329   -0.53681295102614168258                          
mvp2    6   17   24   35   17    6   24   35                       -0.02157232024964069600    0.85023849412619856292                          
a_ia    6   17                                                     -0.00036422742399114082                                                    
mvp2    6   16   24   34   16    6   24   34                       -0.00631508260840205234    1.00338154679413693593                          
mvp2    7   16   24   34   16    7   24   34                       -0.00701598783709245655    0.16893896331785140941                          
mvp2    7   13   26   27   13    7   26   27                       -0.00881293483893334437   -0.17669872419389187623                          
mvp2    6   17   24   34   17    6   24   34                        0.00593025727703031576    0.28114067493551198051                          
mvp2    5   17   23   35   17    5   23   35                       -0.01141430471575966693    1.07445610769885258051                          
a_ia   26   27                                                      0.00246302803212418561                                                    
mvp2    6   13   26   27   13    6   26   27                        0.01272205256051059039    0.25590610676337982587                          
a_ia    6    7                                                     -0.35242571027586339083                                                    
mvp2    5   16   23   34   16    5   23   34                       -0.00995401565974762467    1.42752823698910780159                          
a_ia   24   25                                                     -0.30466151421549109157                                                    
mvp2    7   15   26   27   15    7   26   27                       -0.01894268575892633227   -0.45798174640335631569                          
mvp2    7   17   24   34   17    7   24   34                        0.01186120061411717781    0.13833188878273025568                          
mvp2    7   15   25   33   15    7   25   33                       -0.01321802679568932423    0.73583392516254053639                          
a_ia    5   16                                                     -0.00021072855325806711                                                    
mvp2    6   10   23   35   10    6   23   35                       -0.02392776294643076881    0.04992437795860876770                          
op      4    9   20   35    9    4   20   35                       -0.00182705625659242013                                                    
mvp2    7   13   25   33   13    7   25   33                       -0.00849517902053315531    0.25542333349740670156                          
a_ia   25   33                                                     -0.00102039830638214193                                                    
mvp2    7   15   25   31   15    7   25   31                       -0.00831534661519399941    0.85268078782441669716                          
mvp2    4    9   19   28    9    4   19   28                       -0.00129106821587053350    0.36752882356393995478                          
mvp2    7   13   25   31   13    7   25   31                       -0.00718153764226389744   -0.09948684650659248008                          
a_ia    4    9                                                      0.00038484389571722825                                                    
mvp2    7   16   25   33   16    7   25   33                        0.01091095759525796335    0.50010706175352681591                          
mvp2    5   10   23   35   10    5   23   35                        0.00539207836004841103   -0.10211626185026127789                          
mvp2    7   10   25   33   10    7   25   33                        0.01352402326123812795    0.50279136242682576086                          
a_ia   10   12                                                      0.19997513984745513005                                                    
mvp2    7   10   23   34   10    7   23   34                        0.01675058063967541089    0.20159984451579979203                          
a_ia    8   11                                                      0.00083598723435425861                                                    
a_ia   29   35                                                      0.16766339777204886108                                                    
a_ia    5    8                                                      0.05783163237919751454                                                    
a_ia    4    8                                                      0.03583580054064825632                                                    
a_ia    9   11                                                      0.02252892783355874354                                                    
mvp2    6   10   23   34   10    6   23   34                        0.01152437949212969243   -0.02270207851148828282                          
a_ia    2    6                                                      0.04046266621249984541                                                    
mvp2    7   16   25   31   16    7   25   31                        0.00795613736442270410    0.07573032106783054995                          
a_ia   19   28                                                      0.00024149338632177499                                                    
mvp2    6   10   24   34   10    6   24   34                        0.01066156252846623895    0.09457420496986802816                          
mvp2    7   10   24   34   10    7   24   34                        0.00543813148243304460    0.09812839487493389690                          
mvp2    6   17   24   31   17    6   24   31                        0.00787420105052197630   -0.38909229831958908052                          
mvp2    5   10   23   33   10    5   23   33                        0.00511684139993018403   -0.22071856309719301015                          
a_ia   19   28                                                     -0.00005503236348623109                                                    
a_ia   20   24                                                      0.03930251950456448151                                                    
