op      8    9   26   27    9    8   26   27                       -0.06831668077818811580                                                    
op      7   10   25   28   10    7   25   28                       -0.02185411035315653477                                                    
mvp2    5   10   26   27   10    5   26   27                       -0.04002270343371455708   -0.48718726159875108683                          
mvp2    5   10   23   28   10    5   23   28                       -0.01593904593062781330    0.72177942582932053117                          
a_ia   26   27                                                     -0.00019662325519150797                                                    
op      6   10   24   28   10    6   24   28                       -0.01990101804011059489                                                    
mvp2    5    9   26   28    9    5   26   28                       -0.02546561583040624424   -0.88428763438503477090                          
mvp2    5    9   23   27    9    5   23   27                       -0.03736974579583167422   -0.57587670170663385338                          
mvp2    7   16   26   27   16    7   26   27                        0.03219685383032467457    0.46873381712264433618                          
a_ia    7   16                                                      0.00103645680305905659                                                    
mvp2    6   16   26   27   16    6   26   27                        0.00091793181103691165    0.05255178118046291424                          
mvp2    7   16   25   34   16    7   25   34                       -0.02067693631873700547    0.77774616769092619339                          
mvp2    6   17   26   27   17    6   26   27                       -0.02394957842250269170   -0.48046749355393109093                          
mvp2    6   17   24   35   17    6   24   35                       -0.02078432696490791626    0.75329728572912846296                          
a_ia    6   17                                                     -0.00037983604925603169                                                    
mvp2    6   16   24   34   16    6   24   34                       -0.00529537690168309719    0.78664278651455410429                          
mvp2    7   16   24   34   16    7   24   34                       -0.00732870753107719552    0.14213558321653138594                          
mvp2    7   13   26   27   13    7   26   27                       -0.00607755614464717663   -0.09745855701390332415                          
mvp2    6   17   24   34   17    6   24   34                        0.00655336687566846279   -0.03560342689022742008                          
mvp2    5   17   23   35   17    5   23   35                       -0.01066930088610964535   -0.02423971546528448651                          
a_ia   26   27                                                      0.00297926178746275817                                                    
mvp2    6   13   26   27   13    6   26   27                        0.01188447604697523939    0.24865101054940311198                          
a_ia    6    7                                                     -0.42545199363599445208                                                    
mvp2    5   16   23   34   16    5   23   34                       -0.01047997115382283406   -0.02395197090691555258                          
a_ia   24   25                                                     -0.31453947017026451238                                                    
mvp2    7   15   26   27   15    7   26   27                       -0.01325633754287936471   -0.31947213302211596719                          
mvp2    7   17   24   34   17    7   24   34                        0.01286581628014499441    0.04394291107524417317                          
mvp2    7   15   25   33   15    7   25   33                       -0.01162760256265624181    0.72394656267578860742                          
a_ia    5   16                                                     -0.00063397290457597143                                                    
mvp2    6   10   23   35   10    6   23   35                       -0.01253078416653877897    0.00002212216231044181                          
op      4    9   20   35    9    4   20   35                       -0.00176070500568969134                                                    
