op      8    9   26   27    9    8   26   27                       -0.06935981198984569884                                                    
op      7   10   25   28   10    7   25   28                       -0.02723678101689239184                                                    
mvp2    5   10   26   27   10    5   26   27                       -0.05485557767327756129   -0.50916487271890076283                          
mvp2    5   10   23   28   10    5   23   28                       -0.01954747011901335207    0.67172264985843077589                          
a_ia   26   27                                                     -0.00023081355546786421                                                    
op      6   10   24   28   10    6   24   28                       -0.02304668979327079842                                                    
mvp2    5    9   26   28    9    5   26   28                       -0.03918679492039930240   -0.73214878164353014434                          
mvp2    5    9   23   27    9    5   23   27                       -0.03779881807651039316   -0.61525057023849982762                          
mvp2    7   16   26   27   16    7   26   27                        0.02932199293772986409    0.42622323244673149256                          
a_ia    7   16                                                      0.00091355910340000762                                                    
mvp2    6   16   26   27   16    6   26   27                        0.00832590162992436107    0.17081838310395361380                          
mvp2    7   16   25   34   16    7   25   34                       -0.02157161568011954286    0.97322887775310562564                          
mvp2    6   17   26   27   17    6   26   27                       -0.02634147511288063848   -0.52995966717233300436                          
mvp2    6   17   24   35   17    6   24   35                       -0.02151705261423362409    0.83778775323396126318                          
a_ia    6   17                                                     -0.00044962562185679570                                                    
mvp2    6   16   24   34   16    6   24   34                       -0.00625959261994621721    1.03678781644820694474                          
mvp2    7   16   24   34   16    7   24   34                       -0.00742079811011331879    0.09269434184961487799                          
mvp2    7   13   26   27   13    7   26   27                       -0.00884627666667646417   -0.16643970288341161656                          
mvp2    6   17   24   34   17    6   24   34                        0.00637406549271020764    0.23159665247619870554                          
mvp2    5   17   23   35   17    5   23   35                       -0.01187531541542932723    1.02239175513838920217                          
a_ia   26   27                                                      0.00205325785280110465                                                    
mvp2    6   13   26   27   13    6   26   27                        0.01322601334973215297    0.24565227529512773108                          
a_ia    6    7                                                     -0.35044607170473823787                                                    
mvp2    5   16   23   34   16    5   23   34                       -0.01070150393430193900    1.24508775185070952318                          
a_ia   24   25                                                     -0.30226704659889758187                                                    
mvp2    7   15   26   27   15    7   26   27                       -0.01849744360756431366   -0.43342201419711778865                          
mvp2    7   17   24   34   17    7   24   34                        0.01235151746679164809    0.13809986593139719768                          
mvp2    7   15   25   33   15    7   25   33                       -0.01000798658043223870    0.57128117448995807681                          
a_ia    5   16                                                      0.00084271904229097066                                                    
mvp2    6   10   23   35   10    6   23   35                       -0.02475398108102636399    0.07385210551466049600                          
op      4    9   20   35    9    4   20   35                       -0.00313572284722296764                                                    
mvp2    7   13   25   33   13    7   25   33                       -0.00896699357067547338    0.17435470223641114096                          
a_ia   25   33                                                     -0.00096662843122797930                                                    
mvp2    7   15   25   31   15    7   25   31                       -0.00919713716718148153    0.95398582241694895867                          
mvp2    4    9   19   28    9    4   19   28                       -0.00252535937149594211    0.35525854780334420457                          
mvp2    7   13   25   31   13    7   25   31                       -0.00766222073595291663    0.03789053340430841715                          
a_ia    4    9                                                      0.00090052105105448838                                                    
mvp2    7   16   25   33   16    7   25   33                        0.01030616646212798720    0.25551536853974271546                          
mvp2    5   10   23   35   10    5   23   35                        0.00552891658698972509   -0.08623983103657688332                          
mvp2    7   10   25   33   10    7   25   33                        0.01359464225506555601    0.47578819754483325788                          
a_ia   10   12                                                      0.19475487033452298924                                                    
mvp2    7   10   23   34   10    7   23   34                        0.01806110750568926115    0.04629021598355424760                          
a_ia    8   11                                                      0.00085186612846080531                                                    
a_ia   29   35                                                      0.16758002843719271846                                                    
a_ia    5    8                                                      0.05610764016546320593                                                    
a_ia    4    8                                                      0.04080875392419044262                                                    
a_ia    9   11                                                      0.02228255902142450146                                                    
mvp2    6   10   23   34   10    6   23   34                        0.01163065762354518161   -0.06844046015941125660                          
a_ia    2    6                                                      0.04910396668804094256                                                    
mvp2    7   16   25   31   16    7   25   31                        0.00782758279986112658    0.31129929005834677813                          
a_ia   19   28                                                     -0.00093056766931609851                                                    
mvp2    6   10   24   34   10    6   24   34                        0.01014722898480486211    0.03595086920586401669                          
mvp2    7   10   24   34   10    7   24   34                        0.00593385891865249628    0.06957980864854187986                          
mvp2    6   17   24   31   17    6   24   31                        0.00773105033245529392   -0.44082419063100042322                          
mvp2    5   10   23   33   10    5   23   33                        0.00354194026974275801   -0.24195582415567692958                          
a_ia   19   28                                                     -0.00120481841841066101                                                    
a_ia   20   24                                                      0.03713398655855557756                                                    
mvp2    5   10   23   34   10    5   23   34                        0.00513773818283916415   -0.22720573236690105867                          
a_ia    3    7                                                     -0.01786611275132033577                                                    
mvp2    4    9   22   27    9    4   22   27                       -0.00323693759460034298    0.14832251171384447375                          
mvp2    2   17   22   27   17    2   22   27                       -0.00272905730260628553    0.01710161400709160270                          
a_ia   22   27                                                      0.00030109700520271419                                                    
a_ia    2   17                                                      0.00037625491165224384                                                    
a_ia   25   31                                                     -0.00082658023788834036                                                    
mvp2    2    9    4   17    2    4    9   17                        0.00407618477282358470   -0.07927686626391494684                          
mvp2    6   13   24   31   13    6   24   31                       -0.00415519134710353420    0.01368189643426814123                          
a_ia   25   26                                                      0.01040858070288260342                                                    
a_ia   22   23                                                      0.00376476730779588212                                                    
a_ia   25   26                                                     -0.00326038226651044569                                                    
mvp2    7   15   25   28   15    7   25   28                        0.00964142696568379316   -0.16889647879594540947                          
a_ia   28   33                                                     -0.09805316859778981375                                                    
a_ia    2   17                                                      0.00061433598050842026                                                    
mvp2    7   13   25   28   13    7   25   28                        0.00916339557326250644    0.06529419891990338731                          
mvp2    6   16   24   28   16    6   24   28                        0.01055639142492826449   -0.08269111048446212142                          
a_ia    3   15                                                      0.00006930100022340581                                                    
mvp2    4    9   21   34    9    4   21   34                       -0.00137198129480881948    0.52104195983539469683                          
a_ia   10   15                                                     -0.19831369855936559210                                                    
mvp2    7   10   25   31   10    7   25   31                        0.00974765792986658809    0.00683750946278423744                          
a_ia    7   10                                                      0.00052346194231558854                                                    
a_ia   21   25                                                     -0.01720438905919192268                                                    
a_ia    4    9                                                      0.00017467925793844731                                                    
mvp3    2   15    3   17    2    3   17   15    2    3   15   17   -0.00136226221969395025   -0.16562171675555878436   -0.39560912011152316037
mvp2    6   16   25   28   16    6   25   28                        0.00592759591690399448    0.00523682325774987682                          
a_ia   25   28                                                      0.00079965660388884869                                                    
mvp2    7   10   23   33   10    7   23   33                       -0.00675449622470673024    0.00750750231910829631                          
mvp2    5   15   23   34   15    5   23   34                        0.00384725190322977081   -0.08551667294741992220                          
mvp2    7   10   23   31   10    7   23   31                       -0.00553777455429291937    0.02273506078931048641                          
a_ia   27   31                                                     -0.07254700439140522594                                                    
mvp3   23   27   26   28   23   26   28   27   23   26   27   28   -0.01776503488206472234   -0.13040880266535087584   -0.01822148663927805612
a_ia   27   28                                                      0.11145013060310085540                                                    
mvp2    5   17   23   31   17    5   23   31                        0.00477888388296193300   -0.14027409520234424001                          
a_ia    4    9                                                     -0.00004960415999375947                                                    
a_ia    5   17                                                     -0.00062548209749490138                                                    
mvp2    2   17   21   31   17    2   21   31                        0.00182781698113573376   -0.50996511259135557381                          
a_ia    2   17                                                      0.00032761361725743319                                                    
mvp3   23   27   26   33   23   26   33   27   23   26   27   33    0.00560597422059734302   -0.13156347345583235819    0.01443060990240233911
a_ia   26   27                                                      0.00145078846064586645                                                    
a_ia   23   33                                                      0.00035306339816820178                                                    
mvp2    5   16   26   27   16    5   26   27                        0.00630839547356623360    0.12924716910205996667                          
mvp3    2   16    3   17    2    3   17   16    2    3   16   17    0.00139733404369374098   -0.24401271205516492091    0.57521823082209511124
mvp2    5   16   23   33   16    5   23   33                        0.00383354291149846926   -0.01844888778552038547                          
a_ia    2   17                                                     -0.00064908415418554787                                                    
