op      8    9   26   27    9    8   26   27                       -0.06851607164535963856                                                    
op      7   10   25   28   10    7   25   28                       -0.02316736142843759186                                                    
mvp2    5   10   26   27   10    5   26   27                       -0.04722400331756600872   -0.50537783120394164094                          
mvp2    5   10   23   28   10    5   23   28                       -0.01840870052876551755    0.65628949273488179639                          
a_ia   26   27                                                      0.00045050083732836946                                                    
op      6   10   24   28   10    6   24   28                       -0.02032743299553613561                                                    
mvp2    5    9   26   28    9    5   26   28                       -0.03085609958608470649   -0.73958203067932493102                          
mvp2    5    9   23   27    9    5   23   27                       -0.03612346069582353381   -0.59894644697185939197                          
mvp2    7   16   26   27   16    7   26   27                        0.02856124621222557586    0.44179026604692700486                          
a_ia    7   16                                                      0.00044213742386592760                                                    
mvp2    6   16   26   27   16    6   26   27                        0.00698686583340671179    0.17612361062014286750                          
mvp2    7   16   25   34   16    7   25   34                       -0.02148984138092993254    0.97342906956430741428                          
mvp2    6   17   26   27   17    6   26   27                       -0.02560976973237846094   -0.54465877853220578952                          
mvp2    6   17   24   35   17    6   24   35                       -0.02152289772717525668    0.83894429527278047143                          
a_ia    6   17                                                     -0.00034785742401470586                                                    
mvp2    6   16   24   34   16    6   24   34                       -0.00608045841631401577    1.03842710738896837341                          
mvp2    7   16   24   34   16    7   24   34                       -0.00763539987876318132    0.09268131205354120106                          
mvp2    7   13   26   27   13    7   26   27                       -0.00846223375379578750   -0.17408490803391940549                          
mvp2    6   17   24   34   17    6   24   34                        0.00631545910887807219    0.23137842494797219994                          
mvp2    5   17   23   35   17    5   23   35                       -0.01156029633037301135    1.01830187381859382789                          
a_ia   26   27                                                      0.00208844649732655829                                                    
mvp2    6   13   26   27   13    6   26   27                        0.01262120234825244228    0.25649309377769846652                          
a_ia    6    7                                                     -0.35440011155355005679                                                    
mvp2    5   16   23   34   16    5   23   34                       -0.01101072715147378110    1.24277010229348428005                          
a_ia   24   25                                                     -0.30286530992426990982                                                    
mvp2    7   15   26   27   15    7   26   27                       -0.01855707249868066011   -0.45090930277015117689                          
mvp2    7   17   24   34   17    7   24   34                        0.01204676918192284889    0.12936107597302787253                          
mvp2    7   15   25   33   15    7   25   33                       -0.01322167446886265627    0.56133805177275597487                          
a_ia    5   16                                                     -0.00016778734385036439                                                    
mvp2    6   10   23   35   10    6   23   35                       -0.02332917772157742237    0.07524106887534305621                          
op      4    9   20   35    9    4   20   35                       -0.00187101460272830309                                                    
mvp2    7   13   25   33   13    7   25   33                       -0.00846722553951126562    0.16639491222301894258                          
a_ia   25   33                                                     -0.00078833783637346957                                                    
mvp2    7   15   25   31   15    7   25   31                       -0.00827673630582946053    0.94897696345292326114                          
mvp2    4    9   19   28    9    4   19   28                       -0.00129785053153775296    0.36750605400547947665                          
mvp2    7   13   25   31   13    7   25   31                       -0.00717048360714486483    0.03628079446683548509                          
a_ia    4    9                                                      0.00044675938885890772                                                    
mvp2    7   16   25   33   16    7   25   33                        0.01083369188125246456    0.26309590984249020540                          
mvp2    5   10   23   35   10    5   23   35                        0.00537665638727762973   -0.08810268683148085589                          
mvp2    7   10   25   33   10    7   25   33                        0.01380763270060045809    0.46705128112663152340                          
a_ia   10   12                                                      0.19943935536409684861                                                    
mvp2    7   10   23   34   10    7   23   34                        0.01696929163324397555    0.05346601481806305400                          
a_ia    8   11                                                      0.00084465475460600780                                                    
a_ia   29   35                                                      0.16813323790300116478                                                    
a_ia    5    8                                                      0.05909049638418430866                                                    
a_ia    4    8                                                      0.03601207421890212368                                                    
a_ia    9   11                                                      0.02236952866979160723                                                    
mvp2    6   10   23   34   10    6   23   34                        0.01137381248231456900   -0.07133487832755393276                          
a_ia    2    6                                                      0.04091447668755145844                                                    
mvp2    7   16   25   31   16    7   25   31                        0.00795109522280561774    0.31464105705148637249                          
a_ia   19   28                                                      0.00019654633315091766                                                    
mvp2    6   10   24   34   10    6   24   34                        0.01042194000552039944    0.03972517326113998715                          
mvp2    7   10   24   34   10    7   24   34                        0.00607883150848820188    0.09073278068426263165                          
mvp2    6   17   24   31   17    6   24   31                        0.00783591041995109969   -0.43840449835009637214                          
mvp2    5   10   23   33   10    5   23   33                        0.00493687903914802155   -0.25695764148295002771                          
a_ia   19   28                                                     -0.00007770530950501456                                                    
a_ia   20   24                                                      0.03892963504339757436                                                    
mvp2    5   10   23   34   10    5   23   34                        0.00521187424849667378   -0.22307616767783783329                          
a_ia    3    7                                                     -0.03591412744938445728                                                    
mvp2    4    9   22   27    9    4   22   27                       -0.00287289126528727243    0.00361674721788115064                          
mvp2    2   17   22   27   17    2   22   27                       -0.00176221283622322216   -0.00105356960776713487                          
a_ia   22   27                                                      0.00029694179629935274                                                    
a_ia    2   17                                                      0.00029660429149143468                                                    
