op      8    9   26   27    9    8   26   27                       -0.06881429719791831712                                                    
op      7   10   25   28   10    7   25   28                       -0.02159393835308746554                                                    
mvp2    5   10   26   27   10    5   26   27                       -0.04168106530605682897   -0.47780191709134717248                          
mvp2    5   10   23   28   10    5   23   28                       -0.01607882043109835901    0.69553934856773758089                          
a_ia   26   27                                                      0.00013966002359654090                                                    
op      6   10   24   28   10    6   24   28                       -0.02000805192631568974                                                    
mvp2    5    9   26   28    9    5   26   28                       -0.02647026711427956716   -0.89713135351986206256                          
mvp2    5    9   23   27    9    5   23   27                       -0.03770310061310095523   -0.57225150277971825741                          
mvp2    7   16   26   27   16    7   26   27                        0.03202463368801559962    0.44614285687449833917                          
a_ia    7   16                                                      0.00097659202920919179                                                    
mvp2    6   16   26   27   16    6   26   27                        0.00344131562680642525    0.08902607808299604908                          
mvp2    7   16   25   34   16    7   25   34                       -0.02068277314066500200    0.83731697523455350662                          
mvp2    6   17   26   27   17    6   26   27                       -0.02381857622047538897   -0.50263340810287593374                          
mvp2    6   17   24   35   17    6   24   35                       -0.02088480521283850658    0.84927104039647172140                          
a_ia    6   17                                                     -0.00037257857472525088                                                    
mvp2    6   16   24   34   16    6   24   34                       -0.00559449466359435068    0.82189965363816497312                          
mvp2    7   16   24   34   16    7   24   34                       -0.00756031783054099838    0.09722129691006112240                          
mvp2    7   13   26   27   13    7   26   27                       -0.00606397191550075727   -0.13622813664190852601                          
mvp2    6   17   24   34   17    6   24   34                        0.00656382711237923043    0.05961691949029401111                          
mvp2    5   17   23   35   17    5   23   35                       -0.01084219893201183831    0.36931169687328180284                          
a_ia   26   27                                                      0.00313059205562551046                                                    
mvp2    6   13   26   27   13    6   26   27                        0.01196620071288301106    0.23312341180066190049                          
a_ia    6    7                                                     -0.38093557864799715285                                                    
mvp2    5   16   23   34   16    5   23   34                       -0.01046531723423842729   -0.03106441800513445178                          
a_ia   24   25                                                     -0.30317764893371462742                                                    
mvp2    7   15   26   27   15    7   26   27                       -0.01482327257668712706   -0.35348351698401925258                          
mvp2    7   17   24   34   17    7   24   34                        0.01209676457373540064    0.07724408236237652325                          
mvp2    7   15   25   33   15    7   25   33                       -0.01263369822800475099    0.72197302310137068115                          
a_ia    5   16                                                     -0.00047380047649686049                                                    
mvp2    6   10   23   35   10    6   23   35                       -0.01580716102725483393    0.03319428523356738464                          
op      4    9   20   35    9    4   20   35                       -0.00177035978407224918                                                    
mvp2    7   13   25   33   13    7   25   33                       -0.00818356525745963202   -0.00465555472882249032                          
a_ia   25   33                                                     -0.00091703426786335579                                                    
mvp2    7   15   25   31   15    7   25   31                       -0.00792191040716518774    0.76941644283207499821                          
mvp2    4    9   19   28    9    4   19   28                       -0.00134155979635897744    0.00317176827743081155                          
mvp2    7   13   25   31   13    7   25   31                       -0.00685827439842780651    0.00759247536157912298                          
a_ia    4    9                                                      0.00025958097211200383                                                    
mvp2    7   16   25   33   16    7   25   33                        0.01068044444223207289    0.00012241655098941130                          
