op      8    9   26   27    9    8   26   27                       -0.06807826783569703721                                                    
op      7   10   25   28   10    7   25   28                       -0.02112963438761297427                                                    
mvp2    5   10   26   27   10    5   26   27                       -0.03740714640365441074   -0.48267881167753806659                          
mvp2    5   10   23   28   10    5   23   28                       -0.01613649067497784778    0.64091067570907189754                          
a_ia   26   27                                                      0.00284679101692404983                                                    
op      6   10   24   28   10    6   24   28                       -0.02039215443276225573                                                    
mvp2    5    9   26   28    9    5   26   28                       -0.02372075722261660774   -0.91907811394953808914                          
mvp2    5    9   23   27    9    5   23   27                       -0.03469939369902820536   -0.52309512242414657468                          
mvp2    7   16   26   27   16    7   26   27                        0.02389944982650083274    0.38975305602291010487                          
a_ia    7   16                                                      0.00226673737755786562                                                    
mvp2    6   16   26   27   16    6   26   27                        0.01373393216354777853    0.27609154068330937770                          
mvp2    7   16   25   34   16    7   25   34                       -0.01496779366501086762    0.78673856904139116697                          
mvp2    6   17   26   27   17    6   26   27                       -0.02120130189626228193   -0.46718029605732197540                          
mvp2    6   17   24   35   17    6   24   35                       -0.01887052056078422288    0.81392732440938131422                          
a_ia    6   17                                                     -0.00157210555789003741                                                    
mvp2    6   16   24   34   16    6   24   34                       -0.01173507497849198521    0.67919316856364864154                          
mvp2    7   16   24   34   16    7   24   34                       -0.00950739037695093152    0.00006609530844908090                          
