op      8    9   26   27    9    8   26   27                       -0.06779120409908902245                                                    
op      7   10   25   28   10    7   25   28                       -0.02331289354245972070                                                    
mvp2    5   10   26   27   10    5   26   27                       -0.04799521078622216025   -0.49119440950390669265                          
mvp2    5   10   23   28   10    5   23   28                       -0.01833305262977771508    0.68511649137541319465                          
a_ia   26   27                                                      0.00067242415153850150                                                    
op      6   10   24   28   10    6   24   28                       -0.02070250840881958723                                                    
mvp2    5    9   26   28    9    5   26   28                       -0.03058063113638563937   -0.83725198229999020505                          
mvp2    5    9   23   27    9    5   23   27                       -0.03925125641842664576   -0.61319668796596094040                          
mvp2    7   16   26   27   16    7   26   27                        0.02793488409576738371    0.42708331101293217635                          
a_ia    7   16                                                      0.00048004109281848278                                                    
mvp2    6   16   26   27   16    6   26   27                        0.00894846142077262117    0.17396096872748659234                          
mvp2    7   16   25   34   16    7   25   34                       -0.02106824286666614601    1.06139428481251951730                          
mvp2    6   17   26   27   17    6   26   27                       -0.02416569114790235659   -0.51866373219071015832                          
mvp2    6   17   24   35   17    6   24   35                       -0.02155103968566616374    0.87369024783619098073                          
a_ia    6   17                                                     -0.00044371911085224944                                                    
mvp2    6   16   24   34   16    6   24   34                       -0.00689936108311474481    0.95556560613915397795                          
mvp2    7   16   24   34   16    7   24   34                       -0.00512030391467177028    0.11854956888278857241                          
mvp2    7   13   26   27   13    7   26   27                       -0.00888857766337099349   -0.16916882503039878949                          
mvp2    6   17   24   34   17    6   24   34                        0.00606893128660697823    0.23537964928964275058                          
mvp2    5   17   23   35   17    5   23   35                       -0.01093405084920896081    1.23246334694205672555                          
a_ia   26   27                                                      0.00227090803809542642                                                    
mvp2    6   13   26   27   13    6   26   27                        0.01298897350933016573    0.25768131261091981044                          
a_ia    6    7                                                     -0.36282464729747709864                                                    
mvp2    5   16   23   34   16    5   23   34                       -0.00938046985490783095    1.62219072574563227818                          
a_ia   24   25                                                     -0.32027314676527568471                                                    
mvp2    7   15   26   27   15    7   26   27                       -0.01968715605433738955   -0.46771958863363405356                          
mvp2    7   17   24   34   17    7   24   34                        0.01084519432250053046    0.12141583407913117409                          
mvp2    7   15   25   33   15    7   25   33                       -0.01325106033696617572    0.83274117117549495415                          
a_ia    5   16                                                     -0.00012653132410333966                                                    
mvp2    6   10   23   35   10    6   23   35                       -0.02337356457321770886   -0.02453729306131879201                          
op      4    9   20   35    9    4   20   35                       -0.00188527726665082933                                                    
mvp2    7   13   25   33   13    7   25   33                       -0.00850907688930200440    0.21215836595606984982                          
a_ia   25   33                                                     -0.00094800866836215563                                                    
mvp2    7   15   25   31   15    7   25   31                       -0.00828320143713615412    0.80009065652995237095                          
mvp2    4    9   19   28    9    4   19   28                       -0.00120308750766040767    0.36742806651936849027                          
mvp2    7   13   25   31   13    7   25   31                       -0.00715677763908491131   -0.06937493674399694554                          
a_ia    4    9                                                      0.00032627941795237444                                                    
mvp2    7   16   25   33   16    7   25   33                        0.01092488992153506019    0.63424141480799067772                          
mvp2    5   10   23   35   10    5   23   35                        0.00545475039805495658   -0.11624125865932612156                          
mvp2    7   10   25   33   10    7   25   33                        0.01402997721077213142    0.51321264878918559926                          
a_ia   10   12                                                      0.20334241802611724426                                                    
mvp2    7   10   23   34   10    7   23   34                        0.01576235858106313920    0.32595838035392704635                          
a_ia    8   11                                                      0.00081916090907860643                                                    
a_ia   29   35                                                      0.16663496188266285758                                                    
a_ia    5    8                                                      0.05685648258985509518                                                    
a_ia    4    8                                                      0.03443672888258486608                                                    
a_ia    9   11                                                      0.02257807964305554374                                                    
mvp2    6   10   23   34   10    6   23   34                        0.01129352091856442725   -0.00933562319620307758                          
a_ia    2    6                                                      0.03861921750357578259                                                    
mvp2    7   16   25   31   16    7   25   31                        0.00796189998366137429    0.01559639896190376414                          
a_ia   19   28                                                      0.00011866649408316265                                                    
mvp2    6   10   24   34   10    6   24   34                        0.01064667176667081702    0.00005823102027470157                          
mvp2    7   10   24   34   10    7   24   34                        0.00584001143345512334    0.00027822027920395908                          
