op      8    9   26   27    9    8   26   27                       -0.06879951208963532017                                                    
op      7   10   25   28   10    7   25   28                       -0.02257483524700414079                                                    
mvp2    5   10   26   27   10    5   26   27                       -0.04321039176242807978   -0.48476232871340252384                          
mvp2    5   10   23   28   10    5   23   28                       -0.01661256683486072444    0.71416976866230097443                          
a_ia   26   27                                                     -0.00040069212940573972                                                    
op      6   10   24   28   10    6   24   28                       -0.02040076815724416529                                                    
mvp2    5    9   26   28    9    5   26   28                       -0.02711910993478600443   -0.88578685403077006555                          
mvp2    5    9   23   27    9    5   23   27                       -0.03869740256095214465   -0.58814551192004582703                          
mvp2    7   16   26   27   16    7   26   27                        0.03184277189221079024    0.44231431852672631333                          
a_ia    7   16                                                      0.00088867894436008065                                                    
mvp2    6   16   26   27   16    6   26   27                        0.00298619559129599792    0.08602426669478166477                          
mvp2    7   16   25   34   16    7   25   34                       -0.02062862426226958965    0.83007956237099722596                          
mvp2    6   17   26   27   17    6   26   27                       -0.02401175653458192255   -0.49976720445819705629                          
mvp2    6   17   24   35   17    6   24   35                       -0.02086332733538102946    0.83162509280237184583                          
a_ia    6   17                                                     -0.00029647832366058480                                                    
mvp2    6   16   24   34   16    6   24   34                       -0.00555548993734659210    0.84758645349858552365                          
mvp2    7   16   24   34   16    7   24   34                       -0.00710833422430987884    0.12492771468780543287                          
mvp2    7   13   26   27   13    7   26   27                       -0.00623591762669527261   -0.11688406213395612088                          
mvp2    6   17   24   34   17    6   24   34                        0.00641714107193417857    0.06038298429304940484                          
mvp2    5   17   23   35   17    5   23   35                       -0.01079491802749141076    0.58800423396226830786                          
a_ia   26   27                                                      0.00326348185465057334                                                    
mvp2    6   13   26   27   13    6   26   27                        0.01200856336804277842    0.23601309670507655825                          
a_ia    6    7                                                     -0.37881917013271071415                                                    
mvp2    5   16   23   34   16    5   23   34                       -0.01048230874769758535   -0.02450465707617084307                          
a_ia   24   25                                                     -0.32088549661372978150                                                    
mvp2    7   15   26   27   15    7   26   27                       -0.01574629051779910180   -0.38656419123561780449                          
mvp2    7   17   24   34   17    7   24   34                        0.01231702276980664243    0.07373467702450657579                          
mvp2    7   15   25   33   15    7   25   33                       -0.01315461252627045732    0.65770380452006649286                          
a_ia    5   16                                                     -0.00041682409253805924                                                    
mvp2    6   10   23   35   10    6   23   35                       -0.01795845918892823717    0.03434309767625371573                          
op      4    9   20   35    9    4   20   35                       -0.00176289241004173760                                                    
mvp2    7   13   25   33   13    7   25   33                       -0.00838520491580394337   -0.02054826315603297884                          
a_ia   25   33                                                     -0.00057842142478791965                                                    
mvp2    7   15   25   31   15    7   25   31                       -0.00782547872091932800    0.78741786421519910366                          
mvp2    4    9   19   28    9    4   19   28                       -0.00131959281048788651    0.01786015468972856554                          
mvp2    7   13   25   31   13    7   25   31                       -0.00686519846170960402    0.03340747131859366642                          
a_ia    4    9                                                      0.00022683161124506128                                                    
mvp2    7   16   25   33   16    7   25   33                        0.01046469437041279427    0.07528604071817512899                          
mvp2    5   10   23   35   10    5   23   35                        0.00533514043863250135   -0.16086855179001594007                          
mvp2    7   10   25   33   10    7   25   33                        0.01407440432543516189    0.08368317451801038365                          
a_ia   10   12                                                      0.21310205198029566476                                                    
