op      8    9   26   27    9    8   26   27                       -0.06829728441547794349                                                    
op      7   10   25   28   10    7   25   28                       -0.02176098870662961440                                                    
mvp2    5   10   26   27   10    5   26   27                       -0.03993782570072199750   -0.48715120083057333877                          
mvp2    5   10   23   28   10    5   23   28                       -0.01595188141949943281    0.72162283498435475515                          
a_ia   26   27                                                     -0.00004440909804226895                                                    
op      6   10   24   28   10    6   24   28                       -0.01990017168949538909                                                    
mvp2    5    9   26   28    9    5   26   28                       -0.02547853880275129101   -0.88435222296316429169                          
mvp2    5    9   23   27    9    5   23   27                       -0.03723159701759817114   -0.57581162010280062535                          
mvp2    7   16   26   27   16    7   26   27                        0.03223838409090236390    0.46863353890727393880                          
a_ia    7   16                                                      0.00110391031395338764                                                    
mvp2    6   16   26   27   16    6   26   27                        0.00089731536703807385    0.05255402851006903825                          
mvp2    7   16   25   34   16    7   25   34                       -0.02064326315710152474    0.77799673024854887338                          
mvp2    6   17   26   27   17    6   26   27                       -0.02394716898181625114   -0.48050619560030050081                          
mvp2    6   17   24   35   17    6   24   35                       -0.02074288939355950490    0.75358604604068679667                          
a_ia    6   17                                                     -0.00044723385829061323                                                    
mvp2    6   16   24   34   16    6   24   34                       -0.00529009102731852702    0.78668855539023563317                          
mvp2    7   16   24   34   16    7   24   34                       -0.00733843603353887940    0.14208457952576530881                          
mvp2    7   13   26   27   13    7   26   27                       -0.00602689583743134302   -0.09769740054310030453                          
mvp2    6   17   24   34   17    6   24   34                        0.00656010608991899457   -0.03551342881516059147                          
mvp2    5   17   23   35   17    5   23   35                       -0.01061271293260186883   -0.02384267227704379988                          
a_ia   26   27                                                      0.00288556542708932450                                                    
mvp2    6   13   26   27   13    6   26   27                        0.01186269520167135619    0.24855930736442038986                          
a_ia    6    7                                                     -0.42523465482753092237                                                    
mvp2    5   16   23   34   16    5   23   34                       -0.01047205602601692861   -0.02397007609561086980                          
a_ia   24   25                                                     -0.31454697903504963419                                                    
mvp2    7   15   26   27   15    7   26   27                       -0.01319945039142100818   -0.31931747672030696972                          
mvp2    7   17   24   34   17    7   24   34                        0.01290621873057354665    0.04406832114231858111                          
mvp2    7   15   25   33   15    7   25   33                       -0.01174141050237943740    0.72406276404588287843                          
a_ia    5   16                                                     -0.00062697096791505314                                                    
mvp2    6   10   23   35   10    6   23   35                       -0.01253811859274419488    0.00006064359565219164                          
op      4    9   20   35    9    4   20   35                       -0.00172549707569254890                                                    
mvp2    7   13   25   33   13    7   25   33                       -0.00785313274662386221   -0.00000735341713701483                          
a_ia   25   33                                                     -0.00087974507904419364                                                    
