op      8    9   26   27    9    8   26   27                       -0.06829302191927277832                                                    
op      7   10   25   28   10    7   25   28                       -0.02185425937058023058                                                    
mvp2    5   10   26   27   10    5   26   27                       -0.04019418888087026437   -0.48720736473286002655                          
mvp2    5   10   23   28   10    5   23   28                       -0.01558647445312720363    0.72186090314141682089                          
a_ia   26   27                                                     -0.00023926202191838338                                                    
op      6   10   24   28   10    6   24   28                       -0.01972411566950894521                                                    
mvp2    5    9   26   28    9    5   26   28                       -0.02548941578908410846   -0.88425084855512214865                          
mvp2    5    9   23   27    9    5   23   27                       -0.03741458100715166352   -0.57591339447276368446                          
mvp2    7   16   26   27   16    7   26   27                        0.03213192249945665685    0.46878927560501082450                          
a_ia    7   16                                                      0.00103179749193656189                                                    
mvp2    6   16   26   27   16    6   26   27                        0.00091050301712015318    0.05255189985976195521                          
mvp2    7   16   25   34   16    7   25   34                       -0.02066299147113169130    0.77762100414765722434                          
mvp2    6   17   26   27   17    6   26   27                       -0.02395668874790317371   -0.48043709905675446858                          
mvp2    6   17   24   35   17    6   24   35                       -0.02047695192764370856    0.75315141075944569415                          
a_ia    6   17                                                     -0.00033780496049800717                                                    
mvp2    6   16   24   34   16    6   24   34                       -0.00524495194070906910    0.78662147936666759751                          
mvp2    7   16   24   34   16    7   24   34                       -0.00728034124811939316    0.14216240443258648662                          
mvp2    7   13   26   27   13    7   26   27                       -0.00607113317815641523   -0.09734058589940192130                          
mvp2    6   17   24   34   17    6   24   34                        0.00656098993264493842   -0.03564992864643253684                          
mvp2    5   17   23   35   17    5   23   35                       -0.01044410454844615227   -0.02433948107203966552                          
a_ia   26   27                                                      0.00302132426041462968                                                    
mvp2    6   13   26   27   13    6   26   27                        0.01188199550277501022    0.24870325103748511242                          
a_ia    6    7                                                     -0.42555852646940856010                                                    
mvp2    5   16   23   34   16    5   23   34                       -0.01052419113625949025   -0.02394393515845356923                          
a_ia   24   25                                                     -0.31453745690240753063                                                    
mvp2    7   15   26   27   15    7   26   27                       -0.01326194893051403992   -0.31954937116365733640                          
mvp2    7   17   24   34   17    7   24   34                        0.01284881226293046498    0.04387957516061883473                          
mvp2    7   15   25   33   15    7   25   33                       -0.01162865857117538135    0.72388531004151202009                          
a_ia    5   16                                                     -0.00065755816921948319                                                    
