op      8    9   26   27    9    8   26   27                       -0.06872004716744263553                                                    
op      7   10   25   28   10    7   25   28                       -0.02213880288598830265                                                    
mvp2    5   10   26   27   10    5   26   27                       -0.04225591811558212368   -0.48190279311565975551                          
mvp2    5   10   23   28   10    5   23   28                       -0.01616088949230393493    0.71911432121648266591                          
a_ia   26   27                                                      0.00096756861598405730                                                    
op      6   10   24   28   10    6   24   28                       -0.02011709214230917794                                                    
mvp2    5    9   26   28    9    5   26   28                       -0.02740525920108269342   -0.88657129388749733589                          
mvp2    5    9   23   27    9    5   23   27                       -0.03848443743264837874   -0.58889285523699053115                          
mvp2    7   16   26   27   16    7   26   27                        0.03194032486905309942    0.43947729107931726711                          
a_ia    7   16                                                      0.00137054842068354884                                                    
mvp2    6   16   26   27   16    6   26   27                        0.00299740829516495673    0.08068932742388928991                          
mvp2    7   16   25   34   16    7   25   34                       -0.02074451215795758766    0.81999660860055978429                          
mvp2    6   17   26   27   17    6   26   27                       -0.02378128804721920189   -0.50606465657113230971                          
mvp2    6   17   24   35   17    6   24   35                       -0.02100269551700717843    0.82208079609396700338                          
a_ia    6   17                                                     -0.00086215966693615250                                                    
mvp2    6   16   24   34   16    6   24   34                       -0.00552378201003472270    0.84338189557035025956                          
mvp2    7   16   24   34   16    7   24   34                       -0.00718703060843453069    0.11911786315930406044                          
mvp2    7   13   26   27   13    7   26   27                       -0.00597394873097509271   -0.12246223823249667573                          
mvp2    6   17   24   34   17    6   24   34                        0.00668726052222728094    0.06379097773639834379                          
mvp2    5   17   23   35   17    5   23   35                       -0.01086429822349639814    0.55671173812483576437                          
a_ia   26   27                                                      0.00215237691339524497                                                    
mvp2    6   13   26   27   13    6   26   27                        0.01212268819949250710    0.23056721623965859003                          
a_ia    6    7                                                     -0.39056610345715753185                                                    
mvp2    5   16   23   34   16    5   23   34                       -0.01048988153039166413   -0.02608014032030205043                          
a_ia   24   25                                                     -0.31817152683744642783                                                    
mvp2    7   15   26   27   15    7   26   27                       -0.01557145866835085019   -0.39418943512157184061                          
mvp2    7   17   24   34   17    7   24   34                        0.01282742271059865956    0.06878041727475349421                          
mvp2    7   15   25   33   15    7   25   33                       -0.01315378309442985158    0.64401930169912424695                          
a_ia    5   16                                                     -0.00042644464512273952                                                    
mvp2    6   10   23   35   10    6   23   35                       -0.01737866567826806818    0.03339722667731589295                          
op      4    9   20   35    9    4   20   35                       -0.00177449500398328447                                                    
mvp2    7   13   25   33   13    7   25   33                       -0.00843227102105572300   -0.02758266052482770750                          
a_ia   25   33                                                     -0.00052676389366033993                                                    
mvp2    7   15   25   31   15    7   25   31                       -0.00785007425213221123    0.78840636366239336130                          
mvp2    4    9   19   28    9    4   19   28                       -0.00129526937507228436    0.01562017940400794135                          
mvp2    7   13   25   31   13    7   25   31                       -0.00685917162495255656    0.03858507033357457677                          
a_ia    4    9                                                      0.00020890335274874401                                                    
mvp2    7   16   25   33   16    7   25   33                        0.01052755973442255459    0.08309416115597528796                          
mvp2    5   10   23   35   10    5   23   35                        0.00509558319630926300   -0.18083012418045837921                          
mvp2    7   10   25   33   10    7   25   33                        0.01329853142053715083    0.07269734390005261337                          
