op      8    9   26   27    9    8   26   27                       -0.06820134898803834056                                                    
op      7   10   25   28   10    7   25   28                       -0.02119824845694989052                                                    
mvp2    5   10   26   27   10    5   26   27                       -0.03798819887045559035   -0.48053420068673602383                          
mvp2    5   10   23   28   10    5   23   28                       -0.01614677739757647279    0.66868029358481162472                          
a_ia   26   27                                                      0.00265032331076976019                                                    
op      6   10   24   28   10    6   24   28                       -0.02038291444025279453                                                    
mvp2    5    9   26   28    9    5   26   28                       -0.02409157557932066832   -0.91044812584535261824                          
mvp2    5    9   23   27    9    5   23   27                       -0.03552824994495994149   -0.53417018176092678772                          
mvp2    7   16   26   27   16    7   26   27                        0.02476288312285176291    0.39995409410805127237                          
a_ia    7   16                                                      0.00215584119006909927                                                    
mvp2    6   16   26   27   16    6   26   27                        0.01371164621568305222    0.26323126134029417589                          
mvp2    7   16   25   34   16    7   25   34                       -0.01515665062841273746    0.80102286247353138293                          
mvp2    6   17   26   27   17    6   26   27                       -0.02124937655706707687   -0.45939612651596672954                          
mvp2    6   17   24   35   17    6   24   35                       -0.01886853034225137796    0.82125549726528335182                          
a_ia    6   17                                                     -0.00148896949056438570                                                    
mvp2    6   16   24   34   16    6   24   34                       -0.01180012879936336023    0.68671733178949390108                          
mvp2    7   16   24   34   16    7   24   34                       -0.00950650128069785265    0.02020088520305144894                          
mvp2    7   13   26   27   13    7   26   27                       -0.01008443079087969346   -0.20211732183740491187                          
mvp2    6   17   24   34   17    6   24   34                        0.00727205875845908945   -0.00000431192746378225                          
