-4.224198451376545904e+02
-4.224565901401913948e+02
-4.224782090897344915e+02
-4.225001005407860930e+02
-4.225162675251708038e+02
-4.225258165650849946e+02
-4.225401730800763858e+02
-4.225471881758766131e+02
-4.225574315157285241e+02
-4.225645267947938919e+02
-4.225704299121514964e+02
-4.225745885976418208e+02
-4.225768764198003282e+02
-4.225802273288550737e+02
-4.225830449135074787e+02
-4.225912096300816074e+02
-4.225933103243659730e+02
-4.225948168606424815e+02
-4.225972522164800012e+02
-4.225973191464585739e+02
-4.226019250683374935e+02
-4.226050651725415719e+02
-4.226051846233414722e+02
-4.226079822329256217e+02
-4.226080610907749247e+02
-4.226093141095224723e+02
-4.226093486345226893e+02
-4.226094056750288814e+02
-4.226124973295592895e+02
-4.226146919545944911e+02
-4.226147523395600274e+02
-4.226170319950903149e+02
-4.226171306065226076e+02
-4.226171750821354181e+02
-4.226174397475055002e+02
-4.226175286281010131e+02
-4.226175619056061805e+02
-4.226176155998472836e+02
-4.226179581651139756e+02
-4.226191695789323148e+02
-4.226198246486171115e+02
-4.226205078707998837e+02
-4.226205706602224268e+02
-4.226206199135502857e+02
-4.226206552062566857e+02
-4.226206885585518762e+02
-4.226207395627353094e+02
-4.226207916923809762e+02
-4.226208618997375766e+02
-4.226208891819155156e+02
-4.226209140318605932e+02
-4.226209883329360082e+02
-4.226210375012706209e+02
-4.226210813974851135e+02
-4.226211216057757269e+02
-4.226211756220744746e+02
-4.226211919866817084e+02
-4.226212543793093914e+02
-4.226212737258173888e+02
-4.226212944870179058e+02
-4.226213367112338233e+02
-4.226213721432994248e+02
-4.226220967806942213e+02
-4.226221206864374835e+02
-4.226221985637297962e+02
-4.226222585322706777e+02
-4.226222815368258807e+02
-4.226223082485278724e+02
-4.226223262768044719e+02
-4.226223546659491035e+02
-4.226223897140575900e+02
-4.226225341002216283e+02
-4.226225910451502159e+02
-4.226226159225275865e+02
-4.226226473555860252e+02
-4.226226716462816739e+02
-4.226227021732599951e+02
-4.226227208480033823e+02
-4.226227455192782827e+02
-4.226227731115419033e+02
-4.226228004032109880e+02
-4.226228253097406196e+02
-4.226228512756226223e+02
-4.226228780630621031e+02
-4.226229019138885974e+02
-4.226229207766530180e+02
-4.226229457576126833e+02
-4.226229616170505778e+02
-4.226229700182369129e+02
-4.226229950583614254e+02
