op      3   13   27   37   13    3   27   37                       -0.04630094921420738890                                                    
a_ia   27   37                                                     -0.00311994720379951684                                                    
a_ia    3   13                                                     -0.00352093531349755538                                                    
op      8   18   32   42   18    8   32   42                       -0.01833766366218770108                                                    
op      8   18   32   38   18    8   32   38                        0.00602593878368576190                                                    
op      3   21   27   45   21    3   27   45                       -0.00694655093560899838                                                    
mvp2    3   21   32   42   21    3   32   42                       -0.00484017767929330930   -0.12309004759335952228                          
a_ia    3   21                                                     -0.00064650272240845410                                                    
a_ia   27   45                                                     -0.00192891124679079153                                                    
op      3   19   27   43   19    3   27   43                       -0.01568206767746173694                                                    
op      3   17   27   41   17    3   27   41                       -0.01857401756180601660                                                    
om      8   21   32   45   21    8   32   45                       -0.00694666259806246428                                                    
op      3   19   27   42   19    3   27   42                       -0.00846895457507393715                                                    
om      3   13   27   45   13    3   27   45                        0.03528772786092116559                                                    
mvp2    3   13    8   18    3    8   18   13                       -0.01770647501019846290    0.64925430041507981027                          
mvp2    3   21   32   45   21    3   32   45                       -0.00072786221074354123   -0.00751665273750982792                          
mvp2    3   13   32   42   13    3   32   42                       -0.02400533317269284289    0.33514649128369061737                          
mvp2    3   21   32   43   21    3   32   43                       -0.00094810931048931399    0.53198223446274406356                          
mvp3    3   18    8   21    3    8   21   18    3    8   18   21   -0.01185936712069549440    0.10344334144380123996    0.88367405561771716904
a_ia    3   21                                                     -0.00312229663455849179                                                    
