op      3   13   27   37   13    3   27   37                       -0.05683729667915488060                                                    
a_ia   27   37                                                     -0.00360771591892207174                                                    
a_ia    3   13                                                     -0.00741470727938862810                                                    
op      8   18   32   42   18    8   32   42                       -0.02240809436081790673                                                    
op      8   18   32   38   18    8   32   38                        0.03762038018494846814                                                    
op      3   21   27   45   21    3   27   45                       -0.00759663895749947832                                                    
mvp2    3   21   32   42   21    3   32   42                        0.00181860229588342811    0.88936192743526976123                          
a_ia    3   21                                                     -0.00035704053576209299                                                    
a_ia   27   45                                                     -0.00394389448014404419                                                    
op      3   19   27   43   19    3   27   43                       -0.01695683642109405143                                                    
op      3   17   27   41   17    3   27   41                       -0.01874679125530216706                                                    
om      8   21   32   45   21    8   32   45                       -0.00712010476164981216                                                    
op      3   19   27   42   19    3   27   42                       -0.00810693987442375440                                                    
om      3   13   27   45   13    3   27   45                        0.05182271173583488655                                                    
mvp2    3   13    8   18    3    8   18   13                       -0.05042645540195934972    1.13648561477300025224                          
mvp2    3   21   32   45   21    3   32   45                        0.00307950042451764780    0.39052905934487996964                          
mvp2    3   13   32   42   13    3   32   42                        0.00199781822760182340    1.15496533419957514432                          
mvp2    3   21   32   43   21    3   32   43                        0.00086458542163346866    1.80120939649556222051                          
mvp3    3   18    8   21    3    8   21   18    3    8   18   21   -0.04163151940741017382    0.31093957075466216455    1.12895001447127851790
a_ia    3   21                                                     -0.00486295646335344577                                                    
a_ia   27   38                                                     -0.00060754078991452284                                                    
mvp2    3   13   32   38   13    3   32   38                        0.02943395272041191002   -2.23693241128537234630                          
a_ia   32   38                                                      0.00061108152670474359                                                    
mvp2    8   19   32   43   19    8   32   43                       -0.00916029674195061906    0.01248477074799891548                          
mvp2    8   22   32   42   22    8   32   42                        0.01472921021862097675    0.95539526933092266958                          
mvp2    8   22   32   46   22    8   32   46                       -0.01668653379964497863    0.44217569153397434656                          
mvp2    8   22   27   46   22    8   27   46                        0.01171518622383018252   -0.55971010730163883728                          
a_ia   32   46                                                     -0.00189606453094662113                                                    
mvp2    3   22   27   46   22    3   27   46                       -0.00827324735922525638    0.00332982799919276633                          
a_ia   27   46                                                      0.00280765123786125672                                                    
a_ia    3   22                                                      0.00001094785682111857                                                    
op      8   20   32   44   20    8   32   44                       -0.00303467307142535727                                                    
a_ia    8   17                                                     -0.00206228622678048153                                                    
mvp2    3   18   27   42   18    3   27   42                       -0.00818277406838370525   -0.03935443693749943878                          
op      8   23   32   47   23    8   32   47                       -0.00827134482004774317                                                    
mvp2    8   18   32   46   18    8   32   46                        0.01506632160378685789   -0.51563311784676546523                          
mvp2    3   22   27   45   22    3   27   45                        0.01191970888895417524    0.42055827709243448487                          
mvp2    8   18   32   44   18    8   32   44                       -0.00506554635376411152    0.26745370917479099893                          
a_ia    8   18                                                      0.00152772112044570496                                                    
a_ia   32   44                                                      0.00049966542265135537                                                    
mvp2    3   21   24   47   21    3   24   47                       -0.01913775572779325210    0.58398231172049219762                          
mvp2    3   21   24   36   21    3   24   36                       -0.00581436420710677339    0.81792340884255854139                          
a_ia   24   36                                                      0.00539165987495368940                                                    
mvp2    3   13   24   47   13    3   24   47                        0.01752767584612695273    1.05952822674816049542                          
mvp2    3   13   24   36   13    3   24   36                        0.01492050838430370764    0.51932201470303940294                          
mvp2    3   13   24   43   13    3   24   43                        0.01059981138027282430   -0.16339755270752209793                          
a_ia    3   13                                                     -0.00196610319995892341                                                    
a_ia   12   21                                                     -0.33682826011939193123                                                    
mvp2    3   21   24   43   21    3   24   43                       -0.00979768934121428084    0.27624880227843362501                          
a_ia    3   21                                                     -0.00477525433250100290                                                    
mvp2    3   12   27   36   12    3   27   36                       -0.01936406980545097439    0.55930187552403487494                          
a_ia   27   43                                                     -0.00126928862489509285                                                    
mvp2    3   12   27   43   12    3   27   43                       -0.01232046197100374746    0.18521734121522290262                          
mvp2    8   14   32   38   14    8   32   38                       -0.01327500026550312330   -0.24381173710405601440                          
mvp2    8   19   32   46   19    8   32   46                       -0.00666162569196742434   -0.44697032035036066144                          
mvp2    8   22   32   45   22    8   32   45                       -0.00845374316762803439    0.26020433228259637337                          
mvp2    0   23   24   47   23    0   24   47                       -0.01064278888571926728   -0.92151307001299254118                          
mvp2    0   12   24   36   12    0   24   36                       -0.01383177782689450248   -1.06304893804946276603                          
mvp2    0   12   24   47   12    0   24   47                       -0.00829812789425844223   -0.05939255178342563862                          
mvp2    0   23   24   36   23    0   24   36                       -0.00869478550619996217    0.48623351301481743114                          
mvp2    0   21   24   45   21    0   24   45                       -0.00782149041931404047    0.56962442404614266334                          
a_ia   24   45                                                     -0.00078992053221786478                                                    
a_ia    8   22                                                     -0.00155055224201243241                                                    
mvp2    3   23   24   45   23    3   24   45                       -0.01165451075288819263    0.04288330722454448962                          
mvp2    8   14   32   46   14    8   32   46                       -0.00888713231274704078   -0.41979260817186581090                          
mvp2    8   21   27   45   21    8   27   45                       -0.01688919649693279568   -0.26312080625011663448                          
mvp2    0   19   27   45   19    0   27   45                       -0.00569732733845921754   -0.07630191746654808871                          
mvp2    0   19   24   43   19    0   24   43                       -0.00680916473081647107   -0.53569534709494637248                          
a_ia   21   23                                                     -0.15346484925000214439                                                    
a_ia    8    9                                                     -0.29781260776858947681                                                    
a_ia   27   28                                                     -0.28212107184553786299                                                    
a_ia   32   33                                                     -0.28710941338646028820                                                    
a_ia    3    9                                                     -0.10223274633601420192                                                    
a_ia    3    4                                                     -0.25572707175013503766                                                    
a_ia   24   25                                                     -0.19036803542886360230                                                    
mvp2    4   14   28   38   14    4   28   38                       -0.02648446611198868386   -0.55929675755709495899                          
a_ia    4   14                                                      0.00277330366829586783                                                    
mvp2    4   14   28   44   14    4   28   44                       -0.01285646696821224864    0.01019182491490811492                          
a_ia   15   18                                                      0.36644361064545494244                                                    
mvp2    4   14   28   42   14    4   28   42                        0.00728237199058463271   -0.22507815859626015276                          
mvp2    4   20   28   44   20    4   28   44                       -0.01415658250689124341    0.29632456899330533728                          
a_ia   28   42                                                     -0.00238155141085493339                                                    
a_ia   20   22                                                      0.63362394102246366590                                                    
a_ia   28   42                                                      0.00111040537639312117                                                    
mvp2    4   20   28   42   20    4   28   42                        0.00655463332923864137   -0.22305306142899861133                          
mvp2    4   22   28   44   22    4   28   44                        0.00803008334017308451    0.28373963675735297540                          
mvp2    4   20   28   38   20    4   28   38                       -0.01320088708284083978   -0.76615770481070977205                          
mvp2    0   18   24   42   18    0   24   42                       -0.00778249078075321597    0.03349462180052415611                          
mvp2    3   13   24   42   13    3   24   42                        0.00537685994016800714   -0.15939190147341847359                          
a_ia   24   42                                                     -0.00101084233468526135                                                    
mvp2    0   22   24   46   22    0   24   46                       -0.00580087072135917776    0.21881010614184767671                          
mvp2    4   22   32   46   22    4   32   46                       -0.00493278301315863178   -0.28375297714568731289                          
a_ia   13   18                                                      0.08375903263457031012                                                    
mvp2    4   20   32   44   20    4   32   44                        0.00388085569458015804   -0.20365897663698137587                          
a_ia   24   28                                                      0.06764672963876987299                                                    
mvp2    4   18   28   44   18    4   28   44                        0.00561688462729687844    0.00009414258200283085                          
a_ia   44   46                                                      0.39837972398020188303                                                    
a_ia    4   18                                                     -0.00143330476392432770                                                    
mvp2    0   18   24   44   18    0   24   44                       -0.00380704650602861584   -0.00180956954930857152                          
a_ia    0    4                                                      0.03916238265682837894                                                    
a_ia   24   44                                                     -0.00109291121739443255                                                    
a_ia   13   22                                                      0.15210994884813339167                                                    
mvp2    3   19   27   36   19    3   27   36                       -0.01137382945179059822    0.08576696771997580071                          
a_ia    3   19                                                     -0.00112797128052078322                                                    
a_ia   27   36                                                     -0.00169118993492057635                                                    
