op      3   13   27   37   13    3   27   37                       -0.04714330343004984047                                                    
a_ia   27   37                                                     -0.00241682732273142088                                                    
a_ia    3   13                                                     -0.00356455014567869273                                                    
op      8   18   32   42   18    8   32   42                       -0.02447721794480355734                                                    
op      8   18   32   38   18    8   32   38                        0.01330176220840228150                                                    
op      3   21   27   45   21    3   27   45                       -0.00446642664523592622                                                    
mvp2    3   21   32   42   21    3   32   42                       -0.00242248997509489448    0.66925299431097862168                          
a_ia    3   21                                                     -0.00064300081932575385                                                    
a_ia   27   45                                                     -0.00207791826679802616                                                    
op      3   19   27   43   19    3   27   43                       -0.01524885283970117342                                                    
op      3   17   27   41   17    3   27   41                       -0.01829982023123096282                                                    
om      8   21   32   45   21    8   32   45                       -0.00704670563741905710                                                    
op      3   19   27   42   19    3   27   42                       -0.00843563725218030545                                                    
om      3   13   27   45   13    3   27   45                        0.03798138021126423736                                                    
mvp2    3   13    8   18    3    8   18   13                       -0.02501159892576106103    0.62705551450796626067                          
mvp2    3   21   32   45   21    3   32   45                        0.00106217104632151172    0.44146388720557583341                          
mvp2    3   13   32   42   13    3   32   42                       -0.03243313471956478511    0.57614209715918596189                          
mvp2    3   21   32   43   21    3   32   43                        0.00038250472111950632    0.87661984527601677364                          
mvp3    3   18    8   21    3    8   21   18    3    8   18   21   -0.00058967083906767107    0.24010617718107815644    1.00976380113407482320
a_ia    3   21                                                     -0.00389152502608932412                                                    
a_ia   27   38                                                     -0.00066825653390124211                                                    
mvp2    3   13   32   38   13    3   32   38                        0.01940734248195023076   -0.27466408774878992016                          
a_ia   32   38                                                      0.00068619075964843968                                                    
mvp2    8   19   32   43   19    8   32   43                       -0.00853909897556842309   -0.33729895418121186301                          
mvp2    8   22   32   42   22    8   32   42                        0.01104627601248978942    0.91026211078071062044                          
mvp2    8   22   32   46   22    8   32   46                       -0.01263242981572312330    0.60365168445216055293                          
mvp2    8   22   27   46   22    8   27   46                        0.00507374431253396988   -0.49014546518686286092                          
a_ia   32   46                                                     -0.00087086913272229932                                                    
mvp2    3   22   27   46   22    3   27   46                       -0.00619072417034182993   -0.00039643366053277997                          
a_ia   27   46                                                      0.00150287988072938042                                                    
a_ia    3   22                                                      0.00103486331486654149                                                    
op      8   20   32   44   20    8   32   44                       -0.00746444803684608200                                                    
a_ia    8   17                                                     -0.00083440799225645334                                                    
mvp2    3   18   27   42   18    3   27   42                       -0.00953242158467497609   -0.00003165739135160463                          
