op      3   13   27   37   13    3   27   37                       -0.03748843332896210218                                                    
a_ia   27   37                                                     -0.00177983793604559654                                                    
a_ia    3   13                                                     -0.00298985430421549580                                                    
op      8   18   32   42   18    8   32   42                       -0.01762939400140128843                                                    
op      8   18   32   38   18    8   32   38                        0.00952511939683078207                                                    
op      3   21   27   45   21    3   27   45                       -0.02254907693794236737                                                    
mvp2    3   21   32   42   21    3   32   42                        0.01325450383204629032   -0.00079601574195876294                          
a_ia    3   21                                                     -0.00131227008353735643                                                    
a_ia   27   45                                                     -0.00077221915868861042                                                    
op      3   19   27   43   19    3   27   43                       -0.01573749667662707394                                                    
op      3   17   27   41   17    3   27   41                       -0.01859294798410655869                                                    
om      8   21   32   45   21    8   32   45                       -0.00658967283330605131                                                    
op      3   19   27   42   19    3   27   42                       -0.00854623533742318760                                                    
om      3   13   27   45   13    3   27   45                        0.02310538323012240741                                                    
