op      3   13   27   37   13    3   27   37                       -0.05592925921163066638                                                    
a_ia   27   37                                                     -0.00372070404771382857                                                    
a_ia    3   13                                                     -0.00802229521492060088                                                    
op      8   18   32   42   18    8   32   42                       -0.02715652561660195433                                                    
op      8   18   32   38   18    8   32   38                        0.03969920574689921738                                                    
op      3   21   27   45   21    3   27   45                       -0.00685061448514900136                                                    
mvp2    3   21   32   42   21    3   32   42                        0.00173428903123757153    0.77840116726403385528                          
a_ia    3   21                                                     -0.00026848556740075659                                                    
a_ia   27   45                                                     -0.00384401948703605922                                                    
op      3   19   27   43   19    3   27   43                       -0.01695326361111743063                                                    
op      3   17   27   41   17    3   27   41                       -0.01870775258114448780                                                    
om      8   21   32   45   21    8   32   45                       -0.00742297964458716111                                                    
op      3   19   27   42   19    3   27   42                       -0.00766209163158929670                                                    
om      3   13   27   45   13    3   27   45                        0.05245380357288784851                                                    
mvp2    3   13    8   18    3    8   18   13                       -0.04831441631906157469    1.13847477675597241742                          
mvp2    3   21   32   45   21    3   32   45                        0.00164431393318232623    0.57373964891257733800                          
mvp2    3   13   32   42   13    3   32   42                       -0.00912606222935801945    1.22589581244924850090                          
mvp2    3   21   32   43   21    3   32   43                        0.00058239500319149566    1.76233807587211943613                          
mvp3    3   18    8   21    3    8   21   18    3    8   18   21   -0.04216820347228241589    0.46375935225952652496    1.12350569471378913811
a_ia    3   21                                                     -0.00493493716813378763                                                    
a_ia   27   38                                                     -0.00075069093524168405                                                    
mvp2    3   13   32   38   13    3   32   38                        0.03396097567703919295   -1.63890043095647608418                          
a_ia   32   38                                                      0.00075850319130729607                                                    
mvp2    8   19   32   43   19    8   32   43                       -0.00920819617744961585   -0.05180662041489896702                          
mvp2    8   22   32   42   22    8   32   42                        0.01428611380739378510    0.93690130276606398141                          
mvp2    8   22   32   46   22    8   32   46                       -0.01345204679979098393    0.46408605006502162693                          
mvp2    8   22   27   46   22    8   27   46                        0.00876144567910377807   -0.49903689981218513072                          
a_ia   32   46                                                     -0.00162679158559058518                                                    
mvp2    3   22   27   46   22    3   27   46                       -0.00748953111010971888    0.00997683229062394129                          
a_ia   27   46                                                      0.00249345379792893177                                                    
a_ia    3   22                                                      0.00023138627096753138                                                    
op      8   20   32   44   20    8   32   44                       -0.00304646418970183283                                                    
a_ia    8   17                                                     -0.00212717667308851433                                                    
mvp2    3   18   27   42   18    3   27   42                       -0.00892643414997896720   -0.05342233644738226400                          
op      8   23   32   47   23    8   32   47                       -0.00831412794327904096                                                    
mvp2    8   18   32   46   18    8   32   46                        0.01156918736569548245   -0.37604413378299239579                          
mvp2    3   22   27   45   22    3   27   45                        0.01283964498494217892    0.45564432306601360123                          
mvp2    8   18   32   44   18    8   32   44                       -0.01046122260134049221    0.52841063059084647513                          
a_ia    8   18                                                      0.00136011086401054636                                                    
a_ia   32   44                                                      0.00162277296799030139                                                    
mvp2    3   21   24   47   21    3   24   47                       -0.01746703763691719383    0.63385754646991743222                          
mvp2    3   21   24   36   21    3   24   36                       -0.00984172343509807923    0.82644655273395062345                          
a_ia   24   36                                                      0.00545440361785533290                                                    
mvp2    3   13   24   47   13    3   24   47                        0.01520816641610859589    0.89928335242216106415                          
mvp2    3   13   24   36   13    3   24   36                        0.01721317434472518712    0.39973048265154542680                          
mvp2    3   13   24   43   13    3   24   43                        0.01017362404326273284   -0.19025547464688155608                          
a_ia    3   13                                                     -0.00192235041364937926                                                    
a_ia   12   21                                                     -0.33829940496436267106                                                    
mvp2    3   21   24   43   21    3   24   43                       -0.00982161132341217644    0.21263035104918898144                          
a_ia    3   21                                                     -0.00493564292423488791                                                    
mvp2    3   12   27   36   12    3   27   36                       -0.01912353012500997776    0.50989870322810360026                          
a_ia   27   43                                                     -0.00125922837369589653                                                    
mvp2    3   12   27   43   12    3   27   43                       -0.01220226367027069277    0.19321421517227532760                          
mvp2    8   14   32   38   14    8   32   38                       -0.01337436633187621092   -0.25786103721086439666                          
mvp2    8   19   32   46   19    8   32   46                       -0.00480188567002343657   -0.49990842702519971974                          
mvp2    8   22   32   45   22    8   32   45                       -0.00858309735761503788    0.11884107353719200462                          
mvp2    0   23   24   47   23    0   24   47                       -0.01056351876452154594   -0.88066916459134303441                          
mvp2    0   12   24   36   12    0   24   36                       -0.01387420364076475364   -0.87159079443827680578                          
mvp2    0   12   24   47   12    0   24   47                       -0.00827885553834994958   -0.03433883121157745022                          
mvp2    0   23   24   36   23    0   24   36                       -0.00869831888220494454    0.25459317295306210793                          
mvp2    0   21   24   45   21    0   24   45                       -0.00781011907822482063    0.51338989888307762222                          
a_ia   24   45                                                     -0.00086207539937174706                                                    
a_ia    8   22                                                     -0.00242643496133512424                                                    
mvp2    3   23   24   45   23    3   24   45                       -0.01081799297154652922    0.03984332118400146089                          
mvp2    8   14   32   46   14    8   32   46                       -0.00843320314365590511   -0.51508733729890532338                          
mvp2    8   21   27   45   21    8   27   45                       -0.01771230514007454682   -0.29013200535745903297                          
mvp2    0   19   27   45   19    0   27   45                       -0.00679748183637351577   -0.15216791058443573936                          
mvp2    0   19   24   43   19    0   24   43                       -0.00625388046243605458   -0.37068964151357297609                          
a_ia   21   23                                                     -0.15701225871457266670                                                    
a_ia    8    9                                                     -0.29961591432231360344                                                    
a_ia   27   28                                                     -0.27946185707548054644                                                    
a_ia   32   33                                                     -0.29586231791523842638                                                    
a_ia    3    9                                                     -0.08987743891658672712                                                    
a_ia    3    4                                                     -0.26609490536668112259                                                    
a_ia   24   25                                                     -0.19094599237864934294                                                    
mvp2    4   14   28   38   14    4   28   38                       -0.02629740591498920532   -0.34788235952965451681                          
a_ia    4   14                                                      0.00357905670329333649                                                    
mvp2    4   14   28   44   14    4   28   44                       -0.01317918779701523872    0.29098892069355586365                          
a_ia   15   18                                                      0.35642115004921237631                                                    
mvp2    4   14   28   42   14    4   28   42                        0.00722592548890278654    0.09769965115586717874                          
mvp2    4   20   28   44   20    4   28   44                       -0.01468987489737652932    0.00695576115700636231                          
a_ia   28   42                                                      0.00054145307070670309                                                    
a_ia   20   22                                                      0.59185388548194350911                                                    
a_ia   28   42                                                     -0.00259126024388577720                                                    
mvp2    4   20   28   42   20    4   28   42                        0.00666512721729109643   -0.00102777467254340895                          
mvp2    4   22   28   44   22    4   28   44                        0.00814125793302552907   -0.00053271107610632681                          
mvp2    4   20   28   38   20    4   28   38                       -0.01297841171924297640   -0.00432186132478643882                          
mvp2    0   18   24   42   18    0   24   42                       -0.00766269603551331894    0.00281641059925954442                          
mvp2    3   13   24   42   13    3   24   42                        0.00499893044120031365   -0.13872814403650865489                          
a_ia   24   42                                                     -0.00072063487711322119                                                    
mvp2    0   22   24   46   22    0   24   46                       -0.00618831897418121828    0.00008616014686262307                          
