op      3   13   27   37   13    3   27   37                       -0.04790869975342864490                                                    
a_ia   27   37                                                     -0.00269786052362201408                                                    
a_ia    3   13                                                     -0.00214034147334616872                                                    
op      8   18   32   42   18    8   32   42                       -0.02765906910219032011                                                    
op      8   18   32   38   18    8   32   38                        0.01552532522584490135                                                    
op      3   21   27   45   21    3   27   45                       -0.00532161187896554224                                                    
mvp2    3   21   32   42   21    3   32   42                        0.00243520435334317704    0.68007811407404883397                          
a_ia    3   21                                                     -0.00050808689996692101                                                    
a_ia   27   45                                                     -0.00257260970691555648                                                    
op      3   19   27   43   19    3   27   43                       -0.01520870994404488127                                                    
op      3   17   27   41   17    3   27   41                       -0.01827982217590601657                                                    
om      8   21   32   45   21    8   32   45                       -0.00708571498310982869                                                    
op      3   19   27   42   19    3   27   42                       -0.00840263315669283369                                                    
om      3   13   27   45   13    3   27   45                        0.03989476666086661655                                                    
mvp2    3   13    8   18    3    8   18   13                       -0.02917429320520615113    0.69662337441983268604                          
mvp2    3   21   32   45   21    3   32   45                       -0.00033371998218936988    0.53825662135842244904                          
mvp2    3   13   32   42   13    3   32   42                       -0.03361765713021196145    0.54692301836135193138                          
mvp2    3   21   32   43   21    3   32   43                       -0.00275356587812876233    0.93604054941373127097                          
mvp3    3   18    8   21    3    8   21   18    3    8   18   21   -0.01043317995133455356    0.27573297879712549419    0.91379503750366852799
a_ia    3   21                                                     -0.00199019233807361338                                                    
a_ia   27   38                                                     -0.00066264606215186181                                                    
mvp2    3   13   32   38   13    3   32   38                        0.02109596394217300858   -0.27854350839401326168                          
a_ia   32   38                                                      0.00052123529569106299                                                    
mvp2    8   19   32   43   19    8   32   43                       -0.00845234181736019899   -0.45416676401850542000                          
mvp2    8   22   32   42   22    8   32   42                        0.01081950280047899726    0.90728850141314676403                          
mvp2    8   22   32   46   22    8   32   46                       -0.01227344543292640394    0.62299752860206036864                          
mvp2    8   22   27   46   22    8   27   46                        0.00511152495166406970   -0.46665424021895368645                          
a_ia   32   46                                                     -0.00080223869837176887                                                    
mvp2    3   22   27   46   22    3   27   46                       -0.00620421740597315932   -0.06293138944803396140                          
a_ia   27   46                                                      0.00159929896389679016                                                    
a_ia    3   22                                                      0.00081205135380511481                                                    
op      8   20   32   44   20    8   32   44                       -0.00756207750673713094                                                    
a_ia    8   17                                                     -0.00083355280725475479                                                    
mvp2    3   18   27   42   18    3   27   42                       -0.00952318844995842136   -0.05874942543199269257                          
op      8   23   32   47   23    8   32   47                       -0.00739461053160896369                                                    
mvp2    8   18   32   46   18    8   32   46                        0.01010590392190178870   -0.13430411628462665674                          
mvp2    3   22   27   45   22    3   27   45                        0.00752277715222833543    0.14052871067505146030                          
mvp2    8   18   32   44   18    8   32   44                       -0.00826575376840045159    0.57801632284899229219                          
a_ia    8   18                                                     -0.00120066976440326391                                                    
a_ia   32   44                                                      0.00050933385801916206                                                    
mvp2    3   21   24   47   21    3   24   47                       -0.01217883360784720662    0.44193498052501301032                          
mvp2    3   21   24   36   21    3   24   36                       -0.01309990205569111325    0.48843540317659622785                          
