op      3   13   27   37   13    3   27   37                       -0.05683410997587128727                                                    
a_ia   27   37                                                     -0.00390780066544195621                                                    
a_ia    3   13                                                     -0.00838322800070706413                                                    
op      8   18   32   42   18    8   32   42                       -0.02371367730323091852                                                    
op      8   18   32   38   18    8   32   38                        0.03829774706640718535                                                    
op      3   21   27   45   21    3   27   45                       -0.00735812109778252125                                                    
mvp2    3   21   32   42   21    3   32   42                        0.00150506679663500145    0.89287404139915060863                          
a_ia    3   21                                                     -0.00031433778516496791                                                    
a_ia   27   45                                                     -0.00386934418972242162                                                    
op      3   19   27   43   19    3   27   43                       -0.01695172454815710439                                                    
op      3   17   27   41   17    3   27   41                       -0.01869682415705210474                                                    
om      8   21   32   45   21    8   32   45                       -0.00725161687472647420                                                    
op      3   19   27   42   19    3   27   42                       -0.00778675523986556428                                                    
om      3   13   27   45   13    3   27   45                        0.05218167652054191835                                                    
mvp2    3   13    8   18    3    8   18   13                       -0.04918721815427005983    1.13198553790901978999                          
mvp2    3   21   32   45   21    3   32   45                        0.00206655935990838731    0.49380034428196112328                          
mvp2    3   13   32   42   13    3   32   42                        0.00002143375315614380    1.17823674401951916657                          
mvp2    3   21   32   43   21    3   32   43                        0.00074885199235496971    1.81324078762439588886                          
mvp3    3   18    8   21    3    8   21   18    3    8   18   21   -0.04234410948962804427    0.37911185957991816453    1.12636717780182560311
a_ia    3   21                                                     -0.00555547411018255180                                                    
a_ia   27   38                                                     -0.00074033514477223441                                                    
mvp2    3   13   32   38   13    3   32   38                        0.03058992658388411112   -2.11256900494539312518                          
a_ia   32   38                                                      0.00050642144281523441                                                    
mvp2    8   19   32   43   19    8   32   43                       -0.00921270450798901408   -0.01396223968824587304                          
mvp2    8   22   32   42   22    8   32   42                        0.01433053345756627600    0.94929461029054684751                          
mvp2    8   22   32   46   22    8   32   46                       -0.01376495587996671120    0.48014300626342037992                          
mvp2    8   22   27   46   22    8   27   46                        0.00955303956876635968   -0.50590768564953148001                          
a_ia   32   46                                                     -0.00209818191268205381                                                    
mvp2    3   22   27   46   22    3   27   46                       -0.00750195195149286776    0.01155944505289304737                          
a_ia   27   46                                                      0.00250452972900254032                                                    
a_ia    3   22                                                      0.00034077108641801036                                                    
op      8   20   32   44   20    8   32   44                       -0.00303020233373491260                                                    
a_ia    8   17                                                     -0.00201741588741543307                                                    
mvp2    3   18   27   42   18    3   27   42                       -0.00845727278021809505   -0.04461451637447658852                          
op      8   23   32   47   23    8   32   47                       -0.00835656994727553004                                                    
mvp2    8   18   32   46   18    8   32   46                        0.01212850889977873728   -0.38741382376640753904                          
mvp2    3   22   27   45   22    3   27   45                        0.01157209618704791582    0.41932060062059633987                          
mvp2    8   18   32   44   18    8   32   44                       -0.01036570139622151540    0.53824675333133376043                          
a_ia    8   18                                                      0.00151310150662247963                                                    
a_ia   32   44                                                      0.00175020002891745083                                                    
mvp2    3   21   24   47   21    3   24   47                       -0.01847402994322661432    0.59327325946676268131                          
mvp2    3   21   24   36   21    3   24   36                       -0.00755042839431189182    0.83098859073113540141                          
a_ia   24   36                                                      0.00552436323799600920                                                    
mvp2    3   13   24   47   13    3   24   47                        0.01677412780080634463    1.01897488301276450962                          
mvp2    3   13   24   36   13    3   24   36                        0.01591853804330314523    0.49971481901769793099                          
mvp2    3   13   24   43   13    3   24   43                        0.01052618995555302042   -0.17549500815311683266                          
a_ia    3   13                                                     -0.00171778145005587542                                                    
a_ia   12   21                                                     -0.33228788077622628538                                                    
mvp2    3   21   24   43   21    3   24   43                       -0.00982656284111902562    0.24746028421177557188                          
a_ia    3   21                                                     -0.00472780915630282607                                                    
mvp2    3   12   27   36   12    3   27   36                       -0.01907997113349007082    0.54159334409295845081                          
a_ia   27   43                                                     -0.00131927770730605942                                                    
mvp2    3   12   27   43   12    3   27   43                       -0.01220654521466793194    0.18787036885804181408                          
mvp2    8   14   32   38   14    8   32   38                       -0.01332026179304214054   -0.26896720391113371207                          
mvp2    8   19   32   46   19    8   32   46                       -0.00526219058512093600   -0.48510410870083542356                          
mvp2    8   22   32   45   22    8   32   45                       -0.00860030754959968495    0.17039815238875302694                          
mvp2    0   23   24   47   23    0   24   47                       -0.01065640679865226779   -0.90402340181314289058                          
mvp2    0   12   24   36   12    0   24   36                       -0.01383998238366266655   -0.96800207203633692465                          
mvp2    0   12   24   47   12    0   24   47                       -0.00829593342229100437   -0.05679690987492168330                          
mvp2    0   23   24   36   23    0   24   36                       -0.00876665471405944051    0.39308994236148825374                          
mvp2    0   21   24   45   21    0   24   45                       -0.00790064633517816722    0.54179878968524564087                          
a_ia   24   45                                                     -0.00084370576697641146                                                    
a_ia    8   22                                                     -0.00219231467030745874                                                    
mvp2    3   23   24   45   23    3   24   45                       -0.01126758893271286380    0.04548232404375869564                          
mvp2    8   14   32   46   14    8   32   46                       -0.00796462100383727237   -0.46863450683620683224                          
mvp2    8   21   27   45   21    8   27   45                       -0.01685972504179417131   -0.26634479335005190048                          
mvp2    0   19   27   45   19    0   27   45                       -0.00626636419198046274   -0.11668585829858238445                          
mvp2    0   19   24   43   19    0   24   43                       -0.00649735506230039728   -0.45035286945057595442                          
a_ia   21   23                                                     -0.15895683701913113084                                                    
a_ia    8    9                                                     -0.30404812485429283386                                                    
a_ia   27   28                                                     -0.27923920883292180362                                                    
a_ia   32   33                                                     -0.28020806193261110772                                                    
a_ia    3    9                                                     -0.10220819438077151375                                                    
a_ia    3    4                                                     -0.25363016742786714808                                                    
a_ia   24   25                                                     -0.18996712031726395442                                                    
mvp2    4   14   28   38   14    4   28   38                       -0.02627134964400642397   -0.38802897073870651345                          
a_ia    4   14                                                      0.00261493109619150748                                                    
mvp2    4   14   28   44   14    4   28   44                       -0.01312740999039070829    0.08387686782265783847                          
a_ia   15   18                                                      0.36341656964683077824                                                    
mvp2    4   14   28   42   14    4   28   42                        0.00717184761247022413    0.02114642422512173076                          
mvp2    4   20   28   44   20    4   28   44                       -0.01481594825678455782    0.73619988719063178539                          
a_ia   28   42                                                     -0.00010545447319119460                                                    
a_ia   20   22                                                      0.61222106248102980963                                                    
a_ia   28   42                                                     -0.00175913925703207147                                                    
mvp2    4   20   28   42   20    4   28   42                        0.00671716463689453827   -0.17415890729029936956                          
mvp2    4   22   28   44   22    4   28   44                        0.00895129551313176251   -0.01280820238360365348                          
mvp2    4   20   28   38   20    4   28   38                       -0.01305917481575064390   -0.03565913891566654947                          
mvp2    0   18   24   42   18    0   24   42                       -0.00743201013795870280    0.03509736255380028341                          
mvp2    3   13   24   42   13    3   24   42                        0.00515554899189035656   -0.15885409184892312906                          
a_ia   24   42                                                     -0.00072278134566418936                                                    
mvp2    0   22   24   46   22    0   24   46                       -0.00618619394679297517    0.12847061778411203448                          
mvp2    4   22   32   46   22    4   32   46                       -0.00406829844732562156   -0.33819312535404921771                          
a_ia   13   18                                                      0.08263277577967292897                                                    
mvp2    4   20   32   44   20    4   32   44                        0.00418958320889905103   -0.07199870192802282354                          
