op      3   13   27   37   13    3   27   37                       -0.05483094698599613043                                                    
a_ia   27   37                                                     -0.00337007480559444470                                                    
a_ia    3   13                                                     -0.00698051714118688282                                                    
op      8   18   32   42   18    8   32   42                       -0.04196449597560378969                                                    
op      8   18   32   38   18    8   32   38                        0.04255110933824286790                                                    
op      3   21   27   45   21    3   27   45                       -0.00730761308672519313                                                    
mvp2    3   21   32   42   21    3   32   42                       -0.00077539064531989435    0.48045884894383616981                          
a_ia    3   21                                                     -0.00027551589807212735                                                    
a_ia   27   45                                                     -0.00374957338464865404                                                    
op      3   19   27   43   19    3   27   43                       -0.01702533471834864406                                                    
op      3   17   27   41   17    3   27   41                       -0.01875276067140971975                                                    
om      8   21   32   45   21    8   32   45                       -0.00760181319975240279                                                    
op      3   19   27   42   19    3   27   42                       -0.00751205571115395963                                                    
om      3   13   27   45   13    3   27   45                        0.05114406408401423604                                                    
mvp2    3   13    8   18    3    8   18   13                       -0.04019898263645053232    1.08697387915919985169                          
mvp2    3   21   32   45   21    3   32   45                        0.00127699881310715962    0.63165778501132896494                          
mvp2    3   13   32   42   13    3   32   42                       -0.03432273399214382653    0.96159896428597324558                          
mvp2    3   21   32   43   21    3   32   43                        0.00010913122398681779    1.78370096547029466372                          
mvp3    3   18    8   21    3    8   21   18    3    8   18   21   -0.04027348899393565912    0.53185538530298082094    1.16078890798438538745
a_ia    3   21                                                     -0.00384661842772735137                                                    
a_ia   27   38                                                     -0.00071667706093440475                                                    
mvp2    3   13   32   38   13    3   32   38                        0.03923402867298220881   -0.82338046072565274081                          
a_ia   32   38                                                      0.00133673542516489865                                                    
mvp2    8   19   32   43   19    8   32   43                       -0.00907250864448129989   -0.27920260053487472307                          
mvp2    8   22   32   42   22    8   32   42                        0.01098920690147258891    0.82437994483702148329                          
mvp2    8   22   32   46   22    8   32   46                       -0.01182859356599156274    0.45750188451563106318                          
mvp2    8   22   27   46   22    8   27   46                        0.00716548071177573655   -0.62706742039026497348                          
a_ia   32   46                                                     -0.00140105803755385797                                                    
mvp2    3   22   27   46   22    3   27   46                       -0.00770896028286571951   -0.00109848138824176871                          
a_ia   27   46                                                      0.00246055750394843457                                                    
a_ia    3   22                                                     -0.00006503133226719257                                                    
op      8   20   32   44   20    8   32   44                       -0.00791510483082178556                                                    
a_ia    8   17                                                     -0.00209190373445454882                                                    
mvp2    3   18   27   42   18    3   27   42                       -0.01048529500020199158   -0.06551213385990603544                          
op      8   23   32   47   23    8   32   47                       -0.00818880155948791509                                                    
mvp2    8   18   32   46   18    8   32   46                        0.01051344529599540674   -0.40594581510227834009                          
mvp2    3   22   27   45   22    3   27   45                        0.01194129913918121760    0.43995750380756148967                          
mvp2    8   18   32   44   18    8   32   44                       -0.01017529051698258351    0.58588928369405968155                          
a_ia    8   18                                                     -0.00065238890475416628                                                    
a_ia   32   44                                                      0.00135081460473204340                                                    
mvp2    3   21   24   47   21    3   24   47                       -0.01621341333983255042    0.64384948152062493332                          
mvp2    3   21   24   36   21    3   24   36                       -0.01242237635736495767    0.81281613975150135420                          
a_ia   24   36                                                      0.00522506994261257799                                                    
mvp2    3   13   24   47   13    3   24   47                        0.01325145361831819510    0.61907575014157867344                          
mvp2    3   13   24   36   13    3   24   36                        0.01817506831504801454    0.28154879589238163140                          
mvp2    3   13   24   43   13    3   24   43                        0.00943595890425370093   -0.16327003442150803125                          
a_ia    3   13                                                     -0.00128535909929550956                                                    
a_ia   12   21                                                     -0.34326652734475948670                                                    
mvp2    3   21   24   43   21    3   24   43                       -0.00939666774784245033    0.19153771279108311454                          
a_ia    3   21                                                     -0.00486620509702309027                                                    
mvp2    3   12   27   36   12    3   27   36                       -0.01910066381879524725    0.45598474940251160215                          
a_ia   27   43                                                     -0.00140535396576013227                                                    
mvp2    3   12   27   43   12    3   27   43                       -0.01219644752799763782    0.25286417219550488822                          
mvp2    8   14   32   38   14    8   32   38                       -0.01334286925370394006   -0.69126130614121283902                          
mvp2    8   19   32   46   19    8   32   46                       -0.00465069074195113060   -0.42649330537432500465                          
mvp2    8   22   32   45   22    8   32   45                       -0.00777731108100567035    0.08243294440636553255                          
mvp2    0   23   24   47   23    0   24   47                       -0.01053565890882733093   -0.82653856718745677412                          
mvp2    0   12   24   36   12    0   24   36                       -0.01401226432038199174   -0.77521883795111912185                          
mvp2    0   12   24   47   12    0   24   47                       -0.00842000015057547437   -0.01027414045681493068                          
mvp2    0   23   24   36   23    0   24   36                       -0.00884545002530615770    0.07697795474035550034                          
mvp2    0   21   24   45   21    0   24   45                       -0.00788621514171119510    0.48731274194747764561                          
a_ia   24   45                                                     -0.00088859198672121850                                                    
a_ia    8   22                                                     -0.00126896359576818469                                                    
mvp2    3   23   24   45   23    3   24   45                       -0.01050940294980846207    0.02302492755984843209                          
mvp2    8   14   32   46   14    8   32   46                       -0.00862800401491906239   -0.15606531467635087473                          
mvp2    8   21   27   45   21    8   27   45                       -0.01451740756749354648   -0.30346548346258678253                          
mvp2    0   19   27   45   19    0   27   45                       -0.00819737399258504106   -0.24664812720122475387                          
mvp2    0   19   24   43   19    0   24   43                       -0.00621731359009111174   -0.12934316759419325904                          
a_ia   21   23                                                     -0.15421024145923489801                                                    
a_ia    8    9                                                     -0.27830812646337205196                                                    
a_ia   27   28                                                     -0.27872183770391251167                                                    
a_ia   32   33                                                     -0.29569047989690705469                                                    
a_ia    3    9                                                     -0.09314530642891497014                                                    
a_ia    3    4                                                     -0.26926609449284194531                                                    
a_ia   24   25                                                     -0.20080001137455338878                                                    
mvp2    4   14   28   38   14    4   28   38                       -0.02509541124244690433   -0.00036779172868118377                          
a_ia    4   14                                                      0.00461039453845214255                                                    
