op      3   13   27   37   13    3   27   37                       -0.05071342358351023372                                                    
a_ia   27   37                                                     -0.00241096312265136857                                                    
a_ia    3   13                                                     -0.00129120735629266003                                                    
op      8   18   32   42   18    8   32   42                       -0.04202927834257279283                                                    
op      8   18   32   38   18    8   32   38                        0.04381918222032802485                                                    
op      3   21   27   45   21    3   27   45                       -0.00655871845559158426                                                    
mvp2    3   21   32   42   21    3   32   42                       -0.00077465490558597811    0.47082461964545657684                          
a_ia    3   21                                                     -0.00024223742804021375                                                    
a_ia   27   45                                                     -0.00340052088280134697                                                    
op      3   19   27   43   19    3   27   43                       -0.01535931193503612367                                                    
op      3   17   27   41   17    3   27   41                       -0.01791037209333572189                                                    
om      8   21   32   45   21    8   32   45                       -0.00728317348179863874                                                    
op      3   19   27   42   19    3   27   42                       -0.00827710660947570363                                                    
om      3   13   27   45   13    3   27   45                        0.04492729416089663586                                                    
mvp2    3   13    8   18    3    8   18   13                       -0.03290376647819634459    1.02802488663537561209                          
mvp2    3   21   32   45   21    3   32   45                        0.00113888391979627239    0.56389202442456198838                          
mvp2    3   13   32   42   13    3   32   42                       -0.03711615126696472811    0.77183321702722773594                          
mvp2    3   21   32   43   21    3   32   43                       -0.00117636991308111357    1.39038603523057302525                          
mvp3    3   18    8   21    3    8   21   18    3    8   18   21   -0.02937277135641306117    0.43750171206284149683    1.16788503839781920846
a_ia    3   21                                                     -0.00036505261045344565                                                    
a_ia   27   38                                                     -0.00050910337494302379                                                    
mvp2    3   13   32   38   13    3   32   38                        0.04194205282331985030   -0.67518779470953316224                          
a_ia   32   38                                                      0.00208081326139171420                                                    
mvp2    8   19   32   43   19    8   32   43                       -0.00830731537473610587   -0.76364290547644309015                          
mvp2    8   22   32   42   22    8   32   42                        0.00996424541674766767    0.84193678382309200536                          
mvp2    8   22   32   46   22    8   32   46                       -0.01191490376287995985    0.33564361008724852287                          
mvp2    8   22   27   46   22    8   27   46                        0.00551204284591759724   -0.55937136992947533720                          
a_ia   32   46                                                     -0.00084285482923355485                                                    
mvp2    3   22   27   46   22    3   27   46                       -0.00606149073887344344   -0.04541875875907922661                          
a_ia   27   46                                                      0.00165713678821497639                                                    
a_ia    3   22                                                      0.00120743364022672640                                                    
op      8   20   32   44   20    8   32   44                       -0.00736854254634666632                                                    
a_ia    8   17                                                     -0.00163770809094817551                                                    
mvp2    3   18   27   42   18    3   27   42                       -0.00936407023101320547   -0.07044470247447878752                          
op      8   23   32   47   23    8   32   47                       -0.00752020759916852827                                                    
mvp2    8   18   32   46   18    8   32   46                        0.01004379193182242287   -0.45461051932084783900                          
mvp2    3   22   27   45   22    3   27   45                        0.00755333784965220561    0.10871171014016270395                          
mvp2    8   18   32   44   18    8   32   44                       -0.00815595496246884072    0.58499468369295692938                          
a_ia    8   18                                                     -0.00138141414275686500                                                    
a_ia   32   44                                                      0.00071886186617281034                                                    
mvp2    3   21   24   47   21    3   24   47                       -0.01424412452638978976    0.59174974972052429845                          
mvp2    3   21   24   36   21    3   24   36                       -0.01622637060405283591    0.78228401115765688889                          
a_ia   24   36                                                      0.00561821255436562549                                                    
mvp2    3   13   24   47   13    3   24   47                        0.01146199868517971260    0.45336780392293518638                          
mvp2    3   13   24   36   13    3   24   36                        0.01770432855362085237    0.24006392295770476175                          
mvp2    3   13   24   43   13    3   24   43                        0.00817961867926701551   -0.11701670538664406263                          
a_ia    3   13                                                     -0.00150739902579816653                                                    
a_ia   12   21                                                     -0.41484945046868393348                                                    
mvp2    3   21   24   43   21    3   24   43                       -0.00880829196272700857    0.18384984216790375977                          
a_ia    3   21                                                     -0.00420079930852505952                                                    
mvp2    3   12   27   36   12    3   27   36                       -0.01893853266397048027    0.68402391473175483405                          
a_ia   27   43                                                     -0.00103298360605729280                                                    
mvp2    3   12   27   43   12    3   27   43                       -0.01129121317193920379    0.23133414109795508162                          
mvp2    8   14   32   38   14    8   32   38                       -0.01477578710793679868   -0.82370613640191958638                          
mvp2    8   19   32   46   19    8   32   46                       -0.00449428000641622846   -0.12675166275193383569                          
mvp2    8   22   32   45   22    8   32   45                       -0.00624285714589229053    0.06475260057299832284                          
mvp2    0   23   24   47   23    0   24   47                       -0.01066304471003153356   -0.79462517193798598569                          
mvp2    0   12   24   36   12    0   24   36                       -0.01409569217619111546   -0.76465008354004915248                          
mvp2    0   12   24   47   12    0   24   47                       -0.00835273094762631514   -0.00026941558382433930                          
mvp2    0   23   24   36   23    0   24   36                       -0.00815712724591384324   -0.00002406262179146939                          
