op      3   13   27   37   13    3   27   37                       -0.04713472886856974464                                                    
a_ia   27   37                                                     -0.00243007106559021795                                                    
a_ia    3   13                                                     -0.00357905536169384137                                                    
op      8   18   32   42   18    8   32   42                       -0.02444157262375496950                                                    
op      8   18   32   38   18    8   32   38                        0.01329920461300721987                                                    
op      3   21   27   45   21    3   27   45                       -0.00446712442471728418                                                    
mvp2    3   21   32   42   21    3   32   42                       -0.00242314178159942686    0.66925451406791380826                          
a_ia    3   21                                                     -0.00064496555698166842                                                    
a_ia   27   45                                                     -0.00207422722556997339                                                    
op      3   19   27   43   19    3   27   43                       -0.01527138370205802405                                                    
op      3   17   27   41   17    3   27   41                       -0.01831112831434087915                                                    
om      8   21   32   45   21    8   32   45                       -0.00704734138427394116                                                    
op      3   19   27   42   19    3   27   42                       -0.00843831012122325808                                                    
om      3   13   27   45   13    3   27   45                        0.03798117579857240855                                                    
mvp2    3   13    8   18    3    8   18   13                       -0.02500588243532135199    0.62705526727661142772                          
mvp2    3   21   32   45   21    3   32   45                        0.00106305426541852778    0.44149054310688778946                          
mvp2    3   13   32   42   13    3   32   42                       -0.03244696626892640962    0.57611240297363042195                          
mvp2    3   21   32   43   21    3   32   43                        0.00038308920928584140    0.87662954394066083808                          
mvp3    3   18    8   21    3    8   21   18    3    8   18   21   -0.00057232428900307638    0.24011270259491243606    1.00975253856904712002
a_ia    3   21                                                     -0.00390568352333113024                                                    
a_ia   27   38                                                     -0.00067092842982877858                                                    
mvp2    3   13   32   38   13    3   32   38                        0.01940541199107371009   -0.27467173168331959765                          
a_ia   32   38                                                      0.00067929687420086125                                                    
mvp2    8   19   32   43   19    8   32   43                       -0.00854148557181342791   -0.33732317443946213675                          
mvp2    8   22   32   42   22    8   32   42                        0.01104681457449035488    0.91029597593027544722                          
mvp2    8   22   32   46   22    8   32   46                       -0.01263297584008268859    0.60371199146350607023                          
mvp2    8   22   27   46   22    8   27   46                        0.00507367932341683779   -0.49013399458446882395                          
a_ia   32   46                                                     -0.00087902812698059728                                                    
mvp2    3   22   27   46   22    3   27   46                       -0.00620986785884759113   -0.00041887999083949383                          
a_ia   27   46                                                      0.00149813048426126355                                                    
a_ia    3   22                                                      0.00102533522664883820                                                    
op      8   20   32   44   20    8   32   44                       -0.00746507676250089420                                                    
a_ia    8   17                                                     -0.00083953360118594993                                                    
mvp2    3   18   27   42   18    3   27   42                       -0.00953388655349596617   -0.00004352525680491888                          
op      8   23   32   47   23    8   32   47                       -0.00733583976820863411                                                    
