op      3   13   27   37   13    3   27   37                       -0.04717589491540197938                                                    
a_ia   27   37                                                     -0.00237342418434222102                                                    
a_ia    3   13                                                     -0.00335104232907464019                                                    
op      8   18   32   42   18    8   32   42                       -0.02449402619848297519                                                    
op      8   18   32   38   18    8   32   38                        0.01338013976598849061                                                    
op      3   21   27   45   21    3   27   45                       -0.00450647100258795910                                                    
mvp2    3   21   32   42   21    3   32   42                       -0.00273043246509855697    0.66924252378386428486                          
a_ia    3   21                                                     -0.00082760623434276215                                                    
a_ia   27   45                                                     -0.00214761250976859813                                                    
op      3   19   27   43   19    3   27   43                       -0.01545917498245857023                                                    
op      3   17   27   41   17    3   27   41                       -0.01844896342927944063                                                    
om      8   21   32   45   21    8   32   45                       -0.00710549741234981370                                                    
op      3   19   27   42   19    3   27   42                       -0.00837565545314078973                                                    
om      3   13   27   45   13    3   27   45                        0.03799898221795416225                                                    
mvp2    3   13    8   18    3    8   18   13                       -0.02511040397570437482    0.62705229525747274710                          
mvp2    3   21   32   45   21    3   32   45                        0.00097401887077900684    0.44123406772572426604                          
mvp2    3   13   32   42   13    3   32   42                       -0.03249884403395367216    0.57640500348489620563                          
mvp2    3   21   32   43   21    3   32   43                        0.00046199683658268740    0.87653853190735275813                          
mvp3    3   18    8   21    3    8   21   18    3    8   18   21   -0.00047081340076697087    0.24005077098917376732    1.00984605576208963384
a_ia    3   21                                                     -0.00380772648445566698                                                    
a_ia   27   38                                                     -0.00067673413645347364                                                    
mvp2    3   13   32   38   13    3   32   38                        0.01944339496800147685   -0.27459945448597111728                          
a_ia   32   38                                                      0.00073612684156811135                                                    
mvp2    8   19   32   43   19    8   32   43                       -0.00860066223483081475   -0.33708776046101046608                          
mvp2    8   22   32   42   22    8   32   42                        0.01106685600093550680    0.90995844364545974692                          
mvp2    8   22   32   46   22    8   32   46                       -0.01260924351838535115    0.60312706356328882329                          
mvp2    8   22   27   46   22    8   27   46                        0.00504091916475256623   -0.49024081831623766980                          
a_ia   32   46                                                     -0.00084630926059449493                                                    
mvp2    3   22   27   46   22    3   27   46                       -0.00625910707655810260   -0.00020113457618403731                          
a_ia   27   46                                                      0.00156042091222487970                                                    
a_ia    3   22                                                      0.00105005081033334715                                                    
