op      3   13   27   37   13    3   27   37                       -0.04719024944637512792                                                    
a_ia   27   37                                                     -0.00238390022482955991                                                    
a_ia    3   13                                                     -0.00316195437924689064                                                    
op      8   18   32   42   18    8   32   42                       -0.02540780846124312403                                                    
op      8   18   32   38   18    8   32   38                        0.01374122216718783561                                                    
op      3   21   27   45   21    3   27   45                       -0.00499244855150980486                                                    
mvp2    3   21   32   42   21    3   32   42                        0.00076315914627159967    0.67808782324640037853                          
a_ia    3   21                                                     -0.00043718802436061767                                                    
a_ia   27   45                                                     -0.00240483215162546130                                                    
op      3   19   27   43   19    3   27   43                       -0.01527161056546785800                                                    
op      3   17   27   41   17    3   27   41                       -0.01831618539583980756                                                    
om      8   21   32   45   21    8   32   45                       -0.00707181026963086060                                                    
op      3   19   27   42   19    3   27   42                       -0.00843622753195730733                                                    
om      3   13   27   45   13    3   27   45                        0.03963903939726717840                                                    
mvp2    3   13    8   18    3    8   18   13                       -0.02803741121216138735    0.65427128801399425662                          
mvp2    3   21   32   45   21    3   32   45                       -0.00006445846344346123    0.52845306612626385956                          
mvp2    3   13   32   42   13    3   32   42                       -0.03191934659338995645    0.53748118599524985495                          
mvp2    3   21   32   43   21    3   32   43                       -0.00189123436539396714    0.91979392924904701534                          
mvp3    3   18    8   21    3    8   21   18    3    8   18   21   -0.00844242980595842282    0.26794706877641005782    0.91558908095868518640
a_ia    3   21                                                     -0.00307423973860471763                                                    
a_ia   27   38                                                     -0.00070308763445342808                                                    
mvp2    3   13   32   38   13    3   32   38                        0.01973839476369570328   -0.28425462891397867971                          
a_ia   32   38                                                     -0.00003412227656666110                                                    
mvp2    8   19   32   43   19    8   32   43                       -0.00848985065568127507   -0.42315398394600262089                          
mvp2    8   22   32   42   22    8   32   42                        0.01088187160503027891    0.91070480223328920122                          
mvp2    8   22   32   46   22    8   32   46                       -0.01230185727912359861    0.66245301701998382526                          
mvp2    8   22   27   46   22    8   27   46                        0.00506140753657647116   -0.46860144864836861256                          
a_ia   32   46                                                     -0.00105127814996330122                                                    
mvp2    3   22   27   46   22    3   27   46                       -0.00617902207055339662   -0.06272806374958207754                          
a_ia   27   46                                                      0.00156325258579129416                                                    
a_ia    3   22                                                      0.00080668094658579536                                                    
op      8   20   32   44   20    8   32   44                       -0.00766036216970322412                                                    
a_ia    8   17                                                     -0.00080317903330049843                                                    
mvp2    3   18   27   42   18    3   27   42                       -0.00952811129127835964   -0.04856958080537018135                          
op      8   23   32   47   23    8   32   47                       -0.00744703944757891482                                                    
mvp2    8   18   32   46   18    8   32   46                        0.01017855202809216444   -0.13784915968626407223                          
mvp2    3   22   27   45   22    3   27   45                        0.00770434731583047663    0.14382560703112953759                          
mvp2    8   18   32   44   18    8   32   44                       -0.00830451868208229201    0.58282867619070177767                          
a_ia    8   18                                                     -0.00077717099292020123                                                    
a_ia   32   44                                                      0.00097136473422493709                                                    
mvp2    3   21   24   47   21    3   24   47                       -0.01217661793727876918    0.44863526067351744420                          
