op      3   13   27   37   13    3   27   37                       -0.04961072139058766289                                                    
a_ia   27   37                                                     -0.00305042159408296489                                                    
a_ia    3   13                                                     -0.00100060206362978564                                                    
op      8   18   32   42   18    8   32   42                       -0.03822510642430265032                                                    
op      8   18   32   38   18    8   32   38                        0.03740765616880289274                                                    
op      3   21   27   45   21    3   27   45                       -0.00720173558132223939                                                    
mvp2    3   21   32   42   21    3   32   42                       -0.00125831974623497630    0.51958661356291735434                          
a_ia    3   21                                                     -0.00041187329793294832                                                    
a_ia   27   45                                                     -0.00265938362393424886                                                    
op      3   19   27   43   19    3   27   43                       -0.01538980641773732456                                                    
op      3   17   27   41   17    3   27   41                       -0.01795122362691489726                                                    
om      8   21   32   45   21    8   32   45                       -0.00745992918170118070                                                    
op      3   19   27   42   19    3   27   42                       -0.00830449724100154781                                                    
om      3   13   27   45   13    3   27   45                        0.04216086698201391980                                                    
mvp2    3   13    8   18    3    8   18   13                       -0.02906687240131788572    0.97551195512456323478                          
mvp2    3   21   32   45   21    3   32   45                        0.00097323478269889269    0.56799517217882333764                          
mvp2    3   13   32   42   13    3   32   42                       -0.03362844987371820665    0.73464489782715203248                          
mvp2    3   21   32   43   21    3   32   43                       -0.00174260366878389362    1.34204095205504403410                          
mvp3    3   18    8   21    3    8   21   18    3    8   18   21   -0.02445079125937707487    0.42747848101556173983    1.12697207900455520502
a_ia    3   21                                                     -0.00060248932857251240                                                    
a_ia   27   38                                                     -0.00069528044261097331                                                    
mvp2    3   13   32   38   13    3   32   38                        0.03543723237593335296   -0.53374152894549875548                          
a_ia   32   38                                                      0.00186562850630517230                                                    
mvp2    8   19   32   43   19    8   32   43                       -0.00838768562294274489   -0.80683653494052609556                          
mvp2    8   22   32   42   22    8   32   42                        0.01027594970205692425    0.85862199609170930525                          
mvp2    8   22   32   46   22    8   32   46                       -0.01202892020253546260    0.27307541194031814680                          
mvp2    8   22   27   46   22    8   27   46                        0.00496574674637455683   -0.52841655342756832514                          
a_ia   32   46                                                     -0.00065986595884865600                                                    
mvp2    3   22   27   46   22    3   27   46                       -0.00604130613720797478   -0.05062765654647131963                          
a_ia   27   46                                                      0.00130437783617743026                                                    
a_ia    3   22                                                      0.00129997015919269951                                                    
op      8   20   32   44   20    8   32   44                       -0.00737969394627645704                                                    
a_ia    8   17                                                     -0.00151213550805992633                                                    
mvp2    3   18   27   42   18    3   27   42                       -0.00935367445951068577   -0.08344867304769991445                          
op      8   23   32   47   23    8   32   47                       -0.00752432369577399687                                                    
mvp2    8   18   32   46   18    8   32   46                        0.01013286848782989427   -0.42436709883698636725                          
mvp2    3   22   27   45   22    3   27   45                        0.00754860575712441688    0.09347475744952465915                          
mvp2    8   18   32   44   18    8   32   44                       -0.00826722559296976488    0.54030316371584163893                          
a_ia    8   18                                                     -0.00148496143092842763                                                    
a_ia   32   44                                                      0.00063085010926233265                                                    
mvp2    3   21   24   47   21    3   24   47                       -0.01296583633652626487    0.56415323548517504193                          
mvp2    3   21   24   36   21    3   24   36                       -0.01562719800347525320    0.68509893003405974987                          
a_ia   24   36                                                      0.00333086543189274869                                                    
mvp2    3   13   24   47   13    3   24   47                        0.01070904131946812457    0.54524209672475798527                          
mvp2    3   13   24   36   13    3   24   36                        0.01591209699896981369    0.32078192751004519501                          
mvp2    3   13   24   43   13    3   24   43                        0.00836603967001038791   -0.13891103335598525836                          
a_ia    3   13                                                     -0.00205458959395295789                                                    
a_ia   12   21                                                     -0.40482659619424793407                                                    
mvp2    3   21   24   43   21    3   24   43                       -0.00890488297569580999    0.16492887711572362663                          
a_ia    3   21                                                     -0.00394083399501457630                                                    
mvp2    3   12   27   36   12    3   27   36                       -0.01943519342933635111    0.74421974555485570502                          
a_ia   27   43                                                     -0.00082639039028735027                                                    
mvp2    3   12   27   43   12    3   27   43                       -0.01096888555575379481    0.20385911723939434403                          
mvp2    8   14   32   38   14    8   32   38                       -0.01504195105543365205   -0.85507052822745122089                          
mvp2    8   19   32   46   19    8   32   46                       -0.00465442769831096205   -0.00007978759176719555                          
