op      3   13   27   37   13    3   27   37                       -0.05070824839040382476                                                    
a_ia   27   37                                                     -0.00241899441391500714                                                    
a_ia    3   13                                                     -0.00126831662179898732                                                    
op      8   18   32   42   18    8   32   42                       -0.04205493851692403140                                                    
op      8   18   32   38   18    8   32   38                        0.04381792756008121015                                                    
op      3   21   27   45   21    3   27   45                       -0.00653331412708986568                                                    
mvp2    3   21   32   42   21    3   32   42                       -0.00077521138033093508    0.47082241025558457803                          
a_ia    3   21                                                     -0.00024507482254322458                                                    
a_ia   27   45                                                     -0.00331585828456195308                                                    
op      3   19   27   43   19    3   27   43                       -0.01536329268416171574                                                    
op      3   17   27   41   17    3   27   41                       -0.01791329686282338088                                                    
om      8   21   32   45   21    8   32   45                       -0.00703374720001749641                                                    
op      3   19   27   42   19    3   27   42                       -0.00827895529050196033                                                    
om      3   13   27   45   13    3   27   45                        0.04486157392426692175                                                    
mvp2    3   13    8   18    3    8   18   13                       -0.03290174935356817570    1.02794821392568169749                          
mvp2    3   21   32   45   21    3   32   45                        0.00112366160474227511    0.56388974463587604458                          
mvp2    3   13   32   42   13    3   32   42                       -0.03710024140301601547    0.77181501929944684726                          
mvp2    3   21   32   43   21    3   32   43                       -0.00117480554119532630    1.39041967261451238080                          
mvp3    3   18    8   21    3    8   21   18    3    8   18   21   -0.02937883737750858135    0.43750578894496089388    1.16789822622213357306
a_ia    3   21                                                     -0.00041036193437903095                                                    
a_ia   27   38                                                     -0.00051423068848731269                                                    
mvp2    3   13   32   38   13    3   32   38                        0.04191133852525927295   -0.67517984883624271308                          
a_ia   32   38                                                      0.00207574266233078071                                                    
mvp2    8   19   32   43   19    8   32   43                       -0.00830773483539739947   -0.76358218736190053288                          
mvp2    8   22   32   42   22    8   32   42                        0.00996429342135246934    0.84193740454718946076                          
mvp2    8   22   32   46   22    8   32   46                       -0.01191547888096694541    0.33565495990621097011                          
mvp2    8   22   27   46   22    8   27   46                        0.00551195518825140732   -0.55937959579554030753                          
a_ia   32   46                                                     -0.00086721152143377962                                                    
mvp2    3   22   27   46   22    3   27   46                       -0.00606260621867044883   -0.04541405645506998295                          
a_ia   27   46                                                      0.00165630337874621671                                                    
a_ia    3   22                                                      0.00121577165069991283                                                    
op      8   20   32   44   20    8   32   44                       -0.00736878755991036017                                                    
a_ia    8   17                                                     -0.00163073575412529793                                                    
mvp2    3   18   27   42   18    3   27   42                       -0.00936660678916300879   -0.07044056721156723155                          
op      8   23   32   47   23    8   32   47                       -0.00752278663791105303                                                    
mvp2    8   18   32   46   18    8   32   46                        0.01004448233622237674   -0.45458894519215359287                          
mvp2    3   22   27   45   22    3   27   45                        0.00755093361184440686    0.10870915298886878186                          
mvp2    8   18   32   44   18    8   32   44                       -0.00815780844769135698    0.58501269382412335318                          
a_ia    8   18                                                     -0.00135661836978083245                                                    
a_ia   32   44                                                      0.00074353437702767645                                                    
mvp2    3   21   24   47   21    3   24   47                       -0.01444060030250622975    0.59190652081208006141                          
mvp2    3   21   24   36   21    3   24   36                       -0.01633121057423541495    0.78224730771339490154                          
a_ia   24   36                                                      0.00557632842389808956                                                    
mvp2    3   13   24   47   13    3   24   47                        0.01148050791446547821    0.45340053216310893802                          
mvp2    3   13   24   36   13    3   24   36                        0.01771291475961716058    0.24020260732321363495                          
mvp2    3   13   24   43   13    3   24   43                        0.00817858884500926447   -0.11701895356132797910                          
a_ia    3   13                                                     -0.00150515932654414139                                                    
a_ia   12   21                                                     -0.41483562630376097369                                                    
mvp2    3   21   24   43   21    3   24   43                       -0.00895550336737338873    0.18387444162651103707                          
a_ia    3   21                                                     -0.00415910402708322482                                                    
mvp2    3   12   27   36   12    3   27   36                       -0.01895164940721614372    0.68379917101072318353                          
a_ia   27   43                                                     -0.00103955644214399293                                                    
mvp2    3   12   27   43   12    3   27   43                       -0.01129353088610485396    0.23129154410224911365                          
mvp2    8   14   32   38   14    8   32   38                       -0.01478109487753701684   -0.82368692137579513357                          
mvp2    8   19   32   46   19    8   32   46                       -0.00449453270268042673   -0.12680098446108886701                          
mvp2    8   22   32   45   22    8   32   45                       -0.00624115475875663614    0.06477149321972747176                          
mvp2    0   23   24   47   23    0   24   47                       -0.01043815436502633538   -0.79464480766761880215                          
mvp2    0   12   24   36   12    0   24   36                       -0.01398910300915882227   -0.76466448622522253942                          
mvp2    0   12   24   47   12    0   24   47                       -0.00831701869693483170   -0.00030171653738090621                          
mvp2    0   23   24   36   23    0   24   36                       -0.00809237328438052773   -0.00005411997661720750                          
mvp2    0   21   24   45   21    0   24   45                       -0.00771774243883114035    0.00013942369779545389                          
