op      3   13   27   37   13    3   27   37                       -0.04753806151161853177                                                    
a_ia   27   37                                                     -0.00279516554458867977                                                    
a_ia    3   13                                                     -0.00284871142757020263                                                    
op      8   18   32   42   18    8   32   42                       -0.02779850937227246188                                                    
op      8   18   32   38   18    8   32   38                        0.01551570341440717052                                                    
op      3   21   27   45   21    3   27   45                       -0.00532050389156237501                                                    
mvp2    3   21   32   42   21    3   32   42                        0.00243699443064160056    0.67987209740973308936                          
a_ia    3   21                                                     -0.00038287687954695348                                                    
a_ia   27   45                                                     -0.00241291947611493168                                                    
op      3   19   27   43   19    3   27   43                       -0.01525189826114888188                                                    
op      3   17   27   41   17    3   27   41                       -0.01828921145862380179                                                    
om      8   21   32   45   21    8   32   45                       -0.00710098652798020393                                                    
op      3   19   27   42   19    3   27   42                       -0.00840226278845925857                                                    
om      3   13   27   45   13    3   27   45                        0.03988601749459571438                                                    
mvp2    3   13    8   18    3    8   18   13                       -0.02894971116179341497    0.69651860866198900268                          
mvp2    3   21   32   45   21    3   32   45                       -0.00032280053083794395    0.53835699038224171797                          
mvp2    3   13   32   42   13    3   32   42                       -0.03361635936519160456    0.54735738524710264574                          
mvp2    3   21   32   43   21    3   32   43                       -0.00275527759509876019    0.93638587965140007707                          
mvp3    3   18    8   21    3    8   21   18    3    8   18   21   -0.01049874750857972792    0.27591480796407596987    0.91453578811779900892
a_ia    3   21                                                     -0.00338051127828972210                                                    
a_ia   27   38                                                     -0.00066777988531993386                                                    
mvp2    3   13   32   38   13    3   32   38                        0.02100699685806634021   -0.27844008908184991746                          
a_ia   32   38                                                      0.00039891694082437378                                                    
mvp2    8   19   32   43   19    8   32   43                       -0.00846621431662684942   -0.45505717207640844491                          
mvp2    8   22   32   42   22    8   32   42                        0.01081842682408284961    0.90738567560940075474                          
mvp2    8   22   32   46   22    8   32   46                       -0.01227084412819984260    0.62250277225907124645                          
mvp2    8   22   27   46   22    8   27   46                        0.00504767345881975901   -0.46660602292459935070                          
a_ia   32   46                                                     -0.00080188104695613879                                                    
mvp2    3   22   27   46   22    3   27   46                       -0.00617340310007320238   -0.06289434495820683813                          
a_ia   27   46                                                      0.00147008853431786690                                                    
a_ia    3   22                                                      0.00115379401238734623                                                    
op      8   20   32   44   20    8   32   44                       -0.00759182008679030931                                                    
a_ia    8   17                                                     -0.00086429657303511976                                                    
mvp2    3   18   27   42   18    3   27   42                       -0.00954844342730602758   -0.05893443923244338911                          
op      8   23   32   47   23    8   32   47                       -0.00749984232297860529                                                    
mvp2    8   18   32   46   18    8   32   46                        0.01012241609861917052   -0.13491313485018005536                          
mvp2    3   22   27   45   22    3   27   45                        0.00759516722290192424    0.14022755069648287773                          
mvp2    8   18   32   44   18    8   32   44                       -0.00819430491566103432    0.57777915800744927832                          
a_ia    8   18                                                     -0.00106473689688550786                                                    
a_ia   32   44                                                      0.00070201234296228185                                                    
mvp2    3   21   24   47   21    3   24   47                       -0.01242097869496515232    0.44039302641184491227                          
mvp2    3   21   24   36   21    3   24   36                       -0.01306103194603198785    0.48840579848178872213                          
a_ia   24   36                                                      0.00229183831847616388                                                    
mvp2    3   13   24   47   13    3   24   47                        0.01041399830020802234    0.00213877093642103264                          
