op      3   13   27   37   13    3   27   37                       -0.04714845417175562992                                                    
a_ia   27   37                                                     -0.00247169536353348922                                                    
a_ia    3   13                                                     -0.00271789656261851604                                                    
op      8   18   32   42   18    8   32   42                       -0.02446577144319756966                                                    
op      8   18   32   38   18    8   32   38                        0.01335369852441815886                                                    
op      3   21   27   45   21    3   27   45                       -0.00458414702472433391                                                    
mvp2    3   21   32   42   21    3   32   42                       -0.00273057653799963287    0.66923654312877112194                          
a_ia    3   21                                                     -0.00078762137472710358                                                    
a_ia   27   45                                                     -0.00205074912486725210                                                    
op      3   19   27   43   19    3   27   43                       -0.01561311513894132232                                                    
op      3   17   27   41   17    3   27   41                       -0.01857118374417442846                                                    
om      8   21   32   45   21    8   32   45                       -0.00713441766650244578                                                    
op      3   19   27   42   19    3   27   42                       -0.00826130479171172973                                                    
om      3   13   27   45   13    3   27   45                        0.03808911671653616993                                                    
mvp2    3   13    8   18    3    8   18   13                       -0.02511311589182770379    0.62704917210719790521                          
mvp2    3   21   32   45   21    3   32   45                        0.00085782826904713303    0.44094065423639666745                          
mvp2    3   13   32   42   13    3   32   42                       -0.03237083132000995178    0.57674568869044207098                          
mvp2    3   21   32   43   21    3   32   43                        0.00042353974560741903    0.87642840727799908862                          
mvp3    3   18    8   21    3    8   21   18    3    8   18   21   -0.00059495145652151474    0.23997924348075869161    1.00997029699023888050
a_ia    3   21                                                     -0.00363465099947928461                                                    
a_ia   27   38                                                     -0.00085881793349086414                                                    
mvp2    3   13   32   38   13    3   32   38                        0.01942722898625178288   -0.27450793962214403710                          
a_ia   32   38                                                      0.00086239160818524479                                                    
mvp2    8   19   32   43   19    8   32   43                       -0.00865333981788375846   -0.33681244389484282786                          
mvp2    8   22   32   42   22    8   32   42                        0.01108734033244004359    0.90956132078703189059                          
mvp2    8   22   32   46   22    8   32   46                       -0.01268000709271798962    0.60243985962590806960                          
mvp2    8   22   27   46   22    8   27   46                        0.00508859266179532716   -0.49037015592678800946                          
