op      3   13   27   37   13    3   27   37                       -0.04719839964437490959                                                    
a_ia   27   37                                                     -0.00251072217274330833                                                    
a_ia    3   13                                                     -0.00284890215050421407                                                    
op      8   18   32   42   18    8   32   42                       -0.02453360460614750424                                                    
op      8   18   32   38   18    8   32   38                        0.01337505290876212297                                                    
op      3   21   27   45   21    3   27   45                       -0.00453632003256604528                                                    
mvp2    3   21   32   42   21    3   32   42                       -0.00271015267132649305    0.66923783938937453364                          
a_ia    3   21                                                     -0.00081778098718652463                                                    
a_ia   27   45                                                     -0.00210732888263513675                                                    
op      3   19   27   43   19    3   27   43                       -0.01557401210794470345                                                    
op      3   17   27   41   17    3   27   41                       -0.01853662033210028148                                                    
om      8   21   32   45   21    8   32   45                       -0.00709008196036895084                                                    
op      3   19   27   42   19    3   27   42                       -0.00843354460936248870                                                    
om      3   13   27   45   13    3   27   45                        0.03804281054176882754                                                    
mvp2    3   13    8   18    3    8   18   13                       -0.02513334665538274892    0.62705160118427871740                          
mvp2    3   21   32   45   21    3   32   45                        0.00098936071677526924    0.44102925597322351070                          
mvp2    3   13   32   42   13    3   32   42                       -0.03240793319263794020    0.57664110231660403727                          
mvp2    3   21   32   43   21    3   32   43                        0.00046047393184878605    0.87646254153182079349                          
mvp3    3   18    8   21    3    8   21   18    3    8   18   21   -0.00052604783117230392    0.24000083206158226434    1.00993321103848243681
a_ia    3   21                                                     -0.00357027807908961992                                                    
a_ia   27   38                                                     -0.00086289179021860763                                                    
mvp2    3   13   32   38   13    3   32   38                        0.01942406393703837927   -0.27453442185162035827                          
a_ia   32   38                                                      0.00083774045992463691                                                    
mvp2    8   19   32   43   19    8   32   43                       -0.00859297277114093490   -0.33689555233747614515                          
mvp2    8   22   32   42   22    8   32   42                        0.01108743370467746465    0.90967942440895632750                          
mvp2    8   22   32   46   22    8   32   46                       -0.01269895506470114337    0.60264724806751779340                          
mvp2    8   22   27   46   22    8   27   46                        0.00508619063023852021   -0.49032934075445472333                          
a_ia   32   46                                                     -0.00068560757407820530                                                    
mvp2    3   22   27   46   22    3   27   46                       -0.00627256924313501166   -0.00002452677274761166                          
