op      3   13   27   37   13    3   27   37                       -0.05662373922294195588                                                    
a_ia   27   37                                                     -0.00385427630524436864                                                    
a_ia    3   13                                                     -0.00772263887163636246                                                    
op      8   18   32   42   18    8   32   42                       -0.02385351594290895799                                                    
op      8   18   32   38   18    8   32   38                        0.03851192650868719841                                                    
op      3   21   27   45   21    3   27   45                       -0.00748307357608248881                                                    
mvp2    3   21   32   42   21    3   32   42                        0.00148926924034895524    0.89089929602106776585                          
a_ia    3   21                                                     -0.00026333593032828990                                                    
a_ia   27   45                                                     -0.00382446272969782673                                                    
op      3   19   27   43   19    3   27   43                       -0.01697820000247184796                                                    
op      3   17   27   41   17    3   27   41                       -0.01877017176309989446                                                    
om      8   21   32   45   21    8   32   45                       -0.00717825670186041966                                                    
op      3   19   27   42   19    3   27   42                       -0.00776139489021046222                                                    
om      3   13   27   45   13    3   27   45                        0.05226975429679772689                                                    
mvp2    3   13    8   18    3    8   18   13                       -0.04925271870536685609    1.13211503735398344439                          
mvp2    3   21   32   45   21    3   32   45                        0.00204868253607539937    0.49747704352254223936                          
mvp2    3   13   32   42   13    3   32   42                        0.00003990770858795084    1.17552746058039803145                          
mvp2    3   21   32   43   21    3   32   43                        0.00074615589295744190    1.81801729302573633618                          
mvp3    3   18    8   21    3    8   21   18    3    8   18   21   -0.04251070641072200729    0.38531024959591875234    1.12646228169481221748
a_ia    3   21                                                     -0.00492344805990934439                                                    
a_ia   27   38                                                     -0.00083176107733260764                                                    
mvp2    3   13   32   38   13    3   32   38                        0.03053488202523757869   -2.12232206551862123689                          
a_ia   32   38                                                      0.00060016726930040682                                                    
mvp2    8   19   32   43   19    8   32   43                       -0.00920572650495763735   -0.01626551174895117871                          
mvp2    8   22   32   42   22    8   32   42                        0.01436163637549790935    0.94756572453689491553                          
mvp2    8   22   32   46   22    8   32   46                       -0.01376672058431003751    0.47494698158238046748                          
mvp2    8   22   27   46   22    8   27   46                        0.00956705630201275595   -0.50478226041603668772                          
a_ia   32   46                                                     -0.00193198585169376694                                                    
mvp2    3   22   27   46   22    3   27   46                       -0.00745497992053309553    0.00919425071745191315                          
a_ia   27   46                                                      0.00243756977752584633                                                    
a_ia    3   22                                                      0.00025241309039046762                                                    
op      8   20   32   44   20    8   32   44                       -0.00301625503320325505                                                    
a_ia    8   17                                                     -0.00200810949542488135                                                    
mvp2    3   18   27   42   18    3   27   42                       -0.00829887962310646259   -0.04319564144487805096                          
op      8   23   32   47   23    8   32   47                       -0.00829566847089883465                                                    
mvp2    8   18   32   46   18    8   32   46                        0.01211524237053936831   -0.39345458238696445763                          
mvp2    3   22   27   45   22    3   27   45                        0.01166532646029873159    0.42253304766777705082                          
mvp2    8   18   32   44   18    8   32   44                       -0.01044082139318999909    0.53569311819865139679                          
a_ia    8   18                                                      0.00131851846059751051                                                    
a_ia   32   44                                                      0.00161315117350888581                                                    
mvp2    3   21   24   47   21    3   24   47                       -0.01861839108868879392    0.59200005243925113430                          
mvp2    3   21   24   36   21    3   24   36                       -0.00720852073762589564    0.83002745548494583083                          
a_ia   24   36                                                      0.00544971552461531294                                                    
mvp2    3   13   24   47   13    3   24   47                        0.01692024973074521960    1.01660652061928269418                          
mvp2    3   13   24   36   13    3   24   36                        0.01583477613775248830    0.50449497508216345487                          
mvp2    3   13   24   43   13    3   24   43                        0.01059483162216846158   -0.17198635534862258267                          
a_ia    3   13                                                     -0.00162111439832924187                                                    
a_ia   12   21                                                     -0.33468164863327048986                                                    
mvp2    3   21   24   43   21    3   24   43                       -0.00981476825860309876    0.25014518242934796755                          
a_ia    3   21                                                     -0.00480489386188255856                                                    
mvp2    3   12   27   36   12    3   27   36                       -0.01924350230824454708    0.54728128868058512069                          
a_ia   27   43                                                     -0.00132633222889210227                                                    
mvp2    3   12   27   43   12    3   27   43                       -0.01227850961647675328    0.18312841770857785084                          
mvp2    8   14   32   38   14    8   32   38                       -0.01330361829570501572   -0.26834482747067439634                          
mvp2    8   19   32   46   19    8   32   46                       -0.00525342620284478725   -0.48522887075914955535                          
mvp2    8   22   32   45   22    8   32   45                       -0.00861169874374010345    0.16967363754756209504                          
mvp2    0   23   24   47   23    0   24   47                       -0.01066021201425315298   -0.90975390386742149840                          
mvp2    0   12   24   36   12    0   24   36                       -0.01383267588152112260   -0.98133493228154378141                          
mvp2    0   12   24   47   12    0   24   47                       -0.00831231561864628071   -0.05469062207864817948                          
mvp2    0   23   24   36   23    0   24   36                       -0.00871850797928771376    0.40941163535333369161                          
mvp2    0   21   24   45   21    0   24   45                       -0.00780011207826745209    0.55297503934041536411                          
a_ia   24   45                                                     -0.00079050302393742433                                                    
a_ia    8   22                                                     -0.00206734436103287421                                                    
mvp2    3   23   24   45   23    3   24   45                       -0.01140102258733339397    0.04606901736100257883                          
mvp2    8   14   32   46   14    8   32   46                       -0.00793507586932209671   -0.46965116804197898359                          
mvp2    8   21   27   45   21    8   27   45                       -0.01682525905992567419   -0.26308316493068789610                          
mvp2    0   19   27   45   19    0   27   45                       -0.00627439931207843336   -0.11620231741442224593                          
mvp2    0   19   24   43   19    0   24   43                       -0.00654436026398589558   -0.45264567679130934819                          
a_ia   21   23                                                     -0.15772895390729940734                                                    
a_ia    8    9                                                     -0.30528219825175956226                                                    
a_ia   27   28                                                     -0.27934269500586050849                                                    
a_ia   32   33                                                     -0.28104525817230896489                                                    
a_ia    3    9                                                     -0.10322826097111968691                                                    
a_ia    3    4                                                     -0.25449953602011993192                                                    
a_ia   24   25                                                     -0.19027921404460346189                                                    
mvp2    4   14   28   38   14    4   28   38                       -0.02645331167691598526   -0.42134790013330586378                          
a_ia    4   14                                                      0.00278560251491576137                                                    
mvp2    4   14   28   44   14    4   28   44                       -0.01337886819437188353    0.12361927964890299936                          
a_ia   15   18                                                      0.36427014287056297404                                                    
mvp2    4   14   28   42   14    4   28   42                        0.00719935469749990748    0.02224288991588340911                          
mvp2    4   20   28   44   20    4   28   44                       -0.01512371179446472119    0.70078209135441948963                          
a_ia   28   42                                                      0.00094994176305561353                                                    
a_ia   20   22                                                      0.61277584261069228955                                                    
a_ia   28   42                                                     -0.00284766077304864692                                                    
mvp2    4   20   28   42   20    4   28   42                        0.00639717981016045718   -0.19061651685747077467                          
mvp2    4   22   28   44   22    4   28   44                        0.00911315146693223929   -0.24104615429435574669                          
mvp2    4   20   28   38   20    4   28   38                       -0.01306759548461549660   -0.45715534514600975058                          
mvp2    0   18   24   42   18    0   24   42                       -0.00745779733982244227    0.02645066117525688917                          
mvp2    3   13   24   42   13    3   24   42                        0.00531346672587190184   -0.16023389784079020148                          
a_ia   24   42                                                     -0.00081704556039450421                                                    
mvp2    0   22   24   46   22    0   24   46                       -0.00619935485397832362    0.13668456876372042652                          
mvp2    4   22   32   46   22    4   32   46                       -0.00420124991703252609   -0.33917726668763215070                          
a_ia   13   18                                                      0.08555907378710513045                                                    
mvp2    4   20   32   44   20    4   32   44                        0.00431018760460834434   -0.08258050054970031417                          
a_ia   24   28                                                      0.06368880178096303357                                                    
mvp2    4   18   28   44   18    4   28   44                        0.00627717928136312716   -0.00034358149314351889                          
