op      3   13   27   37   13    3   27   37                       -0.04720292766592118494                                                    
a_ia   27   37                                                     -0.00249577099803586534                                                    
a_ia    3   13                                                     -0.00278035190602190369                                                    
op      8   18   32   42   18    8   32   42                       -0.02452213823765684100                                                    
op      8   18   32   38   18    8   32   38                        0.01337793578259195704                                                    
op      3   21   27   45   21    3   27   45                       -0.00451361126992975027                                                    
mvp2    3   21   32   42   21    3   32   42                       -0.00269427627286449641    0.66923684340724987063                          
a_ia    3   21                                                     -0.00080666147643517405                                                    
a_ia   27   45                                                     -0.00211128270471899358                                                    
op      3   19   27   43   19    3   27   43                       -0.01554485913995595422                                                    
op      3   17   27   41   17    3   27   41                       -0.01851891864804261142                                                    
om      8   21   32   45   21    8   32   45                       -0.00706367331411154268                                                    
op      3   19   27   42   19    3   27   42                       -0.00853292815132035420                                                    
om      3   13   27   45   13    3   27   45                        0.03802167348230778288                                                    
mvp2    3   13    8   18    3    8   18   13                       -0.02514530435913434753    0.62705091437939253218                          
mvp2    3   21   32   45   21    3   32   45                        0.00104887126304985322    0.44100087283177280550                          
mvp2    3   13   32   42   13    3   32   42                       -0.03239555682960146288    0.57667558662662254942                          
mvp2    3   21   32   43   21    3   32   43                        0.00047428015238669072    0.87645212862847365898                          
mvp3    3   18    8   21    3    8   21   18    3    8   18   21   -0.00051869347261600880    0.23999393834515331259    1.00994426292651939825
a_ia    3   21                                                     -0.00357434649180794588                                                    
a_ia   27   38                                                     -0.00086264960906471311                                                    
mvp2    3   13   32   38   13    3   32   38                        0.01941403117945688511   -0.27452580294474804301                          
a_ia   32   38                                                      0.00085397890541800958                                                    
mvp2    8   19   32   43   19    8   32   43                       -0.00856110558931121035   -0.33686895254826498824                          
mvp2    8   22   32   42   22    8   32   42                        0.01109063741107116190    0.90964142634717914948                          
mvp2    8   22   32   46   22    8   32   46                       -0.01271204471424102096    0.60258045526882109133                          
mvp2    8   22   27   46   22    8   27   46                        0.00508556922367310767   -0.49034239972501553195                          
a_ia   32   46                                                     -0.00064923671413530924                                                    
