op      3   13   27   37   13    3   27   37                       -0.05073666148491427774                                                    
a_ia   27   37                                                     -0.00236975836880906144                                                    
a_ia    3   13                                                     -0.00115592440884680018                                                    
op      8   18   32   42   18    8   32   42                       -0.04211631165666913229                                                    
op      8   18   32   38   18    8   32   38                        0.04391365127006888885                                                    
op      3   21   27   45   21    3   27   45                       -0.00656206679328070249                                                    
mvp2    3   21   32   42   21    3   32   42                       -0.00071240144568961974    0.47082620153880422320                          
a_ia    3   21                                                     -0.00024298547643298403                                                    
a_ia   27   45                                                     -0.00354276388755602693                                                    
op      3   19   27   43   19    3   27   43                       -0.01536299588571163680                                                    
op      3   17   27   41   17    3   27   41                       -0.01790825501981923792                                                    
om      8   21   32   45   21    8   32   45                       -0.00728234602506463470                                                    
op      3   19   27   42   19    3   27   42                       -0.00827692558408899687                                                    
om      3   13   27   45   13    3   27   45                        0.04497554112679037763                                                    
mvp2    3   13    8   18    3    8   18   13                       -0.03289902121044556427    1.02810510168908941786                          
mvp2    3   21   32   45   21    3   32   45                        0.00112923380868484033    0.56389483685543961844                          
mvp2    3   13   32   42   13    3   32   42                       -0.03702607807475745416    0.77185378470115828531                          
mvp2    3   21   32   43   21    3   32   43                       -0.00118709951558450331    1.39035094504581602237                          
mvp3    3   18    8   21    3    8   21   18    3    8   18   21   -0.02944237908954349531    0.43749840256303479391    1.16787265066857370854
a_ia    3   21                                                     -0.00047871479899260969                                                    
a_ia   27   38                                                     -0.00049844974716072986                                                    
mvp2    3   13   32   38   13    3   32   38                        0.04189317668507902548   -0.67519723238000795007                          
a_ia   32   38                                                      0.00205344668354278878                                                    
mvp2    8   19   32   43   19    8   32   43                       -0.00831767659626661375   -0.76370469160947307419                          
mvp2    8   22   32   42   22    8   32   42                        0.00996754221231075169    0.84193657119058418203                          
mvp2    8   22   32   46   22    8   32   46                       -0.01191251358835580462    0.33563183575963084770                          
mvp2    8   22   27   46   22    8   27   46                        0.00551354561857051416   -0.55936303367870698899                          
a_ia   32   46                                                     -0.00080703106410593361                                                    
mvp2    3   22   27   46   22    3   27   46                       -0.00605803726822821097   -0.04542364723208706934                          
a_ia   27   46                                                      0.00171888430913438601                                                    
a_ia    3   22                                                      0.00121754060939471094                                                    
op      8   20   32   44   20    8   32   44                       -0.00737627812475664599                                                    
a_ia    8   17                                                     -0.00166561430735516166                                                    
mvp2    3   18   27   42   18    3   27   42                       -0.00936522809003196600   -0.07044899241503913001                          
op      8   23   32   47   23    8   32   47                       -0.00752992719311241458                                                    
mvp2    8   18   32   46   18    8   32   46                        0.01004390209412107070   -0.45463165354083773240                          
mvp2    3   22   27   45   22    3   27   45                        0.00753886954975994342    0.10871447522858351808                          
mvp2    8   18   32   44   18    8   32   44                       -0.00814080952082450390    0.58497607052413680417                          
a_ia    8   18                                                     -0.00136409075493816373                                                    
a_ia   32   44                                                      0.00070746344946291922                                                    
mvp2    3   21   24   47   21    3   24   47                       -0.01437285839042745129    0.59160254978617288213                          
mvp2    3   21   24   36   21    3   24   36                       -0.01614560922580183383    0.78232681125777492337                          
a_ia   24   36                                                      0.00564269516395377816                                                    
mvp2    3   13   24   47   13    3   24   47                        0.01151592436724312163    0.45332537822360335911                          
mvp2    3   13   24   36   13    3   24   36                        0.01755201536246532926    0.23991927958305189761                          
mvp2    3   13   24   43   13    3   24   43                        0.00818073762815429116   -0.11701766450628883764                          
a_ia    3   13                                                     -0.00145499867369548643                                                    
a_ia   12   21                                                     -0.41486513277986830639                                                    
mvp2    3   21   24   43   21    3   24   43                       -0.00881141663063915968    0.18382784564350815315                          
a_ia    3   21                                                     -0.00433456884213268261                                                    
mvp2    3   12   27   36   12    3   27   36                       -0.01886985434634260578    0.68425296308831140557                          
a_ia   27   43                                                     -0.00101813158543246425                                                    
mvp2    3   12   27   43   12    3   27   43                       -0.01134724865543852539    0.23137710829288002379                          
mvp2    8   14   32   38   14    8   32   38                       -0.01476020642042192264   -0.82372558440280074787                          
mvp2    8   19   32   46   19    8   32   46                       -0.00449459566338934399   -0.12670170103796185579                          
mvp2    8   22   32   45   22    8   32   45                       -0.00624396024170781327    0.06473425739886995434                          
mvp2    0   23   24   47   23    0   24   47                       -0.01040795306160935407   -0.79460381435181504095                          
mvp2    0   12   24   36   12    0   24   36                       -0.01394121144888867299   -0.76463783359938064521                          
mvp2    0   12   24   47   12    0   24   47                       -0.00842412395135580701   -0.00023104929520691289                          
