op      3   10   15   22   10    3   15   22                       -0.04639582539028128810                                                    
op      2   10   15   23   10    2   15   23                       -0.07799539372569862239                                                    
op      3   11   15   23   11    3   15   23                       -0.03629336307867775391                                                    
mvp2    2   11   15   22   11    2   15   22                       -0.03626718089986478294   -0.81012834881909678852                          
mvp2    3   10   14   23   10    3   14   23                       -0.07073753126457511808    0.76272335755730147344                          
mvp2    2   10   14   22   10    2   14   22                       -0.05135208691307614759   -0.66765639031116386093                          
mvp2    2   11   14   23   11    2   14   23                        0.02332563519074065672   -0.35078135287312139923                          
mvp2    3   11   14   22   11    3   14   22                       -0.02754087101399987567    0.25643903621984176500                          
op      2    9   15   20    9    2   15   20                       -0.02085826111809836389                                                    
op      2    8   14   20    8    2   14   20                       -0.01901025364173973900                                                    
om      2    9   14   21    9    2   14   21                       -0.02759186014520209965                                                    
mvp2    3    8   15   20    8    3   15   20                       -0.03043628667322434769   -0.04902541204026575339                          
mvp2    3    8   14   21    8    3   14   21                       -0.01632876593621613789    0.93609022157918264639                          
mvp2    3    9   14   20    9    3   14   20                        0.00370344594949755055    0.11562222520923237656                          
mvp2    3    9   15   21    9    3   15   21                       -0.01706572715073903859    1.67473187300854142734                          
op      5   10   17   22   10    5   17   22                       -0.01988769139282138207                                                    
op      4   10   17   23   10    4   17   23                       -0.02207217380786400535                                                    
op      4   11   16   23   11    4   16   23                       -0.01816627369038032597                                                    
op      5   11   16   22   11    5   16   22                       -0.02180597716023549223                                                    
op      5   10   16   23   10    5   16   23                       -0.02183403646626373359                                                    
mvp2    5   11   17   23   11    5   17   23                       -0.01980372953032883895   -0.71590329333467539463                          
mvp2    3   11   16   20   11    3   16   20                        0.02663897920784969939   -0.13293687985904059645                          
a_ia   16   20                                                     -0.00159086695605728957                                                    
mvp2    4   10   16   22   10    4   16   22                       -0.02185124538538979477    1.08645652286512328644                          
mvp2    4   11   17   22   11    4   17   22                       -0.02194047631879898763    0.49913217799455683599                          
mvp2    3   10   17   20   10    3   17   20                        0.00051781870125939373    0.69798804171290418363                          
mvp2    3   10   13   20   10    3   13   20                       -0.01442504142958086349    0.58770592468352289561                          
mvp2    3   11   12   20   11    3   12   20                       -0.03409347736953377561    0.33755761556025998260                          
mvp2    2   11   16   21   11    2   16   21                        0.00321039662674692684   -0.71309258856540902460                          
mvp2    2   11   12   21   11    2   12   21                       -0.02772415408997115985    0.60154278751135281667                          
mvp2    2   10   17   21   10    2   17   21                       -0.02623221179095098013    0.38469896017576510339                          
a_ia   17   21                                                     -0.00079868424846236117                                                    
mvp2    2   10   13   21   10    2   13   21                        0.01052652189798636631    0.03390057105612689220                          
mvp2    3   11   13   21   11    3   13   21                        0.00601514021701859795   -0.38077127989393821927                          
mvp2    3   11   17   21   11    3   17   21                       -0.02828096357889452878    0.06628862202061212849                          
mvp2    2   10   16   20   10    2   16   20                        0.01985785034365996488    0.04447556402169263595                          
mvp2    2   10   12   20   10    2   12   20                       -0.03184648521470589966    0.06856847025601348067                          
mvp2    2   11   17   20   11    2   17   20                        0.04319309835246359919   -1.54915562126088235395                          
mvp2    1    9   13   21    9    1   13   21                       -0.00366253063590741938   -0.67480742773402646595                          
a_ia   13   21                                                      0.00004326440740497729                                                    
mvp2    1    9   17   21    9    1   17   21                        0.01642881638029733068   -2.72842295845602889059                          
a_ia   17   21                                                      0.00146866878870808822                                                    
a_ia    2   10                                                      0.00191006822712024796                                                    
mvp2    1    8   13   20    8    1   13   20                       -0.01685452716574555379   -0.71721891636018697547                          
mvp2    1    8   17   20    8    1   17   20                        0.01104953237961311605   -0.07432331673579627151                          
mvp2    1    8   12   21    8    1   12   21                       -0.00228781086258185180    0.18471519219929788402                          
mvp2    0    9   15   22    9    0   15   22                       -0.01349629177890989545   -0.41408683575805138588                          
a_ia    3   11                                                      0.00190540913818072104                                                    
mvp2    0    8   12   20    8    0   12   20                       -0.01507441129137836351   -0.69062231051623357292                          
mvp2    0    8   13   21    8    0   13   21                       -0.02592705485937860793    1.18600250882020863408                          
a_ia   12   20                                                      0.00567398336065790942                                                    
mvp2    4    9   15   22    9    4   15   22                        0.03583205508652721055    0.72555902675051731077                          
mvp2    5    9   15   23    9    5   15   23                       -0.00000499799505781166   -0.06036731719984914091                          
a_ia    5    9                                                      0.02010735619239699748                                                    
mvp2    5    8   15   22    8    5   15   22                        0.02389738879862150778    0.99189015675552849594                          
mvp2    4    8   15   23    8    4   15   23                        0.01996251294369792706    0.39804565841770916945                          
a_ia    4    8                                                     -0.01302187024466403692                                                    
mvp2    3    8   17   22    8    3   17   22                        0.01746965809840725359   -0.09364944674215233689                          
mvp2    4    8   14   22    8    4   14   22                        0.03239508325244520870   -0.27482634959640867001                          
mvp2    5    9   14   22    9    5   14   22                        0.02163982098342611196   -0.18480645114134131024                          
a_ia   14   22                                                      0.00224654600491268385                                                    
a_ia   13   21                                                     -0.00125829697556405608                                                    
a_ia   15   23                                                      0.00146570713982386983                                                    
mvp2    0   11   13   22   11    0   13   22                       -0.00805411730884101305   -0.81486795648530307989                          
mvp2    4    8   13   21    8    4   13   21                        0.01263566926394886838   -0.03692468361928710058                          
mvp2    5   11   14   20   11    5   14   20                        0.01725455420088086583    0.20184338457392617117                          
mvp2    4    8   12   20    8    4   12   20                        0.01489225894680110129    0.46200665883412428414                          
mvp2    4   11   14   21   11    4   14   21                        0.01696144296242583366    0.12026945120460752481                          
mvp2    0   11   14   21   11    0   14   21                       -0.01517026857974794647    0.07690278808863437732                          
mvp2    4    8   16   20    8    4   16   20                       -0.01967117116181110736    0.36869352160253754391                          
mvp2    5    9   17   21    9    5   17   21                       -0.02604093280714025668   -0.71685879919928574555                          
mvp2    5    9   16   20    9    5   16   20                       -0.03285330414093151630   -0.32918514769672030384                          
mvp2    0   11   15   20   11    0   15   20                       -0.01288612458471131289   -0.16127964565225411109                          
mvp2    5   11   15   21   11    5   15   21                        0.01718196786187024816   -0.03292240092568550491                          
mvp2    4   11   15   20   11    4   15   20                        0.01724200134730341158   -0.03232646521208303730                          
mvp2    5    9   13   21    9    5   13   21                        0.01866061013883845224    0.00288253755412875299                          
mvp2    5   10   14   21   10    5   14   21                        0.01704358710950982028    0.26510710744240029157                          
mvp2    4   10   15   21   10    4   15   21                        0.01762902075113002495    0.08709645383509588557                          
mvp2    0   10   14   20   10    0   14   20                       -0.01114062895367693741   -0.00177511352169283545                          
mvp2    5   10   15   20   10    5   15   20                        0.01776891174271609877    0.04174333445089541128                          
mvp2    3   10   15   22   10    3   15   22                       -0.03458596726759550349   -0.05622825183250523134                          
mvp3   13   20   14   23   13   14   23   20   13   14   20   23    0.01815236805186395616   -0.07030788994616019028   -0.41099730240324250374
mvp2    2   11   15   22   11    2   15   22                       -0.03327529675331583614    0.00651292954783410944                          
mvp2    1   11   14   20   11    1   14   20                       -0.01034646528254742730   -0.13677613653627579415                          
mvp2    1   11   13   23   11    1   13   23                       -0.00932054554565047919   -0.12563922680005856769                          
mvp2    1   10   13   22   10    1   13   22                       -0.00882493881936332464   -0.05566932835275214403                          
mvp2    1   11   15   21   11    1   15   21                       -0.01127749216625040241   -0.13262353584788724725                          
mvp2    0   10   15   21   10    0   15   21                       -0.01075406876209038937   -0.18552341768639943331                          
mvp2    1   10   14   21   10    1   14   21                       -0.01100764077887267552   -0.11395675462483911833                          
mvp2    1    8   15   22    8    1   15   22                       -0.01605211438037424526   -0.19859759737416596281                          
mvp2    1   10   15   20   10    1   15   20                       -0.01099159652892592667   -0.15416897690179645619                          
mvp2    1   11   12   22   11    1   12   22                       -0.00958496966606409151   -0.05080015908566380689                          
mvp2    0   11   12   23   11    0   12   23                       -0.00826379726029822202   -0.12961058125883015424                          
mvp2    0   10   12   22   10    0   12   22                       -0.00964511244843966123   -0.01533706174640124542                          
mvp2    1   10   12   23   10    1   12   23                       -0.00870791793143363239   -0.09620365371726119497                          
mvp2    2    8   17   23    8    2   17   23                        0.01735418138050662598   -0.07321018643127708003                          
mvp2    2    8   12   22    8    2   12   22                       -0.00995702118582803518   -0.05093096267256944781                          
mvp2    2    9   17   22    9    2   17   22                        0.01734461318860627821    0.06419717158336876728                          
mvp2    3    9   17   23    9    3   17   23                        0.01763742756977281639    0.17087157064709293519                          
mvp2    2    9   12   23    9    2   12   23                       -0.00923772041851356196    0.02441973277760792552                          
mvp2    3    9   12   22    9    3   12   22                       -0.00984562666430308618   -0.01330268092737104356                          
mvp2    2    8   16   22    8    2   16   22                        0.01741002840362568249   -0.03150588164312163181                          
mvp2    3    9   16   22    9    3   16   22                        0.01772053590971423356   -0.02495301945697041973                          
mvp2    2    9   16   23    9    2   16   23                        0.01754943887971119332    0.04611650342526841390                          
mvp2    3    8   16   23    8    3   16   23                        0.01765711189332223874   -0.05733791776178105010                          
mvp2    3    8   12   23    8    3   12   23                       -0.00882310455892266164   -0.05302338209810852215                          
mvp2    0    9   13   20    9    0   13   20                       -0.01163325603495753494   -0.01663985126422543037                          
op      6    9   18   21    9    6   18   21                       -0.01309405764981000538                                                    
mvp2    5    8   13   20    8    5   13   20                        0.00979770761194808694   -0.12796446121855134526                          
a_ia    0    8                                                     -0.00016375206496179069                                                    
mvp2    0    9   12   21    9    0   12   21                       -0.00562699644636611550    0.00164451318820923293                          
op      7    8   19   20    8    7   19   20                       -0.01308939685451893271                                                    
om      7    9   18   20    9    7   18   20                       -0.01310059590149071154                                                    
op      6    9   19   20    9    6   19   20                       -0.01310295698922899106                                                    
mvp2    6    8   19   21    8    6   19   21                       -0.01307214570360011249   -0.00002096639164344098                          
mvp2    7    9   19   21    9    7   19   21                       -0.01310792886826668904   -0.00292220021406897155                          
mvp2    7    8   18   21    8    7   18   21                       -0.01307407651285116476    0.00294655628873016382                          
mvp2    6    8   18   20    8    6   18   20                       -0.01310062358388516118   -0.00296621708949513369                          
a_ia    5    9                                                     -0.02627229264022951094                                                    
mvp2    0    9   15   22    9    0   15   22                       -0.00909114249086714898   -0.08900370704928570187                          
mvp2    0   10   13   23   10    0   13   23                       -0.00558058274534747965   -0.01822385567830247383                          
mvp2    4   10   13   23   10    4   13   23                       -0.00263486022301555843   -0.05772647741276987904                          
mvp2    4    9   13   20    9    4   13   20                        0.00927226361924495847   -0.05230719685257443491                          
om      7   10   18   23   10    7   18   23                       -0.00541802443914028535                                                    
mvp2    4   10   14   20   10    4   14   20                        0.01309753705411274664    0.05988361449587679963                          
op      6   10   18   22   10    6   18   22                       -0.00540564166950315526                                                    
om      7   11   19   23   11    7   19   23                       -0.00542733597188701459                                                    
mvp2    5   11   13   23   11    5   13   23                       -0.00541624349841981958   -0.01903623682946747539                          
mvp2    0    8   14   22    8    0   14   22                       -0.00488416248230990040   -0.01356756000793202591                          
op      6   11   18   23   11    6   18   23                       -0.00543816158377268682                                                    
op      6   11   19   22   11    6   19   22                       -0.00541094584599298174                                                    
op      6   10   19   23   10    6   19   23                       -0.00541739255173975896                                                    
mvp2    2    9   13   22    9    2   13   22                       -0.00468331771535827543   -0.04250975866473823833                          
om      7   11   18   22   11    7   18   22                       -0.00541052880119658863                                                    
om      7   10   19   22   10    7   19   22                       -0.00539811324130695224                                                    
mvp2    0    8   16   20    8    0   16   20                        0.00332755653119292099   -0.00012965167275810676                          
a_ia   16   20                                                      0.00000000000000000000                                                    
a_ia   16   20                                                     -0.00031670469029539524                                                    
a_ia    0    8                                                     -0.00013860354405697487                                                    
mvp2    1    8   16   21    8    1   16   21                        0.00233911041705617403    0.02029151013055690775                          
mvp2    1   11   16   22   11    1   16   22                        0.00148862996937310457    0.02470607532710568030                          
mvp3   12   20   14   22   12   14   22   20   12   14   20   22   -0.00185355835304229716    0.00611412192216826984    0.00966207456478408548
mvp2    5    8   12   21    8    5   12   21                        0.00226606431200159506   -0.00601488736632690545                          
mvp3    4    8    5    9    4    5    9    8    4    5    8    9   -0.00487281099561868297    0.00014553245575903262   -0.00890322542349736984
