9.999981407604782158e-01
9.999947900009567014e-01
9.999951684400609775e-01
9.960953522975179997e-01
9.958707102682893275e-01
9.949668544009571125e-01
9.960732941469228052e-01
9.947743257540215822e-01
9.964316879438344099e-01
9.936119035921023857e-01
9.943455990433833769e-01
9.883422215926658261e-01
9.932244139692728568e-01
9.930713715994523572e-01
9.825437610786762477e-01
9.779068267060380126e-01
2.848365627051416618e-02
1.764381558281537254e-02
5.057093713465122403e-03
4.172026925215740513e-03
8.485499705319071023e-03
2.007724551424378608e-03
4.421196529576168141e-03
2.277711007719093999e-03
3.706605521091882287e-03
2.609213277024190897e-03
1.021756777638565487e-03
5.100227423783266004e-03
2.733499630643833507e-03
5.235179072877168237e-03
5.190318037374692939e-03
4.608054378566588116e-03
