9.999955419687429625e-01
9.999882363772819582e-01
9.999876554391744499e-01
9.957599938694812192e-01
9.956060933249498701e-01
9.949058508866441830e-01
9.955343284388719072e-01
9.943300198446420879e-01
9.961590683865410023e-01
9.932401975181781584e-01
9.941872172979296929e-01
9.873650291225839482e-01
9.927877643538738361e-01
9.926183040409547464e-01
9.800677720689425776e-01
9.755348604538994772e-01
3.194580541803874324e-02
1.963357203517531596e-02
5.472485831137445349e-03
4.402022093923727529e-03
8.862282864995560394e-03
2.409455913779372498e-03
4.653742680171396411e-03
2.567209638022731853e-03
3.950157245897608846e-03
2.770316909117706561e-03
1.083914833756092003e-03
5.363499499882519797e-03
2.919853808882818397e-03
5.631691575427621652e-03
5.455140063341387506e-03
4.810916185916865387e-03
