-2.618098509256917055e+02
-2.618228446918292889e+02
-2.618295160839140863e+02
-2.618448133270879907e+02
-2.618491388501088863e+02
-2.618571254132214108e+02
-2.618635849306555201e+02
-2.618725366125312917e+02
-2.618753674599802252e+02
-2.618785720918618836e+02
-2.618805646379024097e+02
-2.618844422986733207e+02
-2.618858452418124898e+02
-2.618874193341130194e+02
-2.618892425003514859e+02
-2.618920148560717962e+02
-2.618921577370601881e+02
-2.618934448326251072e+02
-2.618964085852908283e+02
-2.618973333643930914e+02
-2.618981820355663785e+02
-2.618983244179137273e+02
-2.618984987205403172e+02
-2.618991631904992232e+02
-2.618992890746425815e+02
-2.618994263721642142e+02
-2.619018334262844974e+02
-2.619032527658134768e+02
-2.619036983416947919e+02
-2.619037473597800840e+02
-2.619038386659128719e+02
-2.619039171405436264e+02
-2.619052241047664893e+02
-2.619057194495431986e+02
-2.619057405151277749e+02
-2.619058392148384087e+02
-2.619060458621087832e+02
-2.619060930267090725e+02
-2.619063010109990159e+02
-2.619063867331736901e+02
-2.619065906249613249e+02
-2.619066460823531770e+02
-2.619068072879658757e+02
-2.619068435919124909e+02
-2.619069427733040243e+02
-2.619069981372865072e+02
-2.619070430859421208e+02
-2.619072586326416854e+02
-2.619073321508371919e+02
-2.619075178665142971e+02
-2.619075702937408892e+02
-2.619075744707790250e+02
-2.619077579282816828e+02
-2.619078716969900142e+02
-2.619081268070576130e+02
-2.619082304776430874e+02
-2.619083394834012779e+02
-2.619085115728559003e+02
-2.619085461820524188e+02
-2.619085985748432108e+02
-2.619086660825178114e+02
-2.619087123171822213e+02
-2.619089194760653072e+02
-2.619089757249083732e+02
-2.619090728150304130e+02
-2.619094385923838217e+02
-2.619094495302783798e+02
-2.619096276550166067e+02
-2.619097748466459734e+02
-2.619098618839037158e+02
-2.619098929854465041e+02
-2.619099265145687241e+02
-2.619099686547618262e+02
-2.619100612139345117e+02
-2.619102179451630832e+02
-2.619103125835201240e+02
-2.619103415244445046e+02
-2.619103778802377178e+02
-2.619105087521692781e+02
-2.619105324817431892e+02
-2.619105911161677227e+02
-2.619106413849086721e+02
-2.619106513059825261e+02
-2.619106518070095717e+02
-2.619106578904186904e+02
-2.619108952026971906e+02
-2.619110828427295132e+02
-2.619111052173366829e+02
-2.619111366824487845e+02
-2.619112387539781821e+02
-2.619112940270160834e+02
-2.619113193092235861e+02
-2.619113725341318855e+02
-2.619114060924733280e+02
-2.619114282411500199e+02
-2.619115101274297217e+02
-2.619115111309793065e+02
-2.619115433770891741e+02
-2.619115869081239794e+02
-2.619116128247439974e+02
-2.619116382296385837e+02
-2.619116799281898125e+02
-2.619117077592862870e+02
-2.619117251615622877e+02
-2.619117502619362199e+02
-2.619117768461517812e+02
-2.619118789562480174e+02
-2.619118853221585823e+02
-2.619120011115638249e+02
-2.619120356050178202e+02
-2.619120759832716203e+02
-2.619122884833747094e+02
-2.619122982234678148e+02
-2.619123752956596718e+02
-2.619123938533783758e+02
-2.619124428940239113e+02
-2.619124814431145865e+02
-2.619126852817266808e+02
-2.619127371871031755e+02
-2.619128040841458755e+02
-2.619128669707408221e+02
-2.619129273147348158e+02
-2.619130662681989747e+02
-2.619131127147513780e+02
-2.619133270002997165e+02
-2.619133756174006180e+02
-2.619133776461449088e+02
-2.619133891397081015e+02
-2.619134148204934718e+02
-2.619134258541137115e+02
-2.619134795618600151e+02
-2.619134980012424876e+02
-2.619135525520579222e+02
-2.619135580169353261e+02
-2.619136197757910054e+02
-2.619137691352017896e+02
-2.619138369859472277e+02
-2.619138442825503148e+02
-2.619138743131333058e+02
-2.619139254904848144e+02
-2.619139271970962000e+02
-2.619139278928810768e+02
-2.619139450798538178e+02
-2.619139652845718729e+02
-2.619139819293490064e+02
-2.619140235940727734e+02
-2.619140544439392215e+02
-2.619140673413285754e+02
-2.619141734571650773e+02
-2.619141773345339175e+02
-2.619141900503673810e+02
-2.619141980203643811e+02
-2.619142111462286948e+02
-2.619142115944280818e+02
-2.619142378830388225e+02
-2.619142395096976088e+02
-2.619142411787225910e+02
-2.619142590294430875e+02
-2.619142638569558130e+02
-2.619142692598376243e+02
-2.619142945857315112e+02
-2.619142989182569750e+02
-2.619143078337617112e+02
-2.619143121733662838e+02
-2.619143585665473779e+02
-2.619143656828807138e+02
-2.619143659616889863e+02
-2.619143709500289106e+02
-2.619143848748752816e+02
-2.619143855209529761e+02
-2.619143927405277168e+02
-2.619144502887505723e+02
-2.619144514734065865e+02
-2.619145413603125121e+02
-2.619145665481349852e+02
-2.619147758134091077e+02
-2.619147851554089925e+02
-2.619147913415708899e+02
-2.619148000411245789e+02
-2.619148006513286759e+02
-2.619148073818237776e+02
-2.619148131631167757e+02
-2.619148330056132750e+02
-2.619148381203253280e+02
-2.619148427912584793e+02
-2.619148430846730093e+02
-2.619148431861759718e+02
-2.619148432824147790e+02
-2.619148608803433831e+02
-2.619148644576865195e+02
-2.619149930941712796e+02
-2.619149933156315910e+02
-2.619149938554223240e+02
-2.619149983626707012e+02
-2.619149990188087145e+02
-2.619150034372054847e+02
-2.619150173468099752e+02
-2.619150953786602827e+02
-2.619150971867483122e+02
-2.619150975582484762e+02
-2.619150995488747071e+02
-2.619151205842131844e+02
-2.619151588768618808e+02
-2.619151588792440180e+02
-2.619151594470774853e+02
-2.619152566902200761e+02
-2.619152581745825046e+02
-2.619152618658412166e+02
-2.619152652665471805e+02
-2.619153908417143839e+02
-2.619153914816437805e+02
-2.619153932030848182e+02
-2.619153932011594748e+02
-2.619153934312441834e+02
-2.619153938200325911e+02
-2.619154740159559083e+02
-2.619155509941920172e+02
-2.619155535365921992e+02
-2.619155628220191261e+02
-2.619155629005597916e+02
-2.619156287499960172e+02
-2.619157237936124147e+02
-2.619157264216369754e+02
-2.619157686741542079e+02
-2.619157686849683842e+02
-2.619157754409927179e+02
-2.619157772613891098e+02
-2.619157775141322873e+02
-2.619158009049128850e+02
-2.619158086888032244e+02
-2.619158131043739104e+02
-2.619158579576762804e+02
-2.619158607395381182e+02
-2.619158670674299856e+02
-2.619158709170648081e+02
-2.619158714339667995e+02
-2.619158729773986920e+02
-2.619158742316116104e+02
-2.619158839967604990e+02
-2.619158840033891806e+02
-2.619158853133183129e+02
-2.619158923109267221e+02
-2.619159055339802080e+02
-2.619159098960179790e+02
-2.619159133969005779e+02
-2.619159149401043010e+02
-2.619159155797220819e+02
-2.619159155759974169e+02
-2.619159775921409050e+02
-2.619159776103019794e+02
-2.619160428310765951e+02
-2.619160503888409153e+02
-2.619160538602682777e+02
-2.619160591541740928e+02
-2.619160594982471935e+02
-2.619161071243277092e+02
-2.619161073827273185e+02
-2.619161073893849903e+02
