9.999992481526113197e-01
9.999996949051737083e-01
9.999985117655131317e-01
9.958283380646280047e-01
9.957470701492097120e-01
9.947157957233103698e-01
9.955038078040294725e-01
9.942939403314414726e-01
9.960466812202685150e-01
9.929408420176488725e-01
9.938276494360548385e-01
9.873946488696945245e-01
9.925707643272904113e-01
9.921745880741834611e-01
9.801620177978483950e-01
9.759329350573409112e-01
3.153394893346779526e-02
1.944357317987320533e-02
5.525173566724517552e-03
4.442707763416800862e-03
9.161132532707776110e-03
2.396717673246243074e-03
4.744820380714238200e-03
2.809710293566316207e-03
3.955544082470665787e-03
2.796545610827381838e-03
1.077655693986718632e-03
5.683550547311504164e-03
2.925512556766122693e-03
5.806600402587636274e-03
5.647483016980254025e-03
4.912790069190926638e-03
