-2.618526654456708798e+02
-2.618595259257872954e+02
-2.618657342082115065e+02
-2.618702977006557262e+02
-2.618741083775968832e+02
-2.618791044194965139e+02
-2.618833632385778856e+02
-2.618850182508396074e+02
-2.618877219623959718e+02
-2.618903702649835736e+02
-2.618930440582678898e+02
-2.618959022762683730e+02
-2.618981827582305755e+02
-2.618984750029050019e+02
-2.618987646424113223e+02
-2.618994713362558855e+02
-2.618996672374531158e+02
-2.619003602525742735e+02
-2.619014895091606832e+02
-2.619027343955023071e+02
-2.619031183134862886e+02
-2.619032449124459276e+02
-2.619039626363583011e+02
-2.619047086785539022e+02
-2.619050598841969872e+02
-2.619052744434175111e+02
-2.619054032170981259e+02
-2.619056015656450995e+02
-2.619061746947418783e+02
-2.619062784803949171e+02
-2.619063557506605093e+02
-2.619067087909307929e+02
-2.619068246018869104e+02
-2.619069561613230803e+02
-2.619078026978802995e+02
-2.619078687162935921e+02
-2.619079958561264903e+02
-2.619086393924987988e+02
-2.619088759579860266e+02
-2.619092821334240284e+02
-2.619094329653681257e+02
-2.619097000030827189e+02
-2.619098608120684730e+02
-2.619100911746349993e+02
-2.619103955264919250e+02
-2.619106255557526879e+02
-2.619107288993225211e+02
-2.619108024876684908e+02
-2.619108954122290811e+02
-2.619112814098588728e+02
-2.619113814234032134e+02
-2.619114543552548184e+02
-2.619117623558285004e+02
-2.619119607867476134e+02
-2.619120798738359213e+02
-2.619121334882174210e+02
-2.619122381843291123e+02
-2.619123470518327963e+02
-2.619124184958272963e+02
-2.619124973432574848e+02
-2.619126335439938202e+02
-2.619127229410403856e+02
-2.619127603080227118e+02
-2.619129110104228744e+02
-2.619130821200827199e+02
-2.619132028971496879e+02
-2.619132619180139727e+02
-2.619133685779780194e+02
-2.619134146917572252e+02
-2.619135249226321775e+02
-2.619135839555020766e+02
-2.619137109109826724e+02
-2.619138798355651261e+02
-2.619139912953219209e+02
-2.619142042856220769e+02
-2.619143837742478809e+02
-2.619145228017321756e+02
-2.619146870882743201e+02
-2.619147467498445963e+02
-2.619148402197002952e+02
-2.619149445168383750e+02
-2.619150414189924163e+02
-2.619151588935828840e+02
-2.619152089459093986e+02
-2.619152342300852183e+02
-2.619152756509839719e+02
-2.619152995474859154e+02
-2.619155585191929845e+02
-2.619156716058295160e+02
-2.619156885295586221e+02
-2.619157076434955798e+02
-2.619157326092740732e+02
-2.619158391371382208e+02
-2.619160492184067834e+02
-2.619161367530252278e+02
-2.619162061979279770e+02
-2.619162561425391118e+02
-2.619163364603234072e+02
-2.619164182377543284e+02
-2.619165009403233171e+02
-2.619165690097618153e+02
-2.619165904744406248e+02
-2.619166425977838912e+02
-2.619166724851144750e+02
-2.619168064005490919e+02
-2.619168479285872877e+02
-2.619169127769856118e+02
-2.619170230698763930e+02
-2.619170605760302237e+02
-2.619173825595156018e+02
-2.619174826619695864e+02
-2.619175024286710141e+02
-2.619176150414382960e+02
-2.619176840335708789e+02
-2.619177012300003184e+02
-2.619178159869986189e+02
-2.619178418793944729e+02
-2.619179147396521898e+02
-2.619179546377110910e+02
-2.619180394696613234e+02
-2.619180527810356125e+02
-2.619180700786582747e+02
-2.619181153364021952e+02
-2.619181558736751754e+02
-2.619181963599281744e+02
-2.619182192897969799e+02
-2.619183113511210763e+02
-2.619183930334531283e+02
-2.619184209987545842e+02
-2.619185670673405184e+02
-2.619186665149803730e+02
-2.619187131246088143e+02
-2.619187232719725102e+02
-2.619187302160087825e+02
-2.619188127982380934e+02
-2.619188138500900891e+02
-2.619188421040648791e+02
-2.619188819121126244e+02
-2.619189259425597243e+02
-2.619189325229340852e+02
-2.619189420039677998e+02
-2.619189974808138004e+02
-2.619190306317033787e+02
-2.619190495948005832e+02
-2.619190938315620087e+02
-2.619192226137200805e+02
-2.619192531455701101e+02
-2.619192925350416772e+02
-2.619192962936439244e+02
-2.619193705489602735e+02
-2.619194024289636786e+02
-2.619194355800315748e+02
-2.619194757610840156e+02
-2.619195440077447756e+02
-2.619195928995716827e+02
-2.619196837160391169e+02
-2.619197122103649917e+02
-2.619197368691849874e+02
-2.619198098911521129e+02
-2.619199316105605249e+02
-2.619199471740371905e+02
-2.619199645689457157e+02
-2.619200563155932855e+02
-2.619200676894205913e+02
-2.619200816450389198e+02
-2.619200835464537249e+02
-2.619200967438446241e+02
-2.619201693691575770e+02
-2.619202053960361809e+02
-2.619202145069609173e+02
-2.619202409780189100e+02
-2.619202861645629241e+02
-2.619203156423836276e+02
-2.619203429633329279e+02
-2.619203804824539930e+02
-2.619204325100122901e+02
-2.619204357800500134e+02
-2.619204359446413832e+02
-2.619204556992809785e+02
-2.619204745899974114e+02
-2.619205270934332930e+02
-2.619206000109779211e+02
-2.619206003173529780e+02
-2.619206018134505030e+02
-2.619206150557860724e+02
-2.619206568796586794e+02
-2.619206872061794229e+02
-2.619207004668663217e+02
-2.619207175685941138e+02
-2.619207373412791071e+02
-2.619207739729321816e+02
-2.619208110052155121e+02
-2.619208627043507818e+02
-2.619208968963868074e+02
-2.619209666864202859e+02
-2.619210201048389877e+02
-2.619210352293465007e+02
-2.619210566357372727e+02
-2.619210871210335085e+02
-2.619211070070127789e+02
-2.619211086053916233e+02
-2.619211339093370725e+02
-2.619211978143259216e+02
-2.619213308043945858e+02
-2.619213985302960737e+02
-2.619214438444807911e+02
-2.619215054533648868e+02
-2.619215497562188943e+02
-2.619215532623783247e+02
-2.619215831842828948e+02
-2.619216022501934731e+02
-2.619216132010058118e+02
-2.619216366917552250e+02
-2.619216576583336860e+02
-2.619217037852774865e+02
-2.619217278391108721e+02
-2.619217682094937913e+02
-2.619217728051693825e+02
-2.619218015138304168e+02
-2.619218039517656962e+02
-2.619218267895390113e+02
-2.619218468482284834e+02
-2.619218516260140746e+02
-2.619218609785298781e+02
-2.619218795677541038e+02
-2.619219168839684926e+02
-2.619219328103114890e+02
-2.619220220516655786e+02
-2.619220320330683194e+02
-2.619220331410074891e+02
-2.619220371235491029e+02
-2.619220644357108085e+02
-2.619220753222015787e+02
-2.619220891216152722e+02
-2.619221021416256008e+02
-2.619221494949279077e+02
-2.619221610547293153e+02
-2.619222389898945949e+02
-2.619223769476645884e+02
-2.619223816767229209e+02
-2.619224030721052827e+02
-2.619224061514581763e+02
-2.619224749977822171e+02
-2.619224782715381821e+02
-2.619224981467436919e+02
-2.619224984546901851e+02
-2.619225177226127244e+02
-2.619225270016319200e+02
-2.619225814851633913e+02
-2.619225975034277099e+02
-2.619226404192556856e+02
-2.619226846679409846e+02
-2.619226943443006803e+02
-2.619227328064968106e+02
-2.619227396952322806e+02
-2.619227617381171740e+02
-2.619227668060754013e+02
-2.619228133003445009e+02
-2.619228141286552045e+02
-2.619228363503755759e+02
-2.619228471784397811e+02
-2.619229030192962000e+02
-2.619229446738423803e+02
-2.619229584940637210e+02
-2.619229868592174171e+02
-2.619230134455194161e+02
-2.619230154643873902e+02
-2.619230358895097197e+02
-2.619230452608035193e+02
-2.619230458434420825e+02
-2.619231286332715740e+02
-2.619231287820783223e+02
-2.619231329806850113e+02
-2.619231467650030254e+02
-2.619231904968227127e+02
-2.619231960977535891e+02
-2.619232009612214256e+02
-2.619232052822849255e+02
-2.619232061001312104e+02
-2.619232221324874104e+02
-2.619232264103475245e+02
-2.619232329245411961e+02
-2.619232842835054953e+02
-2.619233014314875732e+02
-2.619233109612912926e+02
-2.619233391791972281e+02
-2.619233392017143842e+02
-2.619234372530829091e+02
-2.619234391410063836e+02
-2.619234640812138082e+02
-2.619234650891302181e+02
-2.619234682296859091e+02
-2.619234747290997802e+02
-2.619235746152527895e+02
-2.619235754525004154e+02
-2.619235766543609998e+02
-2.619236015324407845e+02
-2.619236035402744847e+02
-2.619236046372532769e+02
-2.619236053560912865e+02
-2.619236194102468858e+02
-2.619236199242836278e+02
-2.619236501582648771e+02
-2.619236530198082846e+02
-2.619236737608085264e+02
-2.619236917409232888e+02
-2.619236981776722928e+02
-2.619237110710927823e+02
-2.619237232864264797e+02
-2.619237298643162148e+02
-2.619237640109823246e+02
-2.619237994183911269e+02
-2.619238002113983725e+02
-2.619238011934452857e+02
-2.619238287617994843e+02
-2.619238315975430851e+02
-2.619238871304721101e+02
-2.619238932330530929e+02
-2.619239384172337282e+02
-2.619239453517072889e+02
-2.619239604750193280e+02
-2.619239729984872724e+02
-2.619239750856996807e+02
-2.619240156507555071e+02
-2.619240232185272248e+02
-2.619240263000714890e+02
-2.619240799825029171e+02
-2.619240809422444727e+02
-2.619240816759248105e+02
-2.619240855139320274e+02
-2.619241320111220830e+02
-2.619241345891347805e+02
-2.619241368035354753e+02
-2.619242560501331809e+02
-2.619242633957135808e+02
-2.619242704985155115e+02
-2.619242731469914816e+02
-2.619242774123104027e+02
-2.619243336168286191e+02
-2.619243353516777120e+02
-2.619243491295616764e+02
-2.619243582223224962e+02
-2.619243588308601147e+02
-2.619243622487060748e+02
-2.619243630754978085e+02
-2.619243698815565153e+02
-2.619244041116871244e+02
-2.619244042311764247e+02
-2.619244177514643752e+02
-2.619244188846346901e+02
-2.619244664671458054e+02
-2.619244688561811927e+02
-2.619244703330701896e+02
-2.619244989663386036e+02
-2.619245107553031175e+02
-2.619245114088786863e+02
-2.619245118383087174e+02
-2.619245594647840107e+02
-2.619245640377286009e+02
-2.619245676004247798e+02
-2.619245987900167734e+02
-2.619245990803033806e+02
-2.619246420867235088e+02
-2.619246850170462722e+02
-2.619246858724670801e+02
-2.619246863191216903e+02
-2.619246919386537797e+02
-2.619246972807296174e+02
-2.619246981237541263e+02
-2.619247512162626208e+02
-2.619247622647293952e+02
-2.619247739223131930e+02
-2.619247753426520831e+02
-2.619247761355808279e+02
-2.619247826900763130e+02
-2.619248126240804027e+02
-2.619248132925803247e+02
-2.619248615363824229e+02
-2.619248743263049732e+02
-2.619248773007014961e+02
-2.619249091460736167e+02
-2.619249098012734862e+02
-2.619249135396061092e+02
-2.619249273557991273e+02
-2.619249290179162131e+02
-2.619249562357774721e+02
-2.619249740956792039e+02
-2.619249742467844158e+02
-2.619249828031242942e+02
-2.619249871402835765e+02
-2.619249904044467030e+02
-2.619250192618063124e+02
-2.619250217380096046e+02
-2.619250570210260207e+02
-2.619250600203794193e+02
-2.619250600407062848e+02
-2.619250807079407082e+02
-2.619250809016759831e+02
-2.619250917124974194e+02
-2.619250970863645875e+02
-2.619250972764174890e+02
-2.619251283129910917e+02
-2.619251290285181994e+02
-2.619251509120421133e+02
-2.619251544399210729e+02
-2.619251815917597241e+02
-2.619252401683165203e+02
-2.619252437345226099e+02
-2.619252454773570093e+02
-2.619252469760403983e+02
-2.619252541516764836e+02
-2.619252596044497068e+02
-2.619252596732586085e+02
-2.619252991170708924e+02
-2.619253225066170216e+02
-2.619253276192089857e+02
-2.619253276236153738e+02
-2.619253308256709829e+02
-2.619253343301925838e+02
-2.619253344342885725e+02
-2.619253365975013139e+02
-2.619253387734609078e+02
-2.619253439273862796e+02
-2.619253485358033799e+02
-2.619253710487380999e+02
-2.619253720441121231e+02
-2.619253972182576717e+02
-2.619253994595126755e+02
-2.619254279308403284e+02
-2.619254304603587116e+02
-2.619254538977024254e+02
-2.619255070924356801e+02
-2.619255250382250892e+02
-2.619255305355953851e+02
-2.619255382137578749e+02
-2.619255391621210833e+02
-2.619255391428548023e+02
-2.619255392362551902e+02
-2.619255473233225189e+02
-2.619255578455027944e+02
-2.619255581205072190e+02
-2.619255588978513742e+02
-2.619255650292647033e+02
-2.619255652786156929e+02
-2.619255653447125951e+02
-2.619255656882144763e+02
-2.619255676079662862e+02
-2.619255728454539849e+02
-2.619255777123328812e+02
-2.619255801071080896e+02
-2.619255851615815232e+02
-2.619256045713914887e+02
-2.619256132315384207e+02
-2.619256154064919997e+02
-2.619256699951608880e+02
-2.619256786040189127e+02
-2.619256849200386910e+02
-2.619256874177320924e+02
-2.619257041580240184e+02
-2.619257045514464153e+02
-2.619257056390400180e+02
-2.619257069142877867e+02
-2.619257075052336745e+02
-2.619257357679198890e+02
-2.619257871158707189e+02
-2.619257140570870774e+02
-2.619256542613550209e+02
-2.619256012816247789e+02
-2.619255423830808809e+02
-2.619254943848700918e+02
-2.619254573244476205e+02
-2.619253993233157871e+02
-2.619253484144186928e+02
-2.619253133771338184e+02
-2.619252624391610880e+02
-2.619252139008756899e+02
-2.619251816216017801e+02
-2.619251491192349022e+02
-2.619251123831288055e+02
-2.619251031266670111e+02
-2.619250728168847218e+02
-2.619250691989042252e+02
-2.619250522471023146e+02
-2.619250665513336003e+02
-2.619250858534941244e+02
-2.619250992648060787e+02
-2.619251089540135808e+02
-2.619251339695850902e+02
-2.619251416834579231e+02
-2.619251681377472210e+02
-2.619251736013217169e+02
-2.619252037940449895e+02
-2.619252243000365183e+02
-2.619252301969742120e+02
-2.619252411060941199e+02
-2.619252583586314813e+02
-2.619252723595154180e+02
-2.619252991923285094e+02
-2.619253130615463192e+02
-2.619253280467352738e+02
-2.619253373213077793e+02
-2.619253418597522227e+02
-2.619253463146698095e+02
-2.619253533543757726e+02
-2.619253913077275797e+02
-2.619254372812550855e+02
-2.619254422223223742e+02
-2.619254471354528278e+02
-2.619254578166244869e+02
-2.619254613293463763e+02
-2.619254679840419158e+02
-2.619254695973710909e+02
-2.619254776090303949e+02
-2.619254829383692140e+02
-2.619254868288671219e+02
-2.619255086068251899e+02
-2.619255138301513739e+02
-2.619255206597259757e+02
-2.619255598884215033e+02
-2.619255658990936126e+02
-2.619255738044535065e+02
-2.619255752610541208e+02
-2.619255800630402859e+02
-2.619256227950264133e+02
-2.619256316693241047e+02
-2.619256599027050925e+02
-2.619256655728806891e+02
-2.619256692174470231e+02
-2.619256717222011162e+02
-2.619256726640675765e+02
-2.619256754297074963e+02
-2.619256883764060717e+02
-2.619257043746853810e+02
-2.619257077321419160e+02
-2.619257102106095090e+02
-2.619257134720759836e+02
-2.619257257642598233e+02
-2.619257285776677122e+02
-2.619257311272277207e+02
-2.619257493314889871e+02
-2.619257535988515997e+02
-2.619257701552501203e+02
-2.619257727304283776e+02
-2.619257746589137241e+02
-2.619257888227753028e+02
-2.619257920178844188e+02
-2.619257940171120254e+02
-2.619258000186720210e+02
-2.619258074868769199e+02
-2.619258093187239069e+02
-2.619258118325461169e+02
-2.619258968442683795e+02
-2.619258998193179195e+02
-2.619259042957298789e+02
-2.619259142104228886e+02
-2.619259170244329198e+02
-2.619259206486158860e+02
-2.619259215549545274e+02
-2.619259241696465779e+02
-2.619259266329203228e+02
-2.619259401625544115e+02
-2.619259951149437029e+02
-2.619260015367302117e+02
-2.619260091166564735e+02
