1.000000000000000000e+00 3.600000000000000000e+01
2.000000000000000000e+00 5.700000000000000000e+01
3.000000000000000000e+00 7.700000000000000000e+01
4.000000000000000000e+00 1.110000000000000000e+02
5.000000000000000000e+00 1.620000000000000000e+02
1.000000000000000000e+01 3.120000000000000000e+02
1.500000000000000000e+01 7.240000000000000000e+02
2.000000000000000000e+01 1.176000000000000000e+03
2.500000000000000000e+01 1.510000000000000000e+03
3.000000000000000000e+01 1.918000000000000000e+03
4.000000000000000000e+01 2.522000000000000000e+03
