1.000000000000000000e+00 3.110000000000000000e+02
2.000000000000000000e+00 4.050000000000000000e+02
3.000000000000000000e+00 4.870000000000000000e+02
4.000000000000000000e+00 6.360000000000000000e+02
5.000000000000000000e+00 8.400000000000000000e+02
1.000000000000000000e+01 1.486000000000000000e+03
1.500000000000000000e+01 3.150000000000000000e+03
2.000000000000000000e+01 4.968000000000000000e+03
2.500000000000000000e+01 6.313000000000000000e+03
3.000000000000000000e+01 7.658000000000000000e+03
4.000000000000000000e+01 1.018000000000000000e+04
