op     18   21   46   49   21   18   46   49                       -0.03806592361802941388                                                    
op     17   21   45   49   21   17   45   49                       -0.02148203213328700803                                                    
a_ia   16   21                                                      0.01645787616304233286                                                    
mvp2   18   21   47   53   21   18   47   53                        0.01303929233138644700   -0.00641324046259790417                          
a_ia   16   20                                                     -0.00212325441662594401                                                    
a_ia   45   49                                                     -0.00228342314042540582                                                    
mvp2   14   22   47   53   22   14   47   53                        0.00689842922498183717    0.00141830213504517879                          
a_ia   47   53                                                     -0.00106279850494838692                                                    
om     17   21   45   53   21   17   45   53                       -0.00623881157111785736                                                    
a_ia   38   49                                                     -0.01326326158890955842                                                    
a_ia   38   49                                                      0.00000000000000000000                                                    
op      7   27   35   55   27    7   35   55                       -0.02216373920192422214                                                    
a_ia   38   49                                                     -0.00071438989434030706                                                    
op      9   27   37   55   27    9   37   55                       -0.00827720915689971089                                                    
a_ia    9   27                                                     -0.00116766965130101060                                                    
