9.999955685185371035e-01
9.999881065781199840e-01
9.999875138882536874e-01
9.957151241986892387e-01
9.955109291956987239e-01
9.949136819726166481e-01
9.954540065994099685e-01
9.943406412630817481e-01
9.961726665206993570e-01
9.931988347471947254e-01
9.941643536458844022e-01
9.868187021187726504e-01
9.924544361488703004e-01
9.919208413677731428e-01
9.793843339592871455e-01
9.747068766966329179e-01
3.261833447560327781e-02
2.061231652451189778e-02
5.923319468187896245e-03
4.800118598365024983e-03
8.894135289207055067e-03
2.471104906843007813e-03
4.757501827343448009e-03
2.734186567762503239e-03
4.024429609998138313e-03
2.833675761725305137e-03
1.139569084578178010e-03
5.511121414262458440e-03
2.959124985283658957e-03
5.687096752575820230e-03
5.540416041167360583e-03
4.766931198308936406e-03
