-4.224153366606507234e+02
-4.224425141136941875e+02
-4.224553158835412887e+02
-4.224777855890762908e+02
-4.224947047809217793e+02
-4.225065325500851259e+02
-4.225156047529389980e+02
-4.225226497265385888e+02
-4.225256002162944924e+02
-4.225309522272203253e+02
-4.225331407234858716e+02
-4.225364817063456258e+02
-4.225449176764939807e+02
-4.225501312474403903e+02
-4.225527956298678873e+02
-4.225553192468880184e+02
-4.225603126670137044e+02
-4.225634264701176903e+02
-4.225655815523164733e+02
-4.225705422489871239e+02
-4.225758807544921751e+02
-4.225780664545608261e+02
-4.225801887742952090e+02
-4.225848907076548926e+02
-4.225868185646335178e+02
-4.225876907289251108e+02
-4.225934275407186078e+02
-4.225935503672384925e+02
-4.225947384839071788e+02
-4.225966148854021753e+02
-4.225977942081071888e+02
-4.225978783523917173e+02
-4.225987184001746755e+02
