9.991556408590471783e-01
9.988956181520849409e-01
9.989214233998000569e-01
9.989531470622645681e-01
9.978839181933323310e-01
9.966219721540356957e-01
9.983715655718200521e-01
9.978884320493035531e-01
9.957330835922468815e-01
9.956353014112950817e-01
9.963294081171827354e-01
9.964985632777292324e-01
9.993659854038603463e-01
9.933175558561723184e-01
9.932432975700344890e-01
9.954368019925717848e-01
9.990146147807306420e-03
1.849831909794626833e-02
5.106870017511736318e-03
5.183723976121970035e-03
4.399319023103231627e-03
4.569906733699967416e-03
