9.999973417336831538e-01
9.999925005501281161e-01
9.999935261066424941e-01
9.975650351612550537e-01
9.968278189595101146e-01
9.953671125558902766e-01
9.958122753283498163e-01
9.948614093040497597e-01
9.968083874436995950e-01
9.937441397999620118e-01
9.946202120791691748e-01
9.880423084721781102e-01
9.954610838826587482e-01
9.946876263230675086e-01
9.825705246365897816e-01
9.772011670269864503e-01
2.878329897272843135e-02
1.819171869740578498e-02
5.265253931634321025e-03
3.970131751667858172e-03
6.356262016795895947e-03
1.885124848347059442e-03
3.537538704837354508e-03
2.330391268615392315e-03
3.406212234634022756e-03
2.605464221142759530e-03
9.358108964515029007e-04
4.713898308372784993e-03
2.420822644769836472e-03
3.962724296010300407e-03
4.677508247409924505e-03
3.405369594927674937e-03
