op     25   26   77   78   26   25   77   78                       -0.10716536183850340624                                                    
op     23   27   75   79   27   23   75   79                       -0.07817386948292029403                                                    
op     23   26   74   78   26   23   74   78                       -0.02393328699489201059                                                    
op     25   30   77   82   30   25   77   82                       -0.00662789173364897958                                                    
op     22   32   74   84   32   22   74   84                       -0.01782044875235491710                                                    
op     23   26   74   79   26   23   74   79                        0.01587120271747119796                                                    
a_ia   25   27                                                     -0.00912211085630175444                                                    
om     22   27   75   78   27   22   75   78                        0.01577197685680355871                                                    
om     22   26   77   79   26   22   77   79                       -0.01517590947823968528                                                    
om     23   27   74   79   27   23   74   79                       -0.01575997678775446081                                                    
a_ia   22   26                                                      0.00000000000000000000                                                    
a_ia   22   26                                                      0.00106040339505012403                                                    
mvp3   75   79   77   84   75   77   84   79   75   77   79   84    0.00890030399457601880   -0.09220607172838710119   -0.87401592071422384844
op     14   34   66   86   34   14   66   86                       -0.02485803146817105319                                                    
a_ia   14   34                                                     -0.00375447286733190033                                                    
mvp2   14   34   66   85   34   14   66   85                       -0.00575129097827153501    0.36539212140966514930                          
