op     25   26   77   78   26   25   77   78                       -0.12825510089759378785                                                    
op     23   27   75   79   27   23   75   79                       -0.11017130457513692188                                                    
op     23   26   74   78   26   23   74   78                       -0.02762099058286983030                                                    
op     25   30   77   82   30   25   77   82                       -0.00577512452590674737                                                    
op     22   32   74   84   32   22   74   84                       -0.01799746056510318631                                                    
op     23   26   74   79   26   23   74   79                       -0.02446546811255140633                                                    
a_ia   25   27                                                     -0.12015169170957720746                                                    
om     22   27   75   78   27   22   75   78                       -0.00377285506369400654                                                    
om     22   26   77   79   26   22   77   79                       -0.02113413503800093754                                                    
om     23   27   74   79   27   23   74   79                       -0.01681783071057131249                                                    
a_ia   22   26                                                     -0.00169720203778312155                                                    
a_ia   22   26                                                     -0.00063679864273305661                                                    
mvp3   75   79   77   84   75   77   84   79   75   77   79   84    0.01875615240497406633    0.05117268834584425691   -0.72564087571479085614
op     14   34   66   86   34   14   66   86                       -0.02485268560707050434                                                    
a_ia   14   34                                                     -0.00382743562241230498                                                    
mvp2   14   34   66   85   34   14   66   85                       -0.00580731202397197915    0.36627967126319471713                          
mvp2   23   26   75   84   26   23   75   84                       -0.01581107776313631433   -0.02857255778223940362                          
mvp2   22   26   77   84   26   22   77   84                        0.00509876634528560590    1.20537238549535308252                          
mvp2   23   26   77   79   26   23   77   79                       -0.10749799497136294790    0.55842537908619205300                          
a_ia   74   77                                                      0.69485081276939364425                                                    
mvp2   23   27   63   79   27   23   63   79                       -0.02403650602484565593   -0.56614581579443734594                          
a_ia   63   78                                                      0.14440705436512640825                                                    
mvp2   23   27   66   85   27   23   66   85                        0.01359556203744445232   -0.09690289251149070138                          
a_ia   66   85                                                     -0.00003420226584784495                                                    
a_ia   22   26                                                     -0.01468954728190692560                                                    
a_ia   26   32                                                      0.03431174657367216246                                                    
mvp2   23   27   77   79   27   23   77   79                       -0.03314255714841125855    0.00969207200222871670                          
a_ia   75   84                                                     -0.00011259291334460459                                                    
mvp2   25   27   63   79   27   25   63   79                        0.00071917951752125135    0.69909585209476154954                          
a_ia   25   27                                                      0.11216646087187823189                                                    
mvp2   23   27   75   93   27   23   75   93                        0.00683060690671920354   -0.04002971873701781369                          
a_ia   22   23                                                     -0.25666589844278264732                                                    
a_ia   23   25                                                      0.02593994315769081183                                                    
a_ia   63   79                                                      0.12665267285961673283                                                    
mvp2   25   26   63   79   26   25   63   79                       -0.03322795364238563531   -0.00027007537573346457                          
a_ia   22   23                                                     -0.18066196594461794711                                                    
a_ia   63   79                                                     -0.04745469762530156455                                                    
mvp3   75   78   77   79   75   77   79   78   75   77   78   79   -0.10556562322512959284   -0.65590764087642905444    0.29153105620131353204
a_ia   63   78                                                     -0.10944684988543763871                                                    
a_ia   22   25                                                      0.04817049140234267585                                                    
a_ia   22   27                                                     -0.00261027630060032493                                                    
mvp3   22   26   25   27   22   25   27   26   22   25   26   27   -0.00420165697238447829    1.02049662813948827100   -0.00677896085846422386
a_ia   63   78                                                     -0.03277249666212534579                                                    
a_ia   23   32                                                      0.00416610956501204440                                                    
mvp2   25   26   75   79   26   25   75   79                       -0.05285668463042245829    0.48420182693820096320                          
mvp2   25   26   75   84   26   25   75   84                        0.01608991080973634288    0.02210382561109697219                          
mvp3   74   78   75   79   74   75   79   78   74   75   78   79   -0.07033434187752403421   -0.00092361906596715219   -0.33263375100139641605
a_ia   79   93                                                     -0.21486017364750631398                                                    
a_ia   23   27                                                     -0.01067889694156916661                                                    
a_ia   66   85                                                     -0.00063736357544683586                                                    
mvp2   25   26   75   93   26   25   75   93                        0.00569897715000791585   -0.01548674246266349905                          
a_ia   22   25                                                      0.54229001312847158189                                                    
a_ia   22   26                                                      0.03125902643074889020                                                    
a_ia   63   74                                                     -0.01560198789890618158                                                    
a_ia   26   38                                                     -0.15382359876719955971                                                    
a_ia   26   37                                                     -0.03942269037646030372                                                    
a_ia   23   27                                                     -0.00018062610015112896                                                    
mvp2   25   27   66   87   27   25   66   87                       -0.00729441098296129166    0.15878833809742104455                          
mvp2   11   27   75   79   27   11   75   79                       -0.01849760693788972399    0.45763019615306099741                          
mvp2   25   32   74   78   32   25   74   78                        0.01492077040470228544    0.21157257950321223250                          
a_ia   78   93                                                      0.00928621876187491618                                                    
mvp2   23   32   74   78   32   23   74   78                       -0.01650610440853403360    0.00916678063964982207                          
a_ia   22   23                                                      0.04373133473106723818                                                    
a_ia   66   87                                                     -0.00056509215840509905                                                    
a_ia   23   32                                                     -0.00065901751200366464                                                    
mvp2   11   27   75   93   27   11   75   93                        0.00810312872618687563    0.01620992598886137476                          
a_ia   75   79                                                      0.00299808938463775763                                                    
