-2.618775608818527871e+02
-2.618957355161250007e+02
-2.619017674671213740e+02
-2.619060162634913809e+02
-2.619082420275706227e+02
-2.619092598411771746e+02
-2.619102925547799146e+02
-2.619109942456831277e+02
-2.619117123724706175e+02
-2.619121082815158275e+02
-2.619125459649907839e+02
-2.619129998161139952e+02
-2.619135308712557730e+02
-2.619140407484878210e+02
-2.619145196435800926e+02
-2.619150433017769046e+02
-2.619153225426434233e+02
-2.619156858334517892e+02
-2.619158610984767961e+02
-2.619160753702029183e+02
-2.619162527421594859e+02
-2.619163941025038866e+02
-2.619166183489065247e+02
-2.619170057351872174e+02
-2.619173546993868058e+02
-2.619175910093915149e+02
-2.619177365997310858e+02
-2.619178731011705281e+02
-2.619180859017625949e+02
-2.619183365363222720e+02
-2.619184431957223751e+02
-2.619185620566926787e+02
-2.619186662536212111e+02
-2.619188759113632727e+02
-2.619190596831019207e+02
-2.619191055305038276e+02
-2.619192791655552810e+02
-2.619193651170293151e+02
-2.619194391234784121e+02
-2.619196800283805260e+02
-2.619197909323103204e+02
-2.619198843304425850e+02
-2.619199695704253941e+02
-2.619200798398892971e+02
-2.619201602853714803e+02
-2.619202461636818953e+02
-2.619203892147689885e+02
-2.619205007578343043e+02
-2.619206013529935717e+02
-2.619206677988307774e+02
-2.619207642353225083e+02
-2.619208267809622726e+02
-2.619208692982310254e+02
-2.619210091812158225e+02
-2.619210477845351761e+02
-2.619211213887534200e+02
-2.619211897249576282e+02
-2.619212181975136104e+02
-2.619212911400201165e+02
-2.619213498462871144e+02
-2.619214170095979171e+02
-2.619215161028083116e+02
-2.619215727177967779e+02
-2.619216326667026919e+02
-2.619216972083544874e+02
-2.619218417659242277e+02
-2.619218541342021922e+02
-2.619218768960270154e+02
-2.619219216831177732e+02
-2.619219283022083005e+02
-2.619219505078032739e+02
-2.619219867352666142e+02
-2.619220887012975254e+02
-2.619221064672909165e+02
-2.619221334467221141e+02
-2.619221490397135881e+02
-2.619222159680617779e+02
-2.619222276961050966e+02
-2.619222579095103924e+02
-2.619222854429216909e+02
-2.619223017661807944e+02
-2.619223447945200860e+02
-2.619224110625835920e+02
-2.619224504141466241e+02
-2.619224700555383265e+02
-2.619225271891605757e+02
-2.619225521082344130e+02
-2.619226032665931143e+02
-2.619226269566798919e+02
-2.619227097658304046e+02
-2.619227233664987011e+02
-2.619227670323525103e+02
-2.619227973358408121e+02
-2.619228344898129990e+02
-2.619228843206652755e+02
-2.619229354025354723e+02
-2.619229527466268905e+02
-2.619229766420302212e+02
-2.619229833505253282e+02
-2.619230027184444225e+02
-2.619230208448739177e+02
-2.619230220984230755e+02
-2.619230351554738263e+02
-2.619230791409498238e+02
-2.619230880932020114e+02
-2.619230944953422977e+02
-2.619230969876549011e+02
-2.619231177025844772e+02
-2.619231376674679836e+02
-2.619231478865125951e+02
-2.619231762681733926e+02
-2.619231877344814734e+02
-2.619232124805515127e+02
-2.619232259959590010e+02
-2.619232499448086742e+02
-2.619232536033026122e+02
-2.619232687456548092e+02
-2.619232827030485282e+02
-2.619232849284114195e+02
-2.619232967092634112e+02
-2.619232970619223124e+02
-2.619233128357740839e+02
-2.619233141383908219e+02
-2.619233176854285716e+02
-2.619233265713169772e+02
-2.619233276766702829e+02
-2.619233284911907731e+02
-2.619233379816361094e+02
-2.619233395127395738e+02
-2.619233395239697870e+02
-2.619233447763085110e+02
-2.619233524252587131e+02
-2.619233684808480120e+02
-2.619233688887263725e+02
-2.619233728167665163e+02
-2.619233729891545863e+02
-2.619234006540652899e+02
-2.619234021226498044e+02
-2.619234207329985793e+02
-2.619234684360757228e+02
-2.619234806490737242e+02
-2.619234822754112884e+02
-2.619234903597131279e+02
-2.619235039514441041e+02
-2.619235039515697281e+02
-2.619235152363262955e+02
-2.619235152382515253e+02
