op     19   25   67   73   25   19   67   73                       -0.14713980824154743177                                                    
op     23   24   71   72   24   23   71   72                       -0.06662218978958940607                                                    
op     19   25   70   73   25   19   70   73                        0.00778430676885756567                                                    
op     23   24   68   72   24   23   68   72                       -0.02864461542960432608                                                    
mvp2   19   25   68   72   25   19   68   72                        0.04659111033696436421   -0.22774827850160303533                          
mvp2   19   25   66   72   25   19   66   72                       -0.05368712078145217864    0.30870621139641252206                          
op     23   28   71   76   28   23   71   76                       -0.02129575654196124226                                                    
a_ia   71   76                                                      0.00714763889617955200                                                    
a_ia   65   67                                                     -0.35616434222232290496                                                    
op     15   26   66   74   26   15   66   74                        0.07426881432509721548                                                    
op     15   24   68   74   24   15   68   74                        0.03621155432591495471                                                    
mvp2   20   26   66   72   26   20   66   72                       -0.02370138504718138223   -0.65722619992092279340                          
mvp2   15   24   68   76   24   15   68   76                       -0.00847175226589226386   -0.03805612952908313945                          
mvp2   19   25   23   26   19   23   26   25                       -0.02154317281230184664    0.22395945153810187245                          
mvp2   21   26   66   72   26   21   66   72                        0.01875849625301707208    0.52943152301189311260                          
mvp2   20   24   68   72   24   20   68   72                       -0.06422469688829844647   -1.02786711470549341207                          
op     19   27   67   75   27   19   67   75                       -0.01514479381991829660                                                    
mvp2   18   26   68   74   26   18   68   74                       -0.01278921476730837496    0.91491500195408348439                          
mvp2   20   24   68   74   24   20   68   74                        0.00186890497678589436   -1.18447131729967747304                          
mvp2   19   25   66   74   25   19   66   74                        0.06538296724161267448   -0.57082936881134216378                          
mvp2   18   24   68   74   24   18   68   74                        0.01029065687813214731   -0.78948458689399503285                          
a_ia   63   66                                                      0.75074159561313780209                                                    
mvp2   23   24   63   72   24   23   63   72                        0.03006807746170793091   -0.05899883957405181734                          
mvp2   15   24   66   72   24   15   66   72                        0.01071570864497625210    0.36809118359950299126                          
mvp2   19   31   67   73   31   19   67   73                        0.01263927100080281148    0.12226806737856014962                          
mvp2   15   26   63   74   26   15   63   74                        0.00710214835126232822   -1.49747372239030296370                          
a_ia   15   18                                                     -1.10959849808581090258                                                    
mvp2   18   26   66   72   26   18   66   72                        0.02245014388732769969   -0.01152128103293449841                          
a_ia   24   26                                                      0.25789066290883366772                                                    
mvp2   15   24   66   74   24   15   66   74                       -0.01504073756735107778   -0.38931693386551652347                          
mvp3   17   25   18   26   17   18   26   25   17   18   25   26    0.01279382962164411081    0.58469392911340722918    0.00251136885298219046
a_ia   17   25                                                     -0.00402929146305684369                                                    
a_ia   72   74                                                      0.11620023916670096931                                                    
mvp2   18   24   66   76   24   18   66   76                       -0.00816010548731710590    0.15577919722986827145                          
mvp2   21   24   69   72   24   21   69   72                       -0.01340369874666204331    0.03428071721617342860                          
mvp2   21   24   68   72   24   21   68   72                        0.04639441941521905977    0.40428504269574272456                          
a_ia   68   72                                                      0.00734342027636659955                                                    
a_ia   73   77                                                     -0.12818328590067376571                                                    
a_ia   19   22                                                     -0.05616905565213993479                                                    
a_ia   74   88                                                     -0.33551477205740298793                                                    
a_ia   68   69                                                     -0.56809698958711907224                                                    
a_ia   25   42                                                     -0.18799481888417565734                                                    
a_ia   25   43                                                     -0.08529655681260384092                                                    
a_ia   25   44                                                     -0.07049190885530824680                                                    
