op     19   25   67   73   25   19   67   73                       -0.15231812875135167240                                                    
op     23   24   71   72   24   23   71   72                       -0.06719964023011536225                                                    
op     19   25   70   73   25   19   70   73                        0.00733893775232301142                                                    
op     23   24   68   72   24   23   68   72                       -0.05515675936108715288                                                    
mvp2   19   25   68   72   25   19   68   72                        0.01828665905221529830   -0.07061491288895074825                          
mvp2   19   25   66   72   25   19   66   72                       -0.05973275178193656471    0.30040135604010781423                          
op     23   28   71   76   28   23   71   76                       -0.02676943941072293387                                                    
a_ia   71   76                                                      0.00843005668612678387                                                    
a_ia   65   67                                                     -0.35284400841501878388                                                    
op     15   26   66   74   26   15   66   74                        0.10597354068237557767                                                    
op     15   24   68   74   24   15   68   74                        0.00572337343493589841                                                    
mvp2   20   26   66   72   26   20   66   72                       -0.01512417988029276551   -0.87197441515002438450                          
mvp2   15   24   68   76   24   15   68   76                       -0.00106782502613882559   -0.00145022027640932609                          
mvp2   19   25   23   26   19   23   26   25                        0.00166494767083832213    0.01675730154385805457                          
mvp2   21   26   66   72   26   21   66   72                        0.01169246272856845799    0.92215623017120718075                          
mvp2   20   24   68   72   24   20   68   72                       -0.04816673855741204768   -1.70854265527059889784                          
op     19   27   67   75   27   19   67   75                       -0.01497140041666574460                                                    
mvp2   18   26   68   74   26   18   68   74                       -0.00357374584932583983    1.13135972027241060722                          
mvp2   20   24   68   74   24   20   68   74                        0.01268342270577819952   -0.79298465216544045120                          
mvp2   19   25   66   74   25   19   66   74                        0.07978100020663610181   -0.63442710284322412218                          
mvp2   18   24   68   74   24   18   68   74                        0.00079278213052615782   -1.03556197192918486572                          
a_ia   63   66                                                      0.78707760653710689969                                                    
mvp2   23   24   63   72   24   23   63   72                        0.01077658037413198149    0.73065397886724725574                          
mvp2   15   24   66   72   24   15   66   72                        0.00318820053102050879    0.40081870656063078862                          
mvp2   19   31   67   73   31   19   67   73                        0.01174177635630074476    0.11495802752517017553                          
mvp2   15   26   63   74   26   15   63   74                       -0.00485301817017673616   -1.47952381848189729041                          
a_ia   15   18                                                     -1.02116608412707532416                                                    
mvp2   18   26   66   72   26   18   66   72                        0.00436532950621042280    0.10117843716061446224                          
a_ia   24   26                                                      0.52172554773678347928                                                    
mvp2   15   24   66   74   24   15   66   74                       -0.01723820376247526057   -0.19200000146666668099                          
mvp3   17   25   18   26   17   18   26   25   17   18   25   26    0.01201645189642120033    0.55368928373310111191   -0.01201941866564154408
a_ia   17   25                                                     -0.00367396350702518587                                                    
a_ia   72   74                                                      0.46786952169386014644                                                    
mvp2   18   24   66   76   24   18   66   76                       -0.01477003178268683492    0.16816643800320524305                          
mvp2   21   24   69   72   24   21   69   72                       -0.01361175564145964204    0.01552120756235174023                          
mvp2   21   24   68   72   24   21   68   72                        0.03229594429519726945   -0.03005125526291720084                          
a_ia   68   72                                                      0.00721168674012467262                                                    
a_ia   73   77                                                     -0.11624079597444035572                                                    
a_ia   19   22                                                     -0.04658853926352773261                                                    
a_ia   74   88                                                     -0.32397586494385077760                                                    
a_ia   68   69                                                     -0.51945093057219327015                                                    
a_ia   25   42                                                     -0.18316851830816061053                                                    
a_ia   25   43                                                     -0.08430944809870298540                                                    
a_ia   25   44                                                     -0.05718364055185578415                                                    
a_ia   73   79                                                     -0.11254751306488379459                                                    
a_ia   73   81                                                      0.13920985746167907626                                                    
a_ia   26   34                                                      0.10457448976199427981                                                    
a_ia   24   28                                                      0.33818928938416809027                                                    
a_ia   11   19                                                     -0.12208254373580998409                                                    
a_ia   68   72                                                     -0.00525421408233081328                                                    
a_ia   72   82                                                     -0.12227317308685453634                                                    
a_ia   24   38                                                     -0.16949153227569588309                                                    
a_ia   19   30                                                     -0.00514531356003238623                                                    
mvp2   15   28   63   76   28   15   63   76                       -0.00925624897600938606   -0.07393788339123247288                          
a_ia   23   28                                                      0.00194559558827921359                                                    
a_ia   66   68                                                      0.00613329490951572236                                                    
a_ia   23   28                                                     -0.00106644396124647481                                                    
mvp2   23   28   63   76   28   23   63   76                        0.00811488471004825039   -2.85077948841532791135                          
a_ia   66   69                                                      0.29305631817071170486                                                    
a_ia   24   40                                                      0.13438882955529693475                                                    
a_ia   24   40                                                      0.07217474687479957796                                                    
a_ia   25   45                                                      0.02475069058389259974                                                    
a_ia   19   39                                                      0.00923416993350148312                                                    
a_ia   19   37                                                     -0.00737702915270903661                                                    
a_ia   11   31                                                      0.01387616238525054939                                                    
a_ia   23   28                                                      0.00140371268554571773                                                    
a_ia   23   28                                                      0.00855330008112977283                                                    
a_ia   11   31                                                     -0.01266270696787719779                                                    
a_ia   15   23                                                      0.56087515270973065107                                                    
a_ia   11   31                                                      0.00005615297165985610                                                    
a_ia   19   37                                                      0.00765938067777837111                                                    
a_ia   63   68                                                      0.65277679390579845808                                                    
a_ia   11   31                                                      0.00040671285127404295                                                    
a_ia   11   31                                                      0.00031432294563079780                                                    
a_ia   19   37                                                      0.00065820549171664259                                                    
a_ia   11   31                                                      0.00035363957914266259                                                    
