op     19   25   67   73   25   19   67   73                       -0.14688569840177098658                                                    
op     23   24   71   72   24   23   71   72                       -0.06815577522533002031                                                    
op     19   25   70   73   25   19   70   73                        0.00786621551574473617                                                    
op     23   24   68   72   24   23   68   72                       -0.01419323736858110058                                                    
mvp2   19   25   68   72   25   19   68   72                        0.03538650189883919828   -0.19368863620240953094                          
mvp2   19   25   66   72   25   19   66   72                       -0.05253862840450754246    0.34186885523657872810                          
op     23   28   71   76   28   23   71   76                       -0.02127450864996302538                                                    
a_ia   71   76                                                      0.00747049813414977278                                                    
a_ia   65   67                                                     -0.35407356460100286588                                                    
op     15   26   66   74   26   15   66   74                        0.07550937259505782762                                                    
op     15   24   68   74   24   15   68   74                        0.02620810082785378706                                                    
mvp2   20   26   66   72   26   20   66   72                       -0.01703540907359523890   -0.65788977333420339821                          
mvp2   15   24   68   76   24   15   68   76                       -0.00425022879134712497   -0.01380069353573401027                          
mvp2   19   25   23   26   19   23   26   25                       -0.02226482734678869937    0.20448478328974081797                          
mvp2   21   26   66   72   26   21   66   72                        0.01352180388807133586    0.53462857669749874745                          
mvp2   20   24   68   72   24   20   68   72                       -0.05555673250848943562   -1.13850039553970372452                          
op     19   27   67   75   27   19   67   75                       -0.01455666431794072624                                                    
mvp2   18   26   68   74   26   18   68   74                       -0.01133769672812056858    0.80643738260554564956                          
mvp2   20   24   68   74   24   20   68   74                        0.00405809291250391457   -1.16661353001842948984                          
mvp2   19   25   66   74   25   19   66   74                        0.06148738431124234349   -0.56352608582389207559                          
mvp2   18   24   68   74   24   18   68   74                        0.00515847240166943197   -0.87221449359726566097                          
a_ia   63   66                                                      0.69925325215420264247                                                    
mvp2   23   24   63   72   24   23   63   72                        0.03035750449854880684    0.21536532379464345954                          
mvp2   15   24   66   72   24   15   66   72                        0.00462972009870819649    0.08369368182279303403                          
mvp2   19   31   67   73   31   19   67   73                        0.01109761557408672945    0.10978017477230241072                          
mvp2   15   26   63   74   26   15   63   74                        0.00024723685751445838   -1.47052654198793342211                          
a_ia   15   18                                                     -1.10915051037518108679                                                    
mvp2   18   26   66   72   26   18   66   72                        0.01099193397628906235    0.28576012346875456771                          
a_ia   24   26                                                      0.35874036399305603284                                                    
mvp2   15   24   66   74   24   15   66   74                       -0.01388669026597657424   -0.46207857294116372326                          
mvp3   17   25   18   26   17   18   26   25   17   18   25   26    0.01265668661337728852    0.56793396183230060448    0.00196570788731210630
a_ia   17   25                                                     -0.00510153375667380185                                                    
a_ia   72   74                                                      0.30127721639855686853                                                    
mvp2   18   24   66   76   24   18   66   76                       -0.00900334857776588504    0.14954680702069858556                          
mvp2   21   24   69   72   24   21   69   72                       -0.03131728414379727349    0.03518931835583873069                          
mvp2   21   24   68   72   24   21   68   72                        0.03325266463354670937    0.16267919179348025449                          
a_ia   68   72                                                      0.00685466858959761765                                                    
a_ia   73   77                                                     -0.09148552563591048903                                                    
