op     19   25   67   73   25   19   67   73                       -0.15089849094910515181                                                    
op     23   24   71   72   24   23   71   72                       -0.06645339993597487727                                                    
op     19   25   70   73   25   19   70   73                        0.00819242464107200127                                                    
op     23   24   68   72   24   23   68   72                       -0.02890992977637011838                                                    
mvp2   19   25   68   72   25   19   68   72                        0.04650733740602327332   -0.22590219026038257932                          
mvp2   19   25   66   72   25   19   66   72                       -0.05292056323317687744    0.31026272050102615685                          
op     23   28   71   76   28   23   71   76                       -0.02130952495374092634                                                    
a_ia   71   76                                                      0.00714551111898025556                                                    
a_ia   65   67                                                     -0.35554263297756799611                                                    
op     15   26   66   74   26   15   66   74                        0.07329379514083918246                                                    
op     15   24   68   74   24   15   68   74                        0.03575669966974945324                                                    
mvp2   20   26   66   72   26   20   66   72                       -0.02388994738366945550   -0.65182136986737215789                          
mvp2   15   24   68   76   24   15   68   76                       -0.00863293203504946101   -0.04262091773037809950                          
mvp2   19   25   23   26   19   23   26   25                       -0.02136928392114214453    0.21808993794618725115                          
mvp2   21   26   66   72   26   21   66   72                        0.01894433722449813742    0.52037457312401946830                          
mvp2   20   24   68   72   24   20   68   72                       -0.06439416460570637768   -1.02294338152174124623                          
op     19   27   67   75   27   19   67   75                       -0.01516660340853926217                                                    
mvp2   18   26   68   74   26   18   68   74                       -0.01269294908891912058    0.88576411949020605885                          
mvp2   20   24   68   74   24   20   68   74                        0.00178906229207805869   -1.18051268562885369739                          
mvp2   19   25   66   74   25   19   66   74                        0.06457439994985640641   -0.57838975063812858579                          
mvp2   18   24   68   74   24   18   68   74                        0.01065824216982871019   -0.78380384207272379982                          
a_ia   63   66                                                      0.76176158544584049448                                                    
mvp2   23   24   63   72   24   23   63   72                        0.03003164965297807493   -0.07162969967345497735                          
mvp2   15   24   66   72   24   15   66   72                        0.01094180581193769826    0.36389910294624999709                          
mvp2   19   31   67   73   31   19   67   73                        0.01233465022830677188    0.11638637761892930977                          
mvp2   15   26   63   74   26   15   63   74                        0.00640526220809123532   -1.48388705057150938060                          
a_ia   15   18                                                     -1.10993006029573937354                                                    
mvp2   18   26   66   72   26   18   66   72                        0.02267049536928699219   -0.01545051889595235733                          
a_ia   24   26                                                      0.24990285910825102422                                                    
mvp2   15   24   66   74   24   15   66   74                       -0.01516570100885789203   -0.39254856717111752396                          
mvp3   17   25   18   26   17   18   26   25   17   18   25   26    0.01278047269495780416    0.59352105220221140769    0.00323535433671378117
a_ia   17   25                                                     -0.00379353608676034687                                                    
a_ia   72   74                                                      0.10596943122484341060                                                    
mvp2   18   24   66   76   24   18   66   76                       -0.00834587284311959395    0.15355799089924979106                          
mvp2   21   24   69   72   24   21   69   72                       -0.01332249930144315843   -0.01892658918624985642                          
mvp2   21   24   68   72   24   21   68   72                        0.04647946365713471334    0.42108818414146281794                          
a_ia   68   72                                                      0.00740349632835869166                                                    
a_ia   73   77                                                     -0.12068235448034032864                                                    
a_ia   19   22                                                     -0.05664588143452044949                                                    
a_ia   74   88                                                     -0.33491795721163553079                                                    
a_ia   68   69                                                     -0.56905253858115600885                                                    
a_ia   25   42                                                     -0.18539640005482618812                                                    
a_ia   25   43                                                     -0.08807250588458677421                                                    
a_ia   25   44                                                     -0.06289450556496545275                                                    
a_ia   73   79                                                     -0.11696464291859827445                                                    
a_ia   73   81                                                      0.14377214000950891415                                                    
