op     19   25   67   73   25   19   67   73                       -0.14683825101041744765                                                    
op     23   24   71   72   24   23   71   72                       -0.06677980445894880768                                                    
op     19   25   70   73   25   19   70   73                        0.00776724029443826361                                                    
op     23   24   68   72   24   23   68   72                       -0.01430181712380441603                                                    
mvp2   19   25   68   72   25   19   68   72                        0.03750694274128242578   -0.19908591298097400024                          
mvp2   19   25   66   72   25   19   66   72                       -0.05261741942696021579    0.32082419624437802375                          
op     23   28   71   76   28   23   71   76                       -0.02123452842374591587                                                    
a_ia   71   76                                                      0.00740188707403262054                                                    
a_ia   65   67                                                     -0.35714998649541812581                                                    
op     15   26   66   74   26   15   66   74                        0.07795024462028976586                                                    
op     15   24   68   74   24   15   68   74                        0.02906096967056718411                                                    
mvp2   20   26   66   72   26   20   66   72                       -0.01867207264221967464   -0.72477428707078184189                          
mvp2   15   24   68   76   24   15   68   76                       -0.00408445639161098689   -0.03207579762413063917                          
mvp2   19   25   23   26   19   23   26   25                       -0.02289800491804922650    0.21528251792905897521                          
mvp2   21   26   66   72   26   21   66   72                        0.01436769866270461680    0.62936958459697456281                          
mvp2   20   24   68   72   24   20   68   72                       -0.05503039046562956116   -1.08961090931443527197                          
op     19   27   67   75   27   19   67   75                       -0.01517480906375478882                                                    
mvp2   18   26   68   74   26   18   68   74                       -0.01197076186118161203    1.11123024385698188077                          
mvp2   20   24   68   74   24   20   68   74                        0.00198724144272326110   -1.17549985256776046150                          
mvp2   19   25   66   74   25   19   66   74                        0.06453126940034324688   -0.58814617840042870966                          
mvp2   18   24   68   74   24   18   68   74                        0.00649966759559458818   -0.83983232914971495120                          
a_ia   63   66                                                      0.73401962655397445801                                                    
mvp2   23   24   63   72   24   23   63   72                        0.03011978385316963977    0.09812139651706133781                          
mvp2   15   24   66   72   24   15   66   72                        0.00788635549602288190    0.34558075739721683117                          
mvp2   19   31   67   73   31   19   67   73                        0.01137024120265819546    0.11329319529976880632                          
mvp2   15   26   63   74   26   15   63   74                        0.00357858436275911105   -1.48445141061933449933                          
a_ia   15   18                                                     -1.12125861675049409705                                                    
mvp2   18   26   66   72   26   18   66   72                        0.01714199216574105455    0.08248888076690355509                          
a_ia   24   26                                                      0.34142888101074009288                                                    
mvp2   15   24   66   74   24   15   66   74                       -0.01460162775850234150   -0.35981723617240329860                          
mvp3   17   25   18   26   17   18   26   25   17   18   25   26    0.01226641919381456398    0.56326155301089431138    0.00224872295601861311
a_ia   17   25                                                     -0.00503760580554730910                                                    
a_ia   72   74                                                      0.22132556674879280689                                                    
mvp2   18   24   66   76   24   18   66   76                       -0.00860611844358358767    0.14880568090300447248                          
mvp2   21   24   69   72   24   21   69   72                       -0.03109966385161863286    0.45453628316739003168                          
mvp2   21   24   68   72   24   21   68   72                        0.03328615336592734980    0.37317984521913494245                          
a_ia   68   72                                                      0.00534002737427495110                                                    
a_ia   73   77                                                     -0.12561320842966663958                                                    
a_ia   19   22                                                     -0.05694201744517595615                                                    
a_ia   74   88                                                     -0.31920104727884079931                                                    
