op     19   25   67   73   25   19   67   73                       -0.15097346922991114471                                                    
op     23   24   71   72   24   23   71   72                       -0.06317125183566936475                                                    
op     19   25   70   73   25   19   70   73                        0.00794104370949991721                                                    
op     23   24   68   72   24   23   68   72                       -0.02323822601277970856                                                    
mvp2   19   25   68   72   25   19   68   72                        0.03245674217575159060   -0.16512927423855644493                          
mvp2   19   25   66   72   25   19   66   72                       -0.05909951051111507481    0.33850635614337293289                          
op     23   28   71   76   28   23   71   76                       -0.02192585983916350845                                                    
a_ia   71   76                                                      0.00687833684850947414                                                    
a_ia   65   67                                                     -0.35434099898982612808                                                    
op     15   26   66   74   26   15   66   74                        0.08596983614022138398                                                    
op     15   24   68   74   24   15   68   74                        0.02260168119131689482                                                    
mvp2   20   26   66   72   26   20   66   72                       -0.01739041728779408547   -0.69857272600718556266                          
mvp2   15   24   68   76   24   15   68   76                       -0.00369621698262304239    0.00343481896857919652                          
mvp2   19   25   23   26   19   23   26   25                       -0.02510398735076350973    0.20452857915332828265                          
mvp2   21   26   66   72   26   21   66   72                        0.01488933675364805323    0.57357509982591825537                          
mvp2   20   24   68   72   24   20   68   72                       -0.05444230718774883959   -1.19897803556736359809                          
op     19   27   67   75   27   19   67   75                       -0.01524555262656178585                                                    
mvp2   18   26   68   74   26   18   68   74                       -0.00869286341471182770    1.02729301272547113300                          
mvp2   20   24   68   74   24   20   68   74                        0.00640128316601930140   -1.14031161727836805042                          
mvp2   19   25   66   74   25   19   66   74                        0.07306351301514890650   -0.58921955725477503929                          
mvp2   18   24   68   74   24   18   68   74                        0.00450409385200492562   -0.76038305679371331891                          
a_ia   63   66                                                      0.64880777074530471271                                                    
mvp2   23   24   63   72   24   23   63   72                        0.02656460313064239187    0.01476576528084514589                          
mvp2   15   24   66   72   24   15   66   72                        0.00384157256510018032    0.29104476475289808857                          
mvp2   19   31   67   73   31   19   67   73                        0.01196916338605842102    0.11528730626358084377                          
mvp2   15   26   63   74   26   15   63   74                       -0.00046930835142987862   -1.49967580923058418918                          
a_ia   15   18                                                     -1.10523727740294619437                                                    
mvp2   18   26   66   72   26   18   66   72                        0.01849679966049207896    0.19007975006472158097                          
a_ia   24   26                                                      0.39097092634138724820                                                    
mvp2   15   24   66   74   24   15   66   74                       -0.01772172279578606083   -0.28655287564361869856                          
mvp3   17   25   18   26   17   18   26   25   17   18   25   26    0.01263971275366828663    0.56799347376042397251    0.00010805072398135402
a_ia   17   25                                                     -0.00413991641657995325                                                    
a_ia   72   74                                                      0.26541653678079951684                                                    
mvp2   18   24   66   76   24   18   66   76                       -0.01187894977462166345    0.24346750543586434534                          
mvp2   21   24   69   72   24   21   69   72                       -0.01099872852829864717    0.15372606295255367148                          
mvp2   21   24   68   72   24   21   68   72                        0.04136108959135143676    0.39691476944169024055                          
a_ia   68   72                                                      0.01178958305073109225                                                    
a_ia   73   77                                                     -0.11932320508486883581                                                    
a_ia   19   22                                                     -0.05232937031427722929                                                    
a_ia   74   88                                                     -0.32777845619636003516                                                    
a_ia   68   69                                                     -0.71049055907184666125                                                    
a_ia   25   42                                                     -0.18407573663842063949                                                    
a_ia   25   43                                                     -0.08663028074722212146                                                    
a_ia   25   44                                                     -0.06123751704264502466                                                    
a_ia   73   79                                                     -0.11558171153914073570                                                    
a_ia   73   81                                                      0.14231795644269873424                                                    
a_ia   26   34                                                      0.12835126099697444224                                                    
a_ia   24   28                                                      0.14052083956246608221                                                    
a_ia   11   19                                                     -0.12661202213191710686                                                    
a_ia   68   72                                                     -0.00695602827673522540                                                    
a_ia   72   82                                                     -0.11940827556748237481                                                    
a_ia   24   38                                                     -0.14677514622056186955                                                    
a_ia   19   30                                                     -0.00509478305622524177                                                    
mvp2   15   28   63   76   28   15   63   76                       -0.01537685177631538565    0.02809335039361112243                          
a_ia   23   28                                                     -0.00003991814151836892                                                    
a_ia   66   68                                                     -0.28469843388149279617                                                    
a_ia   23   28                                                      0.00672091326909111508                                                    
