op     19   25   67   73   25   19   67   73                       -0.15267135689731753390                                                    
op     23   24   71   72   24   23   71   72                       -0.06728817758078387001                                                    
op     19   25   70   73   25   19   70   73                        0.00735103820394750630                                                    
op     23   24   68   72   24   23   68   72                       -0.05540945105856307645                                                    
mvp2   19   25   68   72   25   19   68   72                        0.01849398972776059372   -0.07088255056478752480                          
mvp2   19   25   66   72   25   19   66   72                       -0.05963834362652679910    0.30243527895860927712                          
op     23   28   71   76   28   23   71   76                       -0.02677795299813848229                                                    
a_ia   71   76                                                      0.00848473254131626789                                                    
a_ia   65   67                                                     -0.35288433521993906039                                                    
op     15   26   66   74   26   15   66   74                        0.10499999652233694969                                                    
op     15   24   68   74   24   15   68   74                        0.00635269122295768242                                                    
mvp2   20   26   66   72   26   20   66   72                       -0.01510064261050854395   -0.87048895007395554746                          
mvp2   15   24   68   76   24   15   68   76                       -0.00108689421029987856   -0.00158721112321047334                          
mvp2   19   25   23   26   19   23   26   25                        0.00161684477994395240    0.01748618531012319580                          
mvp2   21   26   66   72   26   21   66   72                        0.01172441201506417043    0.92557160107136993155                          
mvp2   20   24   68   72   24   20   68   72                       -0.04822093342039031338   -1.71013955436886577743                          
op     19   27   67   75   27   19   67   75                       -0.01496866917577468689                                                    
mvp2   18   26   68   74   26   18   68   74                       -0.00381707286939054428    1.13404652427392282910                          
mvp2   20   24   68   74   24   20   68   74                        0.01281700495581610151   -0.78573063928780828569                          
mvp2   19   25   66   74   25   19   66   74                        0.08015531495044279919   -0.63730757541611837702                          
mvp2   18   24   68   74   24   18   68   74                        0.00061827448736792611   -1.03286818224520060561                          
a_ia   63   66                                                      0.79616966098251829020                                                    
mvp2   23   24   63   72   24   23   63   72                        0.01105374465931562543    0.73047335453046902121                          
mvp2   15   24   66   72   24   15   66   72                        0.00321495907076434261    0.40539630853355390627                          
mvp2   19   31   67   73   31   19   67   73                        0.01173226770713079944    0.11333228908705499094                          
mvp2   15   26   63   74   26   15   63   74                       -0.00449177184072637511   -1.46606342667601019514                          
a_ia   15   18                                                     -1.02388073976527715914                                                    
mvp2   18   26   66   72   26   18   66   72                        0.00441998554941934896    0.09998328987429452863                          
a_ia   24   26                                                      0.52023206333089999642                                                    
mvp2   15   24   66   74   24   15   66   74                       -0.01761102140346206338   -0.19421553069839164740                          
mvp3   17   25   18   26   17   18   26   25   17   18   25   26    0.01202431248527942483    0.55739011790144332714   -0.00490105665119992644
a_ia   17   25                                                     -0.00362327007378669078                                                    
a_ia   72   74                                                      0.46673749407888698304                                                    
mvp2   18   24   66   76   24   18   66   76                       -0.01478518411811118038    0.17040747450497847892                          
mvp2   21   24   69   72   24   21   69   72                       -0.01333861061175282449    0.01619466111472354225                          
mvp2   21   24   68   72   24   21   68   72                        0.03262228163064265912   -0.02889495948583973434                          
a_ia   68   72                                                      0.00676024070405903486                                                    
a_ia   73   77                                                     -0.11615696962499269529                                                    
a_ia   19   22                                                     -0.04630304778637802515                                                    
a_ia   74   88                                                     -0.32442932214012676351                                                    
a_ia   68   69                                                     -0.52986337575724917759                                                    
a_ia   25   42                                                     -0.18314482512964153083                                                    
a_ia   25   43                                                     -0.08434106316795945968                                                    
a_ia   25   44                                                     -0.05717673168939579886                                                    
a_ia   73   79                                                     -0.11277703026660336472                                                    
a_ia   73   81                                                      0.13953828686121963476                                                    
a_ia   26   34                                                      0.10358721972795040256                                                    
a_ia   24   28                                                      0.33974323590871230438                                                    
a_ia   11   19                                                     -0.12197082588258144342                                                    
a_ia   68   72                                                     -0.00484088029721009127                                                    
a_ia   72   82                                                     -0.12119563668352753560                                                    
a_ia   24   38                                                     -0.16899443048123841127                                                    
a_ia   19   30                                                     -0.00513788018354585305                                                    
mvp2   15   28   63   76   28   15   63   76                       -0.00926634302508879196   -0.09129496099455877700                          
a_ia   23   28                                                      0.00139409785913608623                                                    
a_ia   66   68                                                      0.00938444996114871401                                                    
a_ia   23   28                                                     -0.00160636371111940205                                                    
mvp2   23   28   63   76   28   23   63   76                        0.00815995657013196887   -2.85590770199679244712                          
a_ia   66   69                                                      0.29183196583428311355                                                    
a_ia   24   40                                                      0.13297425146987534861                                                    
a_ia   24   40                                                      0.07253470811666976048                                                    
a_ia   25   45                                                      0.02477735351170603714                                                    
a_ia   19   39                                                      0.00922352088981584842                                                    
a_ia   19   37                                                     -0.00637883863501677133                                                    
a_ia   11   31                                                      0.01346502335651723024                                                    
a_ia   23   28                                                     -0.00003703113638139170                                                    
a_ia   23   28                                                      0.00968711775359968642                                                    
a_ia   11   31                                                     -0.01300066762694035427                                                    
a_ia   15   23                                                      0.56016112936815065648                                                    
a_ia   11   31                                                     -0.00003632131373528399                                                    
a_ia   19   37                                                      0.00617093259668726780                                                    
a_ia   63   68                                                      0.64909935018810849261                                                    
a_ia   11   31                                                     -0.00029456967367022340                                                    
a_ia   11   31                                                     -0.00002159314673769522                                                    
a_ia   19   37                                                      0.00193604505532442880                                                    
a_ia   11   31                                                     -0.00008264565854847922                                                    
a_ia   11   31                                                     -0.00008488089016829978                                                    
a_ia   11   31                                                      0.00013133385716201381                                                    
a_ia   19   37                                                      0.00026763179458740938                                                    
