op     19   25   67   73   25   19   67   73                       -0.14593575826497534598                                                    
op     23   24   71   72   24   23   71   72                       -0.06808276961405060335                                                    
op     19   25   70   73   25   19   70   73                        0.00774790785662419785                                                    
op     23   24   68   72   24   23   68   72                       -0.01688558018255371593                                                    
mvp2   19   25   68   72   25   19   68   72                        0.03354614876516469335   -0.20808427429450881974                          
mvp2   19   25   66   72   25   19   66   72                       -0.06443355412504618573    0.49197614700267222609                          
op     23   28   71   76   28   23   71   76                       -0.02129609553882569339                                                    
a_ia   71   76                                                      0.00687453888469616997                                                    
a_ia   65   67                                                     -0.35687790863050433687                                                    
op     15   26   66   74   26   15   66   74                        0.06247325267254365960                                                    
op     15   24   68   74   24   15   68   74                        0.02544992927471001129                                                    
mvp2   20   26   66   72   26   20   66   72                       -0.02796443821164071655   -0.46212095921394769071                          
mvp2   15   24   68   76   24   15   68   76                       -0.00469836025010990626   -0.01314354604434200130                          
mvp2   19   25   23   26   19   23   26   25                       -0.02090543881520901329    0.24245189172770034713                          
mvp2   21   26   66   72   26   21   66   72                        0.01850940442393614674    0.35360748267699659841                          
mvp2   20   24   68   72   24   20   68   72                       -0.05522984821535383004   -1.06047431552087401130                          
op     19   27   67   75   27   19   67   75                       -0.01529866678537022268                                                    
mvp2   18   26   68   74   26   18   68   74                       -0.00927696046500957154    0.76124619423879935631                          
mvp2   20   24   68   74   24   20   68   74                       -0.01249027459342673223   -0.96842879811200699436                          
mvp2   19   25   66   74   25   19   66   74                        0.04978391227207269037   -0.48098170656117683608                          
mvp2   18   24   68   74   24   18   68   74                        0.00774123782739416857   -0.63066154268270202543                          
a_ia   63   66                                                      0.56580848916073545052                                                    
mvp2   23   24   63   72   24   23   63   72                        0.02836716222727805187   -0.10043518250100474942                          
mvp2   15   24   66   72   24   15   66   72                        0.01350813691552460449    0.30489485247974978943                          
mvp2   19   31   67   73   31   19   67   73                        0.01142286484742378871    0.11153211370240152800                          
mvp2   15   26   63   74   26   15   63   74                       -0.00694395771319868561   -1.40363750172944379280                          
a_ia   15   18                                                     -1.00682373844685368880                                                    
mvp2   18   26   66   72   26   18   66   72                        0.02839095077941088119    0.50363866592660566646                          
a_ia   24   26                                                      0.24640075051240215021                                                    
mvp2   15   24   66   74   24   15   66   74                       -0.01287451280839869809   -0.30110148846074807905                          
mvp3   17   25   18   26   17   18   26   25   17   18   25   26    0.01358217601958647790    0.57514230398883203765    0.00079583701245484215
