op     19   25   67   73   25   19   67   73                       -0.13762917311475192372                                                    
op     23   24   71   72   24   23   71   72                       -0.06597103652645779082                                                    
op     19   25   70   73   25   19   70   73                        0.00766516856833532236                                                    
op     23   24   68   72   24   23   68   72                       -0.02116090147797361834                                                    
mvp2   19   25   68   72   25   19   68   72                        0.02729518982300299657   -0.20023933289564133098                          
mvp2   19   25   66   72   25   19   66   72                       -0.04133308275208187610    0.31830032409180702979                          
op     23   28   71   76   28   23   71   76                       -0.02128573316288076209                                                    
a_ia   71   76                                                      0.00660961540768122829                                                    
a_ia   65   67                                                     -0.35114557945308966236                                                    
op     15   26   66   74   26   15   66   74                        0.01969251225355111296                                                    
op     15   24   68   74   24   15   68   74                        0.02254155843045662494                                                    
mvp2   20   26   66   72   26   20   66   72                       -0.02097003672168667315   -0.50603424246078143600                          
mvp2   15   24   68   76   24   15   68   76                       -0.01298054880601558561   -0.00120853940161565112                          
mvp2   19   25   23   26   19   23   26   25                       -0.01950646706979253936    0.23861440124944724439                          
mvp2   21   26   66   72   26   21   66   72                        0.01298192794702606942    0.53965093291457300051                          
mvp2   20   24   68   72   24   20   68   72                       -0.05616227423941726887   -0.76525725966754454266                          
op     19   27   67   75   27   19   67   75                       -0.01529075709293978118                                                    
