op     19   25   67   73   25   19   67   73                       -0.15270497258467710666                                                    
op     23   24   71   72   24   23   71   72                       -0.06735129624100240353                                                    
op     19   25   70   73   25   19   70   73                        0.00734455290597606225                                                    
op     23   24   68   72   24   23   68   72                       -0.05530947027845637548                                                    
mvp2   19   25   68   72   25   19   68   72                        0.01856754138250083994   -0.07084629000529631127                          
mvp2   19   25   66   72   25   19   66   72                       -0.05961023501399364405    0.30260439906941749566                          
op     23   28   71   76   28   23   71   76                       -0.02678535519923863975                                                    
a_ia   71   76                                                      0.00846946431785293094                                                    
a_ia   65   67                                                     -0.35288447055985555645                                                    
op     15   26   66   74   26   15   66   74                        0.10494472618878657177                                                    
op     15   24   68   74   24   15   68   74                        0.00627124133780847422                                                    
mvp2   20   26   66   72   26   20   66   72                       -0.01508907610642587493   -0.87026158802511766055                          
mvp2   15   24   68   76   24   15   68   76                       -0.00108383919338401525   -0.00155004257890056785                          
mvp2   19   25   23   26   19   23   26   25                        0.00172576576483928260    0.01761304797458834032                          
mvp2   21   26   66   72   26   21   66   72                        0.01173253648773776858    0.92634096222459361147                          
mvp2   20   24   68   72   24   20   68   72                       -0.04821138096961073011   -1.71034736058230807387                          
op     19   27   67   75   27   19   67   75                       -0.01496852783246981414                                                    
mvp2   18   26   68   74   26   18   68   74                       -0.00370659234532877890    1.13476171855415808309                          
mvp2   20   24   68   74   24   20   68   74                        0.01280593244766424152   -0.78399590649777473050                          
mvp2   19   25   66   74   25   19   66   74                        0.08024857558215769959   -0.63774777980265384691                          
mvp2   18   24   68   74   24   18   68   74                        0.00074100155824876886   -1.03210677112088466956                          
a_ia   63   66                                                      0.79769800122246381502                                                    
mvp2   23   24   63   72   24   23   63   72                        0.01090436625837076616    0.73036203720532377748                          
mvp2   15   24   66   72   24   15   66   72                        0.00320713700582354834    0.40657406864705869509                          
mvp2   19   31   67   73   31   19   67   73                        0.01173529425862712174    0.11307962660685426382                          
mvp2   15   26   63   74   26   15   63   74                       -0.00466633715314464931   -1.46301865101708683525                          
a_ia   15   18                                                     -1.02433773704873232191                                                    
mvp2   18   26   66   72   26   18   66   72                        0.00442551517375381221    0.09941844046507816723                          
a_ia   24   26                                                      0.51960028772456701152                                                    
mvp2   15   24   66   74   24   15   66   74                       -0.01765141713858046218   -0.19482873612343878933                          
mvp3   17   25   18   26   17   18   26   25   17   18   25   26    0.01202238734244095997    0.55831448642450953734   -0.00285015056902378997
a_ia   17   25                                                     -0.00358138626228975132                                                    
a_ia   72   74                                                      0.46659170194520982466                                                    
mvp2   18   24   66   76   24   18   66   76                       -0.01478496366387974277    0.17063317370691960528                          
mvp2   21   24   69   72   24   21   69   72                       -0.01328570122423974702    0.01623931897318168713                          
mvp2   21   24   68   72   24   21   68   72                        0.03266385081624104819   -0.02867170083731677283                          
a_ia   68   72                                                      0.00667052822013294074                                                    
a_ia   73   77                                                     -0.11613595333648103758                                                    
a_ia   19   22                                                     -0.04625827167019973263                                                    
a_ia   74   88                                                     -0.32453713531207195597                                                    
a_ia   68   69                                                     -0.53199602188589600882                                                    
a_ia   25   42                                                     -0.18313756184289334272                                                    
a_ia   25   43                                                     -0.08430203913308773056                                                    
a_ia   25   44                                                     -0.05719736399160441770                                                    
a_ia   73   79                                                     -0.11279955807727062855                                                    
a_ia   73   81                                                      0.13957829811193558922                                                    
a_ia   26   34                                                      0.10340609031168818133                                                    
a_ia   24   28                                                      0.33983752841781894594                                                    
a_ia   11   19                                                     -0.12198788044540068154                                                    
a_ia   68   72                                                     -0.00470887043337086478                                                    
a_ia   72   82                                                     -0.12099746636989619497                                                    
a_ia   24   38                                                     -0.16896609046550853384                                                    
a_ia   19   30                                                     -0.00513549339871107076                                                    
mvp2   15   28   63   76   28   15   63   76                       -0.00925096457594510625   -0.09631673022751004176                          
a_ia   23   28                                                      0.00170950399019796856                                                    
a_ia   66   68                                                      0.00998322189327827819                                                    
a_ia   23   28                                                     -0.00129283125227295809                                                    
mvp2   23   28   63   76   28   23   63   76                        0.00820421399441350653   -2.85748342013201384049                          
a_ia   66   69                                                      0.29123431712212266564                                                    
a_ia   24   40                                                      0.13256057171090690483                                                    
a_ia   24   40                                                      0.07265925929287898877                                                    
a_ia   25   45                                                      0.02474378424341176427                                                    
a_ia   19   39                                                      0.00922205606191408254                                                    
a_ia   19   37                                                     -0.00593790311190697199                                                    
a_ia   11   31                                                      0.01335295960101165642                                                    
a_ia   23   28                                                      0.00007789752255849045                                                    
a_ia   23   28                                                      0.00936991546966418551                                                    
a_ia   11   31                                                     -0.01312536963033704776                                                    
a_ia   15   23                                                      0.55990688863981230572                                                    
a_ia   11   31                                                      0.00002863565860959286                                                    
a_ia   19   37                                                      0.00584172467455751614                                                    
a_ia   63   68                                                      0.64854703123648704821                                                    
a_ia   11   31                                                     -0.00003517931749967743                                                    
a_ia   11   31                                                     -0.00005476423539344647                                                    
a_ia   19   37                                                      0.00081696053785319854                                                    
a_ia   11   31                                                      0.00064728779301595713                                                    
a_ia   11   31                                                      0.00017035455720824905                                                    
a_ia   11   31                                                     -0.00071857746377134866                                                    
a_ia   19   37                                                      0.00043476727877657557                                                    
a_ia   11   31                                                      0.00024791592046559424                                                    
a_ia   19   37                                                      0.00025550495180064030                                                    
