op     19   25   67   73   25   19   67   73                       -0.15228864360174346193                                                    
op     23   24   71   72   24   23   71   72                       -0.06720528627048169557                                                    
op     19   25   70   73   25   19   70   73                        0.00733286174906252943                                                    
op     23   24   68   72   24   23   68   72                       -0.05514998518481394052                                                    
mvp2   19   25   68   72   25   19   68   72                        0.01826518240804592130   -0.07065683801016750532                          
mvp2   19   25   66   72   25   19   66   72                       -0.05973733946922048232    0.30026146954166710312                          
op     23   28   71   76   28   23   71   76                       -0.02676983677532683917                                                    
a_ia   71   76                                                      0.00842029696442041405                                                    
a_ia   65   67                                                     -0.35283959984325186099                                                    
op     15   26   66   74   26   15   66   74                        0.10601942452682318330                                                    
op     15   24   68   74   24   15   68   74                        0.00561971856984863800                                                    
mvp2   20   26   66   72   26   20   66   72                       -0.01512660620407925427   -0.87206530387336833599                          
mvp2   15   24   68   76   24   15   68   76                       -0.00105437246922340756   -0.00142511876089920515                          
mvp2   19   25   23   26   19   23   26   25                        0.00167781180428092590    0.01670097903519429314                          
mvp2   21   26   66   72   26   21   66   72                        0.01169485833361172573    0.92190080292823950447                          
mvp2   20   24   68   72   24   20   68   72                       -0.04814931914119796597   -1.70844634879797152571                          
op     19   27   67   75   27   19   67   75                       -0.01496811060406985638                                                    
mvp2   18   26   68   74   26   18   68   74                       -0.00355795679646228038    1.13121571487357486241                          
mvp2   20   24   68   74   24   20   68   74                        0.01266692948265216341   -0.79347704905235882933                          
mvp2   19   25   66   74   25   19   66   74                        0.07975316149311734160   -0.63421375279071945386                          
mvp2   18   24   68   74   24   18   68   74                        0.00084259334156263287   -1.03568025577520139713                          
a_ia   63   66                                                      0.78608616081278359644                                                    
mvp2   23   24   63   72   24   23   63   72                        0.01078093570394761391    0.73063276954878186853                          
mvp2   15   24   66   72   24   15   66   72                        0.00317704486236513716    0.40053504009123402918                          
mvp2   19   31   67   73   31   19   67   73                        0.01174148561240276160    0.11508055511025211404                          
mvp2   15   26   63   74   26   15   63   74                       -0.00481591831563653316   -1.48051791615684846803                          
a_ia   15   18                                                     -1.02100867191472199913                                                    
mvp2   18   26   66   72   26   18   66   72                        0.00436531598020770736    0.10119695366481866461                          
a_ia   24   26                                                      0.52181204553939330992                                                    
mvp2   15   24   66   74   24   15   66   74                       -0.01721865566774161485   -0.19185226056472987066                          
mvp3   17   25   18   26   17   18   26   25   17   18   25   26    0.01201373116945387252    0.55346563437854445766   -0.01246793869610758956
a_ia   17   25                                                     -0.00367167256654260532                                                    
a_ia   72   74                                                      0.46795952387337169665                                                    
mvp2   18   24   66   76   24   18   66   76                       -0.01477518872460456545    0.16798280390334516254                          
mvp2   21   24   69   72   24   21   69   72                       -0.01362403835217246457    0.01547084441632437177                          
mvp2   21   24   68   72   24   21   68   72                        0.03226328634548837615   -0.03012043521410769087                          
a_ia   68   72                                                      0.00727491348013642805                                                    
a_ia   73   77                                                     -0.11624452494419308668                                                    
a_ia   19   22                                                     -0.04660781804613892132                                                    
a_ia   74   88                                                     -0.32394789988685157578                                                    
a_ia   68   69                                                     -0.51874080734439675933                                                    
a_ia   25   42                                                     -0.18316033908248557927                                                    
a_ia   25   43                                                     -0.08430123249944899977                                                    
a_ia   25   44                                                     -0.05717884778062017753                                                    
a_ia   73   79                                                     -0.11252884995442141713                                                    
a_ia   73   81                                                      0.13918499458219457665                                                    
a_ia   26   34                                                      0.10464741354257846295                                                    
a_ia   24   28                                                      0.33807364226359587489                                                    
a_ia   11   19                                                     -0.12209129017410833007                                                    
a_ia   68   72                                                     -0.00523766599156478847                                                    
a_ia   72   82                                                     -0.12234947137752313906                                                    
a_ia   24   38                                                     -0.16953435420111323539                                                    
a_ia   19   30                                                     -0.00514161239304604042                                                    
mvp2   15   28   63   76   28   15   63   76                       -0.00925707926453663878   -0.07291375142328838932                          
a_ia   23   28                                                      0.00220427243958995099                                                    
a_ia   66   68                                                      0.00583712953799694120                                                    
a_ia   23   28                                                     -0.00081081868708576484                                                    
mvp2   23   28   63   76   28   23   63   76                        0.00811012851046779421   -2.85053377329462032108                          
a_ia   66   69                                                      0.29307517855921039196                                                    
a_ia   24   40                                                      0.13448027935704381930                                                    
a_ia   24   40                                                      0.07216413620513577321                                                    
a_ia   25   45                                                      0.02474477949915227307                                                    
a_ia   19   39                                                      0.00923632960217860184                                                    
a_ia   19   37                                                     -0.00708608695331059812                                                    
a_ia   11   31                                                      0.01349997547080700362                                                    
a_ia   23   28                                                      0.00123515328692124686                                                    
a_ia   23   28                                                      0.00834340232744283129                                                    
a_ia   11   31                                                     -0.01303943240711513511                                                    
a_ia   15   23                                                      0.56093540878201320066                                                    
a_ia   11   31                                                     -0.00034792242761904171                                                    
a_ia   19   37                                                      0.00809016578605968248                                                    
a_ia   63   68                                                      0.65309183170101992033                                                    
a_ia   11   31                                                     -0.00027919156442777788                                                    
a_ia   11   31                                                      0.00016242520687278643                                                    
a_ia   19   37                                                      0.00065488383951803136                                                    
