op     19   25   67   73   25   19   67   73                       -0.14628383540072206759                                                    
op     23   24   71   72   24   23   71   72                       -0.06766333780792145591                                                    
op     19   25   70   73   25   19   70   73                        0.00764452554216576811                                                    
op     23   24   68   72   24   23   68   72                       -0.02684796182351742097                                                    
mvp2   19   25   68   72   25   19   68   72                        0.04393785921657715476   -0.24574764343558480606                          
mvp2   19   25   66   72   25   19   66   72                       -0.05416177937594920250    0.32075163414667290374                          
op     23   28   71   76   28   23   71   76                       -0.02125495433323542141                                                    
a_ia   71   76                                                      0.00707088793317082066                                                    
a_ia   65   67                                                     -0.35636988674233349705                                                    
op     15   26   66   74   26   15   66   74                        0.06713611423850825155                                                    
op     15   24   68   74   24   15   68   74                        0.03788361147708715904                                                    
mvp2   20   26   66   72   26   20   66   72                       -0.02479601257828875291   -0.68001030397824391294                          
mvp2   15   24   68   76   24   15   68   76                       -0.00866262968643376381   -0.02892011329088981994                          
mvp2   19   25   23   26   19   23   26   25                       -0.02176136435697414995    0.23450689204043656533                          
mvp2   21   26   66   72   26   21   66   72                        0.01896467762080929209    0.54726331908943670612                          
mvp2   20   24   68   72   24   20   68   72                       -0.06214341664925145808   -1.05929799440162453195                          
op     19   27   67   75   27   19   67   75                       -0.01249283246653465872                                                    
mvp2   18   26   68   74   26   18   68   74                       -0.01523660591420071368    1.04885431298354037111                          
mvp2   20   24   68   74   24   20   68   74                        0.00079570847791298447   -1.21735673702993740797                          
mvp2   19   25   66   74   25   19   66   74                        0.06217182231441763240   -0.59053929278813777071                          
mvp2   18   24   68   74   24   18   68   74                        0.01016861769484702152   -0.82373046903724034262                          
a_ia   63   66                                                      0.72748747710025130075                                                    
mvp2   23   24   63   72   24   23   63   72                        0.02976401879017012350    0.01044913441058418872                          
mvp2   15   24   66   72   24   15   66   72                        0.01255110608673193698    0.34888798439189860900                          
mvp2   19   31   67   73   31   19   67   73                        0.01489810970850056517    0.11505617299319720326                          
mvp2   15   26   63   74   26   15   63   74                        0.01080179495473368272   -1.48820750218774966456                          
a_ia   15   18                                                     -1.10007393807853226519                                                    
mvp2   18   26   66   72   26   18   66   72                        0.02127419287107414070    0.00331306710896250682                          
a_ia   24   26                                                      0.25990540239367154740                                                    
mvp2   15   24   66   74   24   15   66   74                       -0.01498687781661808653   -0.35869818736601677411                          
mvp3   17   25   18   26   17   18   26   25   17   18   25   26    0.01349267364153423562    0.56861240560587889004    0.00245642531029476637
a_ia   17   25                                                     -0.00440564835490184215                                                    
a_ia   72   74                                                      0.13186570575082781631                                                    
mvp2   18   24   66   76   24   18   66   76                       -0.00834084970184606998    0.16062358807488050227                          
mvp2   21   24   69   72   24   21   69   72                       -0.01292916479939909200    0.26550497013579216210                          
mvp2   21   24   68   72   24   21   68   72                        0.04495165698350821887    0.33789179329653534767                          
a_ia   68   72                                                      0.00796281580548080341                                                    
a_ia   73   77                                                     -0.12691467164934860934                                                    
a_ia   19   22                                                     -0.05732550173406050081                                                    
a_ia   74   88                                                     -0.32474514373679452817                                                    
a_ia   68   69                                                     -0.59426377750137837630                                                    
