op     19   25   67   73   25   19   67   73                       -0.14057996475516848500                                                    
op     23   24   71   72   24   23   71   72                       -0.06698997865220458758                                                    
op     19   25   70   73   25   19   70   73                        0.00761629289242878125                                                    
op     23   24   68   72   24   23   68   72                       -0.01874727010030497257                                                    
mvp2   19   25   68   72   25   19   68   72                        0.04265100582225154341   -0.34407534790518778944                          
mvp2   19   25   66   72   25   19   66   72                       -0.05027793231602494667    0.33585910334981872172                          
op     23   28   71   76   28   23   71   76                       -0.02150140647836073712                                                    
a_ia   71   76                                                      0.00628000568622827989                                                    
a_ia   65   67                                                     -0.36102468365776041459                                                    
op     15   26   66   74   26   15   66   74                        0.02570065984172568985                                                    
op     15   24   68   74   24   15   68   74                        0.02549182576625871194                                                    
mvp2   20   26   66   72   26   20   66   72                       -0.02940051436562144890   -0.56585585411454930593                          
mvp2   15   24   68   76   24   15   68   76                       -0.01356266776194141321   -0.00426771467233270571                          
mvp2   19   25   23   26   19   23   26   25                       -0.02057297215402796933    0.24220131577430387138                          
mvp2   21   26   66   72   26   21   66   72                        0.01849301366862080021    0.50165383764856019688                          
mvp2   20   24   68   72   24   20   68   72                       -0.05871034723822674689   -1.19680486536496699657                          
op     19   27   67   75   27   19   67   75                       -0.01554223246780000144                                                    
mvp2   18   26   68   74   26   18   68   74                       -0.00607148788220509932    0.36453519270615952763                          
mvp2   20   24   68   74   24   20   68   74                       -0.00739984402343994534   -1.09230020600632715677                          
mvp2   19   25   66   74   25   19   66   74                        0.04994796172134877837   -0.31036705018425431168                          
mvp2   18   24   68   74   24   18   68   74                       -0.02311312095517620638   -0.94118399935248064914                          
a_ia   63   66                                                      0.60949810993088948674                                                    
mvp2   23   24   63   72   24   23   63   72                        0.02497914005309870289   -0.00108665482635095733                          
