op     19   25   67   73   25   19   67   73                       -0.13692197515997237001                                                    
op     23   24   71   72   24   23   71   72                       -0.07143489738025717017                                                    
op     19   25   70   73   25   19   70   73                        0.00745341494954309368                                                    
op     23   24   68   72   24   23   68   72                       -0.01860419644378258699                                                    
mvp2   19   25   68   72   25   19   68   72                        0.02334439171501040411   -0.13698268282627082404                          
mvp2   19   25   66   72   25   19   66   72                       -0.04129677305964791351    0.32618397835328249990                          
op     23   28   71   76   28   23   71   76                       -0.02073674435768186469                                                    
a_ia   71   76                                                      0.00676857961039047280                                                    
a_ia   65   67                                                     -0.34686158275024853159                                                    
op     15   26   66   74   26   15   66   74                        0.01965570735590960183                                                    
op     15   24   68   74   24   15   68   74                        0.02075067641888415568                                                    
mvp2   20   26   66   72   26   20   66   72                       -0.01850607782261840320   -0.60464796330713432848                          
mvp2   15   24   68   76   24   15   68   76                       -0.01188792066626295600   -0.00044754027757450577                          
mvp2   19   25   23   26   19   23   26   25                       -0.01947471532960772314    0.22623347582089223251                          
mvp2   21   26   66   72   26   21   66   72                        0.01346912625209248718    0.50102564494565460240                          
