op     19   25   67   73   25   19   67   73                       -0.15100278743205691745                                                    
op     23   24   71   72   24   23   71   72                       -0.06318559687142491499                                                    
op     19   25   70   73   25   19   70   73                        0.00794912316705157981                                                    
op     23   24   68   72   24   23   68   72                       -0.02323709180561313314                                                    
mvp2   19   25   68   72   25   19   68   72                        0.03244458137520811469   -0.16512815178289433349                          
mvp2   19   25   66   72   25   19   66   72                       -0.05910278640690762308    0.33852169006061572087                          
op     23   28   71   76   28   23   71   76                       -0.02184769036072702064                                                    
a_ia   71   76                                                      0.00679966879909763618                                                    
a_ia   65   67                                                     -0.35434298960561083636                                                    
op     15   26   66   74   26   15   66   74                        0.08587616498655542552                                                    
op     15   24   68   74   24   15   68   74                        0.02253143178958941575                                                    
mvp2   20   26   66   72   26   20   66   72                       -0.01739450956865514972   -0.69863457286030561377                          
mvp2   15   24   68   76   24   15   68   76                       -0.00371609882302324735    0.00332698911821012163                          
mvp2   19   25   23   26   19   23   26   25                       -0.02511366218919936291    0.20453681878344584510                          
mvp2   21   26   66   72   26   21   66   72                        0.01489318134298806343    0.57357612727268370012                          
mvp2   20   24   68   72   24   20   68   72                       -0.05443760661084735136   -1.19891938467964243031                          
op     19   27   67   75   27   19   67   75                       -0.01526019116160449475                                                    
mvp2   18   26   68   74   26   18   68   74                       -0.00871521734992233496    1.02720121639466155372                          
mvp2   20   24   68   74   24   20   68   74                        0.00640549309846139611   -1.14028423238250109506                          
mvp2   19   25   66   74   25   19   66   74                        0.07309394051510793855   -0.58918663520990532945                          
mvp2   18   24   68   74   24   18   68   74                        0.00449633696829037852   -0.76076363478524700046                          
a_ia   63   66                                                      0.64885636532155677170                                                    
mvp2   23   24   63   72   24   23   63   72                        0.02658627515443401021    0.01471499631609014119                          
mvp2   15   24   66   72   24   15   66   72                        0.00377113786158846933    0.29083350997593859777                          
mvp2   19   31   67   73   31   19   67   73                        0.01188038549987715554    0.11527990961594103414                          
mvp2   15   26   63   74   26   15   63   74                       -0.00032621495566403740   -1.49987339545517106565                          
a_ia   15   18                                                     -1.10516546116206981765                                                    
mvp2   18   26   66   72   26   18   66   72                        0.01855101771529510390    0.19011409551996077960                          
a_ia   24   26                                                      0.39097768234975266433                                                    
mvp2   15   24   66   74   24   15   66   74                       -0.01771661373913649765   -0.28653468939938586679                          
mvp3   17   25   18   26   17   18   26   25   17   18   25   26    0.01265887506636083869    0.56796450605588777449    0.00010776915238830108
a_ia   17   25                                                     -0.00410957178082165062                                                    
a_ia   72   74                                                      0.26548082766909286700                                                    
mvp2   18   24   66   76   24   18   66   76                       -0.01186504447491204713    0.24354509679289401691                          
mvp2   21   24   69   72   24   21   69   72                       -0.01100847956562762270    0.15353965661525850739                          
mvp2   21   24   68   72   24   21   68   72                        0.04135049456623592773    0.39661726587176604486                          
a_ia   68   72                                                      0.01181604417336174113                                                    
a_ia   73   77                                                     -0.11931130858495259117                                                    
a_ia   19   22                                                     -0.05231328922250917668                                                    
a_ia   74   88                                                     -0.32774126806261039135                                                    
a_ia   68   69                                                     -0.71035592660493362960                                                    
a_ia   25   42                                                     -0.18408176917157359487                                                    
a_ia   25   43                                                     -0.08662911146911522753                                                    
a_ia   25   44                                                     -0.06123579775591123792                                                    
a_ia   73   79                                                     -0.11557713974655048350                                                    
a_ia   73   81                                                      0.14231418151054373022                                                    
a_ia   26   34                                                      0.12835482456283894837                                                    
a_ia   24   28                                                      0.14073897298009005463                                                    
a_ia   11   19                                                     -0.12659624125555379859                                                    
a_ia   68   72                                                     -0.00692885665179329875                                                    
a_ia   72   82                                                     -0.11939709057633862699                                                    
a_ia   24   38                                                     -0.14678119625193655762                                                    
a_ia   19   30                                                     -0.00508982525396032767                                                    
mvp2   15   28   63   76   28   15   63   76                       -0.01545527165678929268    0.02818518259774119988                          
a_ia   23   28                                                     -0.00029617849577149999                                                    
a_ia   66   68                                                     -0.28507374090196430094                                                    
a_ia   23   28                                                      0.00653281455833874293                                                    
mvp2   23   28   63   76   28   23   63   76                        0.00642225950810843341   -0.00002869254201545505                          
