op     19   25   67   73   25   19   67   73                       -0.15038338455841984698                                                    
op     23   24   71   72   24   23   71   72                       -0.04775654950836452639                                                    
op     19   25   70   73   25   19   70   73                        0.00775200973418763064                                                    
op     23   24   68   72   24   23   68   72                       -0.01022116139094232483                                                    
mvp2   19   25   68   72   25   19   68   72                        0.01604495305842767311   -0.07099662283400115514                          
mvp2   19   25   66   72   25   19   66   72                       -0.06608434244719404993    0.38782665002144750543                          
op     23   28   71   76   28   23   71   76                       -0.02280934869828683820                                                    
a_ia   71   76                                                      0.00621305699022267188                                                    
a_ia   65   67                                                     -0.35326293465623848089                                                    
op     15   26   66   74   26   15   66   74                        0.09896539361507498966                                                    
op     15   24   68   74   24   15   68   74                        0.00945986122241387895                                                    
mvp2   20   26   66   72   26   20   66   72                       -0.01808777178714159398   -0.72718543602233087775                          
mvp2   15   24   68   76   24   15   68   76                        0.00033492472806082274   -0.00063854886583925062                          
mvp2   19   25   23   26   19   23   26   25                       -0.03040681216149883348    0.20677301268446418581                          
mvp2   21   26   66   72   26   21   66   72                        0.01347514522167349640    0.65807639748988888684                          
mvp2   20   24   68   72   24   20   68   72                       -0.04261502191916712035   -1.42729987016104642450                          
op     19   27   67   75   27   19   67   75                       -0.01522995173669107992                                                    
mvp2   18   26   68   74   26   18   68   74                       -0.00391901730495151750    0.86226040623157751419                          
mvp2   20   24   68   74   24   20   68   74                        0.00373145401778081321   -1.04029850500831977378                          
mvp2   19   25   66   74   25   19   66   74                        0.07708743015560637346   -0.59124793347865722826                          
mvp2   18   24   68   74   24   18   68   74                       -0.00125873183861461191   -0.89648140224344019522                          
a_ia   63   66                                                      0.57280427597202010492                                                    
mvp2   23   24   63   72   24   23   63   72                        0.01749772252669629796    0.31762940953572121883                          
mvp2   15   24   66   72   24   15   66   72                       -0.00229502713855833564    0.03287065558524555897                          
mvp2   19   31   67   73   31   19   67   73                        0.01177283431580383385    0.11547859644279867553                          
mvp2   15   26   63   74   26   15   63   74                       -0.00502286305662475504   -1.58609861525980888608                          
a_ia   15   18                                                     -1.10502281793627332718                                                    
mvp2   18   26   66   72   26   18   66   72                        0.01562234013340007069    0.35774955399646807264                          
a_ia   24   26                                                      0.62837437638354254332                                                    
mvp2   15   24   66   74   24   15   66   74                       -0.01500561126763571944   -0.23425082977633548964                          
mvp3   17   25   18   26   17   18   26   25   17   18   25   26    0.01275408090352570835    0.54994933444168725423   -0.00011275225136596389
a_ia   17   25                                                     -0.00450801167927357156                                                    
a_ia   72   74                                                      0.35100903559987844949                                                    
mvp2   18   24   66   76   24   18   66   76                       -0.01505371306523849845    0.29927954944323342801                          
mvp2   21   24   69   72   24   21   69   72                       -0.01416031852805989429   -0.06993620194092980968                          
mvp2   21   24   68   72   24   21   68   72                        0.02531844510661193301    0.10718127354946527241                          
a_ia   68   72                                                      0.00652943197166072457                                                    
a_ia   73   77                                                     -0.12110084147917403452                                                    
a_ia   19   22                                                     -0.05057762106469744501                                                    
a_ia   74   88                                                     -0.33678967276631777139                                                    
a_ia   68   69                                                     -0.53803714893515142137                                                    
a_ia   25   42                                                     -0.18549639217588179130                                                    
a_ia   25   43                                                     -0.08685977978162322255                                                    
a_ia   25   44                                                     -0.05857044451508588989                                                    
a_ia   73   79                                                     -0.11385454212923977468                                                    
a_ia   73   81                                                      0.14064339352867039068                                                    
a_ia   26   34                                                      0.12105906395011581389                                                    
a_ia   24   28                                                      0.23752476889803347815                                                    
a_ia   11   19                                                     -0.12527067465324581708                                                    
a_ia   68   72                                                     -0.00568342561382587357                                                    
a_ia   72   82                                                     -0.13575594695703832593                                                    
a_ia   24   38                                                     -0.16246776631444803662                                                    
a_ia   19   30                                                     -0.00510973109397527912                                                    
mvp2   15   28   63   76   28   15   63   76                       -0.01564857796518867583    0.09774355239285008323                          
a_ia   23   28                                                      0.00016094212781324384                                                    
a_ia   66   68                                                     -0.38778778483219200623                                                    
a_ia   23   28                                                      0.00573862721963142985                                                    
mvp2   23   28   63   76   28   23   63   76                        0.00663599949104160501    0.00208340192846915000                          
a_ia   66   69                                                      0.28391107198045928417                                                    
a_ia   24   40                                                      0.33414335341885825770                                                    
a_ia   24   40                                                     -0.02159111963718027619                                                    
a_ia   25   45                                                      0.03322438879879992257                                                    
