op     19   25   67   73   25   19   67   73                       -0.15169787404484952331                                                    
op     23   24   71   72   24   23   71   72                       -0.06314567298839880716                                                    
op     19   25   70   73   25   19   70   73                        0.00802550280785914102                                                    
op     23   24   68   72   24   23   68   72                       -0.02465159982726191149                                                    
mvp2   19   25   68   72   25   19   68   72                        0.04614689118547179308   -0.22639584784726432543                          
mvp2   19   25   66   72   25   19   66   72                       -0.05481075511946394835    0.31480618053124864719                          
op     23   28   71   76   28   23   71   76                       -0.02151249774648086865                                                    
a_ia   71   76                                                      0.00692108079162788090                                                    
a_ia   65   67                                                     -0.35571458740476985527                                                    
op     15   26   66   74   26   15   66   74                        0.07663457585916760850                                                    
op     15   24   68   74   24   15   68   74                        0.03796681750138151262                                                    
mvp2   20   26   66   72   26   20   66   72                       -0.02320644190115620648   -0.67311866766664463224                          
mvp2   15   24   68   76   24   15   68   76                       -0.00733541532242265506   -0.00649847596065628117                          
mvp2   19   25   23   26   19   23   26   25                       -0.02221876261766957822    0.21514552364530761808                          
mvp2   21   26   66   72   26   21   66   72                        0.01836875202350371494    0.53203961015976874993                          
mvp2   20   24   68   72   24   20   68   72                       -0.06071926018957244514   -1.04026907046767091991                          
op     19   27   67   75   27   19   67   75                       -0.01529294224490649300                                                    
mvp2   18   26   68   74   26   18   68   74                       -0.01285229864909279325    0.90673082382422609538                          
mvp2   20   24   68   74   24   20   68   74                        0.00331565685603913253   -1.16412228432976383452                          
mvp2   19   25   66   74   25   19   66   74                        0.06639231141748076770   -0.58355531791997639068                          
mvp2   18   24   68   74   24   18   68   74                        0.00899327313861366870   -0.80294535213528905881                          
a_ia   63   66                                                      0.75970248821251795679                                                    
mvp2   23   24   63   72   24   23   63   72                        0.02699992580191162492   -0.09065632965743675165                          
mvp2   15   24   66   72   24   15   66   72                        0.01093518299772000373    0.37537218138983696747                          
mvp2   19   31   67   73   31   19   67   73                        0.01194391499317606214    0.11358820291559089399                          
mvp2   15   26   63   74   26   15   63   74                        0.00570054039350751090   -1.50717542201917509281                          
a_ia   15   18                                                     -1.10436066897213125415                                                    
mvp2   18   26   66   72   26   18   66   72                        0.02354431984421173282   -0.00202374956339933850                          
a_ia   24   26                                                      0.28210681386230662682                                                    
mvp2   15   24   66   74   24   15   66   74                       -0.01601358228519715945   -0.40388994347739110014                          
mvp3   17   25   18   26   17   18   26   25   17   18   25   26    0.01282737527549503848    0.57952738885962018500    0.00011197649616971985
a_ia   17   25                                                     -0.00383721414761260598                                                    
a_ia   72   74                                                      0.13208986526206434320                                                    
mvp2   18   24   66   76   24   18   66   76                       -0.01044240901377585171    0.13725008762014573316                          
mvp2   21   24   69   72   24   21   69   72                       -0.01389199450207881555   -0.02426943143171318706                          
mvp2   21   24   68   72   24   21   68   72                        0.04350704900433587791    0.44334044652833320965                          
a_ia   68   72                                                      0.01264361688300443681                                                    
a_ia   73   77                                                     -0.11875845641366283845                                                    
a_ia   19   22                                                     -0.05298540693462774898                                                    
a_ia   74   88                                                     -0.33172935060712283040                                                    
a_ia   68   69                                                     -0.56805404471592202409                                                    
a_ia   25   42                                                     -0.18554721352204384122                                                    
a_ia   25   43                                                     -0.08734155811398414127                                                    
a_ia   25   44                                                     -0.06231923372098343433                                                    
a_ia   73   79                                                     -0.11687064364896224133                                                    
a_ia   73   81                                                      0.14297420661785167906                                                    
a_ia   26   34                                                      0.13143324307242934545                                                    
a_ia   24   28                                                      0.11363688546982549099                                                    
a_ia   11   19                                                     -0.12602451005161025011                                                    
a_ia   68   72                                                     -0.00678120853511476624                                                    
a_ia   72   82                                                     -0.10683934648666632006                                                    
a_ia   24   38                                                     -0.14007719512697683339                                                    
a_ia   19   30                                                     -0.00508687935757311076                                                    
mvp2   15   28   63   76   28   15   63   76                       -0.01541073889776721842    0.00024224567291232998                          
a_ia   23   28                                                      0.00660266280719882560                                                    
