op     19   25   67   73   25   19   67   73                       -0.15082971985865747944                                                    
op     23   24   71   72   24   23   71   72                       -0.06604865815278478103                                                    
op     19   25   70   73   25   19   70   73                        0.00817637263741176519                                                    
op     23   24   68   72   24   23   68   72                       -0.02901164684469790395                                                    
mvp2   19   25   68   72   25   19   68   72                        0.04620578608836006795   -0.22593921280782075511                          
mvp2   19   25   66   72   25   19   66   72                       -0.05316542594586064902    0.31207909204729045172                          
op     23   28   71   76   28   23   71   76                       -0.02132852365996056737                                                    
a_ia   71   76                                                      0.00708559931088960978                                                    
a_ia   65   67                                                     -0.35592511429769424502                                                    
op     15   26   66   74   26   15   66   74                        0.07404210718167318628                                                    
op     15   24   68   74   24   15   68   74                        0.03624362575736032183                                                    
mvp2   20   26   66   72   26   20   66   72                       -0.02386682899308831610   -0.65427867918365534283                          
mvp2   15   24   68   76   24   15   68   76                       -0.00876294180948380443   -0.04236606136150851409                          
mvp2   19   25   23   26   19   23   26   25                       -0.02112036275879939501    0.21447397557076314234                          
mvp2   21   26   66   72   26   21   66   72                        0.01887515289091730095    0.52074124322971560019                          
mvp2   20   24   68   72   24   20   68   72                       -0.06439548654380639059   -1.02606841404017457009                          
op     19   27   67   75   27   19   67   75                       -0.01522595252025139671                                                    
mvp2   18   26   68   74   26   18   68   74                       -0.01254241561933164967    0.88450657124457787717                          
mvp2   20   24   68   74   24   20   68   74                        0.00178485670375087878   -1.18122275366015494491                          
mvp2   19   25   66   74   25   19   66   74                        0.06447690345198409112   -0.57990019480203591762                          
mvp2   18   24   68   74   24   18   68   74                        0.01036991663949664820   -0.78778214060312923284                          
a_ia   63   66                                                      0.76439462648839062719                                                    
mvp2   23   24   63   72   24   23   63   72                        0.02980315990559971248   -0.07065761833414897775                          
mvp2   15   24   66   72   24   15   66   72                        0.01110588812128798265    0.36338235552653141980                          
mvp2   19   31   67   73   31   19   67   73                        0.01231010465966850785    0.11696099421637948246                          
mvp2   15   26   63   74   26   15   63   74                        0.00625318801012204103   -1.49005693654672399795                          
a_ia   15   18                                                     -1.10403392148716905652                                                    
mvp2   18   26   66   72   26   18   66   72                        0.02270232226012549107   -0.01334457756879292752                          
a_ia   24   26                                                      0.24447212265418125088                                                    
mvp2   15   24   66   74   24   15   66   74                       -0.01514457935611595099   -0.39296373474945645032                          
mvp3   17   25   18   26   17   18   26   25   17   18   25   26    0.01280929628115485761    0.58612096317603401552    0.00294708038990790970
a_ia   17   25                                                     -0.00364912781195034404                                                    
a_ia   72   74                                                      0.10568185190581108612                                                    
mvp2   18   24   66   76   24   18   66   76                       -0.00824850374546572812    0.15198716016201693768                          
mvp2   21   24   69   72   24   21   69   72                       -0.01333462274612338960   -0.02168257417158803158                          
mvp2   21   24   68   72   24   21   68   72                        0.04652723132804466311    0.42203045601927496877                          
a_ia   68   72                                                      0.00718468438612498810                                                    
a_ia   73   77                                                     -0.11905224449284317056                                                    
a_ia   19   22                                                     -0.05649941435608366036                                                    
a_ia   74   88                                                     -0.33205693151692994292                                                    
a_ia   68   69                                                     -0.56908205709476233913                                                    
a_ia   25   42                                                     -0.18492889121418704113                                                    
a_ia   25   43                                                     -0.08808735385767817172                                                    
a_ia   25   44                                                     -0.06312193128933314690                                                    
a_ia   73   79                                                     -0.11813943269863148855                                                    
a_ia   73   81                                                      0.14342074567664450657                                                    
a_ia   26   34                                                      0.13030029500722831171                                                    
