9.999984341176854086e-01
9.999946507339195767e-01
9.999881192344050040e-01
9.999888074060876431e-01
9.967563944476856008e-01
9.959999278099811448e-01
9.952856453770766443e-01
9.942582788222001922e-01
9.950912147768586902e-01
9.936950992985407183e-01
9.947221071354122035e-01
9.940370667250000292e-01
9.939837812831713304e-01
9.926235107258396528e-01
9.925595901859782799e-01
9.942967162278804061e-01
9.980011990931161314e-01
9.919677321682065507e-01
9.957844171928937893e-01
9.917739006939390034e-01
9.951596234780545336e-01
9.927037261277402713e-01
1.007833014021139451e-02
1.034598704552018057e-02
1.019208086097072447e-02
5.322231168046672248e-03
5.392214486213565278e-03
5.475682048733583954e-03
5.859307794716479487e-03
4.159167809626385971e-03
2.505698551028184666e-03
2.415858334285487206e-03
4.340934150924057391e-03
5.439828515826600035e-03
2.168335550508247462e-03
4.148215977174836942e-03
3.357102785184406038e-03
1.396570556475202913e-03
2.376556287700622161e-03
4.035237603278198776e-03
2.090654392063952000e-03
4.627042945730723382e-03
2.439939368860645063e-03
3.163080220319863019e-03
