op     25   26   77   78   26   25   77   78                       -0.12471678887891901599                                                    
op     25   27   77   79   27   25   77   79                       -0.10298722589814565676                                                    
a_ia   76   77                                                      0.07674381649019469676                                                    
a_ia   77   78                                                     -0.00669284178336536362                                                    
mvp2   69   79   77   88   69   77   79   88                        0.07868909234143753317   -0.87923855258723360162                          
om     23   26   76   78   26   23   76   78                       -0.00976603015414670601                                                    
a_ia   76   78                                                      0.01102480276506517809                                                    
a_ia   76   78                                                      0.00811790477065861896                                                    
mvp2   23   27   77   78   27   23   77   78                        0.03436814143865381949    0.06513491230755963368                          
a_ia   75   78                                                     -0.00219146857770839091                                                    
a_ia   23   26                                                      0.00453857208235361725                                                    
mvp2   18   27   23   32   18   23   27   32                       -0.01914769905399294966   -0.04249384246363740320                          
a_ia   24   26                                                     -0.00168575433605612306                                                    
mvp2   24   27   77   79   27   24   77   79                        0.00555617047400924075    0.08469930754381405080                          
mvp2   23   26   70   94   26   23   70   94                        0.01019466164075195219    1.01664400598380355589                          
a_ia   75   78                                                      0.00336032416836750444                                                    
mvp2   18   26   23   31   18   23   26   31                       -0.00159282457994315129   -0.14777940657367694133                          
op     17   44   69   96   44   17   69   96                       -0.00992707537034252796                                                    
mvp2   12   27   77   78   27   12   77   78                       -0.02992980184513097108   -0.00732256312149531623                          
a_ia   77   78                                                     -0.00166210852651573794                                                    
a_ia   72   77                                                      0.10384755987051366710                                                    
a_ia   23   26                                                     -0.00694188102480086493                                                    
mvp2   18   32   70   84   32   18   70   84                       -0.00965896749932701991    0.87757408450410279155                          
mvp2   70   78   75   94   70   75   78   94                        0.00075910194386593461    1.36969557020645904544                          
a_ia   75   78                                                     -0.00405184317119220219                                                    
a_ia   23   26                                                     -0.00589395362399428632                                                    
a_ia   76   78                                                     -0.02426358295082513272                                                    
mvp2   23   26   69   88   26   23   69   88                        0.06696575662329290468    0.77023121436609232049                          
mvp2   69   78   75   88   69   75   78   88                       -0.00408922930431543374   -1.52251537048334895097                          
mvp2   23   26   69   82   26   23   69   82                        0.00873748153649138090   -0.12094840778188975516                          
a_ia   25   26                                                     -0.00569950319239739388                                                    
a_ia   75   78                                                      0.00157713823893349133                                                    
a_ia   23   26                                                      0.00745199668213216045                                                    
a_ia   75   78                                                     -0.00408868887203390173                                                    
a_ia   75   76                                                     -0.40175733559586879196                                                    
a_ia   76   78                                                      0.00798165291546291261                                                    
mvp2   25   26   70   81   26   25   70   81                        0.00469199976122152210   -0.07930634450885150344                          
mvp2   23   27   67   94   27   23   67   94                       -0.01087482428898278730   -0.01563177367447327396                          
mvp2   23   27   76   79   27   23   76   79                        0.01687522681320231810    0.00131782103727504010                          
a_ia   76   79                                                     -0.00071399774080064431                                                    
mvp3   70   78   76   94   70   76   94   78   70   76   78   94   -0.01053315016223791735    0.03590708383702515688    0.42034934940682128213
mvp2   23   27   75   93   27   23   75   93                        0.01486748195301166621    0.09447918582028329293                          
a_ia   25   27                                                      0.00686700712532708254                                                    
mvp2   23   27   69   88   27   23   69   88                        0.00729682613870519334   -0.02266050050798010598                          
op     17   28   69   96   28   17   69   96                        0.00733300163202320766                                                    
op     17   28   69   80   28   17   69   80                       -0.01508716109897732284                                                    
a_ia   17   28                                                     -0.00096363453579950730                                                    
