op     25   26   77   78   26   25   77   78                       -0.13182522312308933565                                                    
op     25   27   77   79   27   25   77   79                       -0.06766249035451124549                                                    
a_ia   76   77                                                      0.09039822771936781298                                                    
a_ia   77   78                                                     -0.00763964283190636355                                                    
mvp2   69   79   77   88   69   77   79   88                        0.00869304402162551261   -0.11989109093633262826                          
om     23   26   76   78   26   23   76   78                        0.02063533781798729261                                                    
a_ia   76   78                                                      0.00272850733988091012                                                    
a_ia   76   78                                                     -0.00017839065452415965                                                    
mvp2   23   27   77   78   27   23   77   78                        0.03489684257031957365   -0.42307570514689679664                          
a_ia   75   78                                                     -0.00472562817353005139                                                    
a_ia   23   26                                                     -0.00939254554708218378                                                    
