op     25   26   77   78   26   25   77   78                       -0.13182522312308933565                                                    
op     25   27   77   79   27   25   77   79                       -0.06766249035451124549                                                    
a_ia   76   77                                                      0.09039822771936781298                                                    
a_ia   77   78                                                     -0.00763964283190636355                                                    
mvp2   69   79   77   88   69   77   79   88                        0.00869304402162551261   -0.11989109093633262826                          
om     23   26   76   78   26   23   76   78                        0.02063533781798729261                                                    
a_ia   76   78                                                      0.00272850733988091012                                                    
a_ia   76   78                                                     -0.00017839065452415965                                                    
mvp2   23   27   77   78   27   23   77   78                        0.03489684257031957365   -0.42307570514689679664                          
a_ia   75   78                                                     -0.00472562817353005139                                                    
a_ia   23   26                                                     -0.00939254554708218378                                                    
mvp2   18   27   23   32   18   23   27   32                       -0.01405407720326821812    0.00084544757862342027                          
a_ia   24   26                                                      0.00200363090114124556                                                    
mvp2   24   27   77   79   27   24   77   79                        0.00665244417358208402   -0.16818195192281323869                          
mvp2   23   26   70   94   26   23   70   94                       -0.01153783750429933017    0.20073847472021102978                          
a_ia   75   78                                                      0.00082616457254768819                                                    
