op     25   26   77   78   26   25   77   78                       -0.10136227198404369754                                                    
op     25   27   77   79   27   25   77   79                       -0.06915637918669016726                                                    
op      0   29   52   81   29    0   52   81                       -0.01177484133385134184                                                    
op      0   51   52  103   51    0   52  103                       -0.00830012040783185620                                                    
op      0   32   52   84   32    0   52   84                       -0.00424559108292993544                                                    
op      0   31   52   83   31    0   52   83                       -0.00506325093149144652                                                    
op      0   31   52   84   31    0   52   84                       -0.00402875617639718211                                                    
op      0   40   52   92   40    0   52   92                       -0.00870300165756728202                                                    
op      0   34   52   86   34    0   52   86                       -0.00429184958545888572                                                    
op      0   45   52   97   45    0   52   97                       -0.00553557541001396033                                                    
op      0   38   52   90   38    0   52   90                       -0.00146997022220113523                                                    
op      0   48   52  100   48    0   52  100                       -0.00256420155747722313                                                    
op     24   27   77   79   27   24   77   79                        0.03130923462473095276                                                    
op      0   50   52  102   50    0   52  102                       -0.00249404787658608334                                                    
op      0   44   52   96   44    0   52   96                       -0.00147153129838133753                                                    
op     25   27   76   79   27   25   76   79                        0.02513857029736084325                                                    
op      0   47   52   99   47    0   52   99                       -0.00196562956379018553                                                    
op     24   26   76   78   26   24   76   78                       -0.00924162056961173005                                                    
a_ia   23   25                                                      0.07074405659153545911                                                    
op     25   26   72   78   26   25   72   78                       -0.02722225931178271982                                                    
mvp2   22   26   77   79   26   22   77   79                       -0.06878579502575740690   -0.65796082903468955383                          
