op     25   26   77   78   26   25   77   78                       -0.11827598064104352660                                                    
op     25   27   77   79   27   25   77   79                       -0.07389568012144037690                                                    
op      0   29   52   81   29    0   52   81                       -0.01179144585045529756                                                    
op      0   51   52  103   51    0   52  103                       -0.00904707246723823050                                                    
op      0   32   52   84   32    0   52   84                       -0.00419631757867271020                                                    
op      0   31   52   83   31    0   52   83                       -0.00507612180565824092                                                    
op      0   31   52   84   31    0   52   84                       -0.00396552906956234522                                                    
op      0   40   52   92   40    0   52   92                       -0.00864747809974843532                                                    
op      0   34   52   86   34    0   52   86                       -0.00425386674492075813                                                    
op      0   45   52   97   45    0   52   97                       -0.00558162665589355574                                                    
op      0   38   52   90   38    0   52   90                       -0.00142123549184305789                                                    
op      0   48   52  100   48    0   52  100                       -0.00258051703369766234                                                    
op     24   27   77   79   27   24   77   79                        0.03506497968258941861                                                    
op      0   50   52  102   50    0   52  102                       -0.00255859091115165490                                                    
op      0   44   52   96   44    0   52   96                       -0.00149137561332421550                                                    
op     25   27   76   79   27   25   76   79                        0.00021879677057245786                                                    
op      0   47   52   99   47    0   52   99                       -0.00205283397767612799                                                    
op     24   26   76   78   26   24   76   78                       -0.00199371027899337841                                                    
a_ia   23   25                                                      0.11418159844641338763                                                    
op     25   26   72   78   26   25   72   78                       -0.02710299082641056539                                                    
mvp2   22   26   77   79   26   22   77   79                       -0.08306941075312203326   -0.66974225417685184780                          
a_ia   22   23                                                     -0.29256257241001970559                                                    
mvp2    0   51   74   97   51    0   74   97                       -0.00694750219752698558    0.01772998202467366072                          
mvp2   25   26   75   78   26   25   75   78                        0.01268638991347951703    0.00098549464298792176                          
a_ia   76   77                                                      0.41812899212873011479                                                    
mvp2    0   40   74   97   40    0   74   97                       -0.00304361426813751180    0.00056235694525600733                          
a_ia   23   27                                                     -0.00062461434088970156                                                    
mvp2   25   27   72   79   27   25   72   79                       -0.01051415976216761410    0.33253615586029955375                          
mvp2    0   51   74   85   51    0   74   85                       -0.00139938565651115919    0.11253563304456229432                          
op      9   29   65   81   29    9   65   81                        0.00611512859213838005                                                    
mvp2    0   51   64   97   51    0   64   97                        0.00527588406766391939   -0.36092092595905683750                          
mvp2    0   51   75   97   51    0   75   97                        0.00284650799084581237   -0.20458865757824817866                          
mvp2   22   27   74   79   27   22   74   79                       -0.06350486063960228411   -0.55201846538821452981                          
