op     25   26   77   78   26   25   77   78                       -0.10174135063965632220                                                    
op     25   27   77   79   27   25   77   79                       -0.07006602563289539287                                                    
op      0   29   52   81   29    0   52   81                       -0.01177232521422023545                                                    
op      0   51   52  103   51    0   52  103                       -0.00836002618078475652                                                    
op      0   32   52   84   32    0   52   84                       -0.00416714076642152580                                                    
op      0   31   52   83   31    0   52   83                       -0.00506645108068312037                                                    
op      0   31   52   84   31    0   52   84                       -0.00391289538384013806                                                    
op      0   40   52   92   40    0   52   92                       -0.00862909198964888734                                                    
op      0   34   52   86   34    0   52   86                       -0.00422494321949482780                                                    
op      0   45   52   97   45    0   52   97                       -0.00545915487012482801                                                    
op      0   38   52   90   38    0   52   90                       -0.00144453329564630758                                                    
op      0   48   52  100   48    0   52  100                       -0.00250534851556496845                                                    
op     24   27   77   79   27   24   77   79                        0.03185241331929510034                                                    
op      0   50   52  102   50    0   52  102                       -0.00258540299066461988                                                    
op      0   44   52   96   44    0   52   96                       -0.00145233273266110407                                                    
op     25   27   76   79   27   25   76   79                        0.02533431662372442883                                                    
op      0   47   52   99   47    0   52   99                       -0.00203131232704572466                                                    
op     24   26   76   78   26   24   76   78                       -0.00893620261228592408                                                    
a_ia   23   25                                                      0.12542273810882681451                                                    
op     25   26   72   78   26   25   72   78                       -0.02715230181953194599                                                    
mvp2   22   26   77   79   26   22   77   79                       -0.07295057859461885619   -0.66123680692511466184                          
a_ia   22   23                                                     -0.29021736929736019484                                                    
