op     25   26   77   78   26   25   77   78                       -0.10192349359662336572                                                    
op     25   27   77   79   27   25   77   79                       -0.06998473623652959330                                                    
op      0   29   52   81   29    0   52   81                       -0.01167592223856272170                                                    
op      0   51   52  103   51    0   52  103                       -0.00831383461284104092                                                    
op      0   32   52   84   32    0   52   84                       -0.00422838895570653781                                                    
op      0   31   52   83   31    0   52   83                       -0.00509355451033728819                                                    
op      0   31   52   84   31    0   52   84                       -0.00401526415380031466                                                    
op      0   40   52   92   40    0   52   92                       -0.00868287832038643764                                                    
op      0   34   52   86   34    0   52   86                       -0.00427436775170705625                                                    
op      0   45   52   97   45    0   52   97                       -0.00550418770423108817                                                    
op      0   38   52   90   38    0   52   90                       -0.00142322322932278531                                                    
op      0   48   52  100   48    0   52  100                       -0.00253663302600039752                                                    
op     24   27   77   79   27   24   77   79                        0.03204033533946777645                                                    
op      0   50   52  102   50    0   52  102                       -0.00260528543710900149                                                    
op      0   44   52   96   44    0   52   96                       -0.00146845900418660861                                                    
op     25   27   76   79   27   25   76   79                        0.02551699036949384158                                                    
op      0   47   52   99   47    0   52   99                       -0.00202708994275496148                                                    
op     24   26   76   78   26   24   76   78                       -0.00883982178983683080                                                    
a_ia   23   25                                                      0.12464507588194335963                                                    
op     25   26   72   78   26   25   72   78                       -0.02738119586771035896                                                    
mvp2   22   26   77   79   26   22   77   79                       -0.07289482831831443910   -0.66193580427398335253                          
a_ia   22   23                                                     -0.29039251346974465084                                                    
mvp2    0   51   74   97   51    0   74   97                       -0.00689409579250156376    0.00108488826982269739                          
mvp2   25   26   75   78   26   25   75   78                        0.01190398814459463044    0.00003503537282304100                          
