op     25   26   77   78   26   25   77   78                       -0.09464588253674038887                                                    
op     25   27   77   79   27   25   77   79                       -0.05514332465027516755                                                    
op      0   29   52   81   29    0   52   81                       -0.01175043038582394318                                                    
op      0   51   52  103   51    0   52  103                       -0.00833966624101721912                                                    
op      0   32   52   84   32    0   52   84                       -0.00421760025735526574                                                    
op      0   31   52   83   31    0   52   83                       -0.00508446916463063670                                                    
op      0   31   52   84   31    0   52   84                       -0.00396699078583133760                                                    
op      0   40   52   92   40    0   52   92                       -0.00868719253158465980                                                    
op      0   34   52   86   34    0   52   86                       -0.00428076129310775433                                                    
op      0   45   52   97   45    0   52   97                       -0.00549351270875816661                                                    
op      0   38   52   90   38    0   52   90                       -0.00143630709954024622                                                    
op      0   48   52  100   48    0   52  100                       -0.00255720956941161677                                                    
op     24   27   77   79   27   24   77   79                        0.02798275916135527924                                                    
op      0   50   52  102   50    0   52  102                       -0.00256429654796741773                                                    
op      0   44   52   96   44    0   52   96                       -0.00148009381177850079                                                    
