op     25   26   77   78   26   25   77   78                       -0.10174128094996286176                                                    
op     25   27   77   79   27   25   77   79                       -0.07005530968763487576                                                    
op      0   29   52   81   29    0   52   81                       -0.01175458840390806135                                                    
op      0   51   52  103   51    0   52  103                       -0.00832513323299302783                                                    
op      0   32   52   84   32    0   52   84                       -0.00419460302350713621                                                    
op      0   31   52   83   31    0   52   83                       -0.00507237808360266971                                                    
op      0   31   52   84   31    0   52   84                       -0.00395213306008003820                                                    
op      0   40   52   92   40    0   52   92                       -0.00866980961727797754                                                    
op      0   34   52   86   34    0   52   86                       -0.00425727048458874636                                                    
op      0   45   52   97   45    0   52   97                       -0.00548237366000534684                                                    
op      0   38   52   90   38    0   52   90                       -0.00142368817264809482                                                    
op      0   48   52  100   48    0   52  100                       -0.00254170555228956825                                                    
op     24   27   77   79   27   24   77   79                        0.03188582431228700886                                                    
op      0   50   52  102   50    0   52  102                       -0.00253389781893873347                                                    
op      0   44   52   96   44    0   52   96                       -0.00147023605759778243                                                    
op     25   27   76   79   27   25   76   79                        0.02536733717467449384                                                    
op      0   47   52   99   47    0   52   99                       -0.00202331354237014977                                                    
op     24   26   76   78   26   24   76   78                       -0.00893382908719096182                                                    
a_ia   23   25                                                      0.12539965225998514486                                                    
op     25   26   72   78   26   25   72   78                       -0.02715554306898412124                                                    
mvp2   22   26   77   79   26   22   77   79                       -0.07294400861239487555   -0.66125959966768155240                          
a_ia   22   23                                                     -0.29022267666426981858                                                    
mvp2    0   51   74   97   51    0   74   97                       -0.00689057870859611111    0.00003576627355167270                          
