op     25   26   77   78   26   25   77   78                       -0.09464441451524513438                                                    
op     25   27   77   79   27   25   77   79                       -0.05514402518835045952                                                    
op      0   29   52   81   29    0   52   81                       -0.01173587204979703938                                                    
op      0   51   52  103   51    0   52  103                       -0.00835545289170950937                                                    
op      0   32   52   84   32    0   52   84                       -0.00422223834034994670                                                    
op      0   31   52   83   31    0   52   83                       -0.00508031602071901296                                                    
op      0   31   52   84   31    0   52   84                       -0.00396317451015945361                                                    
op      0   40   52   92   40    0   52   92                       -0.00868762369577011535                                                    
op      0   34   52   86   34    0   52   86                       -0.00429064853845742035                                                    
op      0   45   52   97   45    0   52   97                       -0.00552345992989248646                                                    
op      0   38   52   90   38    0   52   90                       -0.00144580096875638275                                                    
op      0   48   52  100   48    0   52  100                       -0.00257101127275285264                                                    
op     24   27   77   79   27   24   77   79                        0.02794578379823900796                                                    
op      0   50   52  102   50    0   52  102                       -0.00256553005808347022                                                    
