-2.618391356118578983e+02
-2.618429672612750210e+02
-2.618502121880903246e+02
-2.618575479615092831e+02
-2.618622624265295258e+02
-2.618678869039118808e+02
-2.618718246245684895e+02
-2.618742132446055848e+02
-2.618770744187821720e+02
-2.618798139249893779e+02
-2.618818503320509876e+02
-2.618857607862120176e+02
-2.618886770466925213e+02
-2.618899072429134094e+02
-2.618917669786613942e+02
-2.618927230200769145e+02
-2.618942750832188153e+02
-2.618951392868302150e+02
-2.618954461374021889e+02
-2.618977308494148133e+02
-2.618982137354519182e+02
-2.618984963520164229e+02
-2.619001555074827934e+02
-2.619002472492512084e+02
-2.619010319921001724e+02
-2.619012395981637269e+02
-2.619019315448430802e+02
-2.619034871125357995e+02
-2.619037139078055247e+02
-2.619048603610017949e+02
-2.619051040652847178e+02
-2.619054547992404878e+02
-2.619055783013516816e+02
-2.619057261565084218e+02
-2.619059060964438004e+02
-2.619062210900722221e+02
-2.619066151547705772e+02
-2.619067767304011909e+02
-2.619069645631686853e+02
-2.619070372735860133e+02
-2.619071074269107271e+02
-2.619071609117603998e+02
-2.619078201802951753e+02
-2.619080773502291208e+02
-2.619085009381486202e+02
-2.619086543343136100e+02
-2.619091917652925758e+02
-2.619092099893010186e+02
-2.619093154029770858e+02
-2.619094798368836905e+02
-2.619095940110184983e+02
-2.619097349182071071e+02
-2.619098182178407228e+02
-2.619099849895541752e+02
-2.619101893178316232e+02
-2.619102592682555155e+02
-2.619105258569364878e+02
-2.619107247469133881e+02
-2.619108665408805905e+02
-2.619109318848181829e+02
-2.619110180082387842e+02
-2.619112706304256903e+02
-2.619112995971178179e+02
-2.619113275843471911e+02
-2.619114528432156135e+02
-2.619116225979831256e+02
-2.619118941254919264e+02
-2.619120062084202232e+02
-2.619121909589345023e+02
-2.619122792978877783e+02
-2.619123208806798857e+02
-2.619123964367755093e+02
-2.619124513439967927e+02
-2.619126578711636739e+02
-2.619127089413617000e+02
-2.619127886488702757e+02
-2.619128814888500187e+02
-2.619132209325542249e+02
-2.619132502104455966e+02
-2.619132965844660248e+02
-2.619134692324270759e+02
-2.619136115732786720e+02
-2.619136754356330812e+02
-2.619136896704166020e+02
-2.619138506713201764e+02
-2.619139448663527787e+02
-2.619140035239154827e+02
-2.619140650424882892e+02
-2.619141497472664923e+02
-2.619141780965920248e+02
-2.619142319277615911e+02
-2.619143465641071202e+02
-2.619144551972235035e+02
-2.619145127610901795e+02
-2.619145529739681137e+02
-2.619145879556382965e+02
-2.619147048709738783e+02
-2.619147731551726110e+02
-2.619148683530651738e+02
-2.619149084593402108e+02
-2.619149451179611106e+02
-2.619150683649863822e+02
-2.619150770164771984e+02
-2.619151064551908235e+02
-2.619151915461471276e+02
-2.619152377217744174e+02
-2.619152866076768760e+02
-2.619153378199782765e+02
-2.619153986694400942e+02
-2.619154106630996921e+02
-2.619154354032311858e+02
-2.619154412232484219e+02
-2.619154624195359133e+02
-2.619155038415481158e+02
-2.619155575249117192e+02
-2.619156135460984274e+02
-2.619156537949456265e+02
-2.619156907117546780e+02
-2.619157025108921175e+02
-2.619157350014851886e+02
-2.619157946408852240e+02
-2.619158469168366992e+02
-2.619158514752293740e+02
-2.619158799606719867e+02
-2.619159131831249852e+02
-2.619160080353181002e+02
-2.619161742598004139e+02
-2.619162752748192133e+02
-2.619163388480753838e+02
-2.619163525550546865e+02
-2.619163686737933858e+02
-2.619163820614269866e+02
-2.619164127261896056e+02
-2.619164252394073173e+02
-2.619165658969106971e+02
-2.619165930669367981e+02
-2.619166238610121127e+02
-2.619166563032202930e+02
-2.619166920133731082e+02
-2.619166984132847915e+02
-2.619167935415042052e+02
-2.619168029589736761e+02
-2.619168701746863235e+02
-2.619168996537683824e+02
-2.619169090393875763e+02
-2.619169813909534241e+02
-2.619170010696651048e+02
-2.619170052585258190e+02
-2.619171932442483239e+02
-2.619172011378466891e+02
-2.619172377835577095e+02
-2.619173264128421010e+02
-2.619173942602495799e+02
-2.619174225373370177e+02
-2.619175118532219813e+02
-2.619175610638803278e+02
-2.619176429145413749e+02
-2.619176792410432881e+02
-2.619176838482347875e+02
-2.619177077808756735e+02
-2.619177841517015963e+02
-2.619178509949547902e+02
-2.619180061423172106e+02
-2.619180330496216129e+02
-2.619180419420227963e+02
-2.619180706564470142e+02
-2.619180768454522195e+02
-2.619182352775525828e+02
-2.619182898648866171e+02
-2.619183004847270126e+02
-2.619183968626766728e+02
-2.619184381720659758e+02
-2.619184504325954208e+02
-2.619184701203864165e+02
-2.619186079898136086e+02
-2.619186351658636909e+02
-2.619186602753574107e+02
-2.619186653166713086e+02
-2.619186905484917247e+02
-2.619187723015040774e+02
-2.619187914657679812e+02
-2.619187969316138833e+02
-2.619188466090989209e+02
-2.619188656693244184e+02
-2.619189273860383764e+02
-2.619189714623217924e+02
-2.619190745115541858e+02
-2.619190750829321246e+02
-2.619191131119462170e+02
-2.619191954075441231e+02
-2.619192443664118741e+02
-2.619193229597138952e+02
-2.619193363667358767e+02
-2.619193499306978765e+02
-2.619193803550646180e+02
-2.619194514346389155e+02
-2.619194519185596732e+02
-2.619194903108731864e+02
-2.619195071170449864e+02
-2.619195199168016188e+02
-2.619195498948213867e+02
-2.619195508616068082e+02
-2.619195641893463744e+02
-2.619195723168704149e+02
-2.619195787063234775e+02
-2.619196297281297916e+02
-2.619196361211505177e+02
-2.619196424396835141e+02
-2.619196458579108935e+02
-2.619197569329684256e+02
-2.619197868037413741e+02
-2.619197900583495198e+02
-2.619198213186392081e+02
-2.619198430067422123e+02
-2.619198986296111116e+02
-2.619199119962876807e+02
-2.619199145106936726e+02
-2.619199379403189027e+02
-2.619199654004407876e+02
-2.619200137309808269e+02
-2.619201339306331988e+02
-2.619202371471088213e+02
-2.619202381697148212e+02
-2.619202456071977281e+02
-2.619202463342517149e+02
-2.619202553684240229e+02
-2.619203056319037728e+02
-2.619203297282517724e+02
-2.619204079993855885e+02
-2.619204120681931727e+02
-2.619204221433748216e+02
-2.619204284994012255e+02
-2.619204352103902238e+02
-2.619204357252697264e+02
-2.619204605227681100e+02
-2.619204616961861802e+02
-2.619204637872584840e+02
-2.619205189949058195e+02
-2.619205268045059825e+02
-2.619205295691947981e+02
-2.619205700446947844e+02
-2.619206145053794899e+02
-2.619206838576639029e+02
-2.619206976562676914e+02
-2.619207433845527930e+02
-2.619208979071732983e+02
-2.619209425576124204e+02
-2.619209430644851864e+02
-2.619210299615821214e+02
-2.619210565199800271e+02
-2.619210704160819887e+02
-2.619210772105221849e+02
-2.619211187778121257e+02
-2.619211966674097880e+02
-2.619212689309404141e+02
-2.619212871594688181e+02
-2.619213408087397283e+02
-2.619213423500004865e+02
-2.619213565788303981e+02
-2.619213574250596821e+02
-2.619213633794462908e+02
-2.619213706173086962e+02
-2.619214064411206095e+02
-2.619214508735370828e+02
-2.619214537190808869e+02
-2.619214593970415876e+02
-2.619214976987568093e+02
-2.619215067962763897e+02
-2.619215068131969133e+02
-2.619215233755498957e+02
-2.619215417776122763e+02
-2.619215509760346094e+02
-2.619215638338889107e+02
-2.619215830390976976e+02
-2.619215892935791885e+02
-2.619216856313221911e+02
-2.619216885286713818e+02
-2.619217195558749154e+02
-2.619217289230039114e+02
-2.619217334751083968e+02
-2.619217777556207238e+02
-2.619217815834801968e+02
-2.619217973461193765e+02
-2.619218016910259053e+02
-2.619218348045200173e+02
-2.619218406946187088e+02
-2.619218446709493833e+02
-2.619218936494049217e+02
-2.619218981331661098e+02
-2.619219049018159922e+02
-2.619219207793952933e+02
-2.619219208551830889e+02
-2.619219286988516728e+02
-2.619219849842147028e+02
-2.619219897341263845e+02
-2.619219901685701757e+02
-2.619220086939748739e+02
-2.619220586211491764e+02
-2.619220768797683263e+02
-2.619220781370108853e+02
-2.619220902245747880e+02
-2.619221113325436932e+02
-2.619221118109771282e+02
-2.619221410736853954e+02
-2.619221592418891760e+02
-2.619222127915916758e+02
-2.619222559675246202e+02
-2.619222682490803891e+02
-2.619222719301948814e+02
-2.619222995194763826e+02
-2.619222998676534075e+02
-2.619223094150373186e+02
-2.619223398414372923e+02
-2.619223501920674835e+02
-2.619223508960430991e+02
-2.619223707205068763e+02
-2.619223747506197242e+02
-2.619223751862903100e+02
-2.619224531622364793e+02
-2.619224572826657891e+02
-2.619224689350982089e+02
-2.619224920714934797e+02
-2.619224995261087088e+02
-2.619225777546172935e+02
-2.619225892360344119e+02
-2.619225989121529210e+02
-2.619226037618710734e+02
-2.619226570658934747e+02
-2.619226925129776760e+02
-2.619227026212795977e+02
-2.619227066862650872e+02
-2.619227139065504844e+02
-2.619227152974253841e+02
-2.619227159786237280e+02
-2.619227651846982212e+02
-2.619228077899136906e+02
-2.619228110538114720e+02
-2.619228113516304006e+02
-2.619228247353486836e+02
-2.619228311839883077e+02
-2.619228877005581921e+02
-2.619228921451256156e+02
-2.619228931955323105e+02
-2.619229044846888996e+02
-2.619229146335986798e+02
-2.619229409880427966e+02
-2.619229413029120224e+02
-2.619229460655669186e+02
-2.619229477330865734e+02
-2.619229865933812107e+02
-2.619229922110649227e+02
-2.619229929840790874e+02
-2.619230566504119224e+02
-2.619230591944980233e+02
-2.619230607679699006e+02
-2.619230610420033827e+02
-2.619230652542261737e+02
-2.619230655822680092e+02
-2.619230662228375195e+02
-2.619230777732319098e+02
-2.619230778445125907e+02
-2.619230811516587778e+02
-2.619230818016582134e+02
-2.619230903781643747e+02
-2.619231077604047755e+02
-2.619231099093415196e+02
-2.619231243923808847e+02
-2.619231251705958243e+02
-2.619231278810751178e+02
-2.619231286244831836e+02
-2.619231311483117111e+02
-2.619231490753127787e+02
-2.619231491972622052e+02
-2.619231497374502737e+02
-2.619231498652931123e+02
-2.619231903158291743e+02
-2.619231971587515204e+02
-2.619232007301209251e+02
-2.619232009157291827e+02
-2.619232010042529168e+02
-2.619232009794014857e+02
-2.619232148378479224e+02
-2.619232147883574839e+02
-2.619232150022771179e+02
-2.619232379253364797e+02
-2.619232399767345782e+02
-2.619232404196284278e+02
-2.619232410524306829e+02
-2.619232419090055828e+02
-2.619232450319473173e+02
-2.619232456660433854e+02
-2.619232463913439233e+02
-2.619232643948906230e+02
-2.619233077600903243e+02
-2.619233081951945792e+02
-2.619233084950683974e+02
-2.619233095562952940e+02
-2.619233354630833901e+02
-2.619233353869037160e+02
-2.619233504133816268e+02
-2.619233508170834739e+02
-2.619233627901978139e+02
-2.619234007744358905e+02
-2.619234021179403840e+02
-2.619234728638505203e+02
-2.619234800645410246e+02
-2.619234802960153843e+02
-2.619234806927394743e+02
-2.619234812555350800e+02
-2.619235023255042734e+02
-2.619235515019548188e+02
-2.619235676058298736e+02
-2.619235791279209025e+02
-2.619235802114333183e+02
-2.619235912166099070e+02
-2.619235912666857757e+02
-2.619235956519133879e+02
-2.619235996566325753e+02
-2.619236130774760909e+02
-2.619236276666192111e+02
-2.619236279832679202e+02
-2.619236282922556143e+02
-2.619236287343147183e+02
-2.619236898143490748e+02
-2.619236899316558720e+02
-2.619237460290854074e+02
-2.619237554706214723e+02
-2.619237581258831256e+02
-2.619237584589736230e+02
-2.619237656151308897e+02
-2.619237657367239080e+02
-2.619237911143280257e+02
-2.619237970690675184e+02
-2.619237977556218766e+02
-2.619237977858084037e+02
-2.619237981901337093e+02
-2.619237983452673006e+02
-2.619238038486167284e+02
-2.619238275169897179e+02
-2.619238386566681811e+02
-2.619238553094710937e+02
-2.619238558592646768e+02
-2.619238642084512776e+02
-2.619238712651492165e+02
-2.619238716055169789e+02
-2.619238735701375163e+02
-2.619238802043469718e+02
-2.619238804021982787e+02
-2.619239230868886921e+02
-2.619239236775837867e+02
-2.619239273493342921e+02
-2.619239275570454879e+02
-2.619239275449958200e+02
-2.619239278957713282e+02
-2.619239280073086888e+02
-2.619239281736051908e+02
-2.619239285470624736e+02
-2.619239286272767799e+02
-2.619239675162190224e+02
-2.619239678236713758e+02
-2.619239751606668847e+02
-2.619239751933503157e+02
-2.619239773982203019e+02
-2.619239782127166905e+02
-2.619239792291522235e+02
-2.619239792885562110e+02
-2.619239811254208803e+02
-2.619239817218266921e+02
-2.619240155493440056e+02
-2.619240155646621133e+02
-2.619240486027222801e+02
-2.619240503859858222e+02
-2.619241209801608079e+02
-2.619241229468266852e+02
-2.619241230648822807e+02
-2.619241267350777775e+02
-2.619241267447192740e+02
-2.619241697302335865e+02
-2.619240909662946137e+02
-2.619240436800989187e+02
-2.619239992758451763e+02
-2.619239519573308144e+02
-2.619238927154802923e+02
-2.619238347814949179e+02
-2.619237694441131907e+02
-2.619237288301961826e+02
-2.619237013907953724e+02
-2.619236613825189011e+02
-2.619236535295456179e+02
-2.619236240277033971e+02
-2.619235967649756276e+02
-2.619235690483528742e+02
-2.619235244213335250e+02
-2.619235122597000895e+02
-2.619234597638297828e+02
-2.619234500857555759e+02
-2.619234232930414805e+02
-2.619234077817956745e+02
-2.619233706680068963e+02
-2.619233531733279960e+02
-2.619233295808845128e+02
-2.619233328754567083e+02
-2.619233245834470267e+02
-2.619233105339814074e+02
-2.619232945660398855e+02
-2.619232590375323184e+02
-2.619232209707935226e+02
-2.619232458598941093e+02
-2.619232288960835717e+02
-2.619232691478773063e+02
-2.619232843845675234e+02
-2.619232923812103877e+02
-2.619233290682954021e+02
-2.619233399488680902e+02
-2.619233966856680240e+02
-2.619234066076500085e+02
-2.619234138220098203e+02
-2.619234210600471897e+02
-2.619234300802614257e+02
-2.619234378953458986e+02
-2.619234436948652842e+02
-2.619234574442734242e+02
-2.619235021585398044e+02
-2.619235111112802770e+02
-2.619235220772587240e+02
-2.619236040517712922e+02
-2.619236203954799862e+02
-2.619236292098690910e+02
-2.619236495797263728e+02
-2.619236713495574804e+02
-2.619236748548568130e+02
-2.619236822824772730e+02
-2.619236836342093966e+02
-2.619236871635412172e+02
-2.619236996497040195e+02
-2.619237043102278903e+02
-2.619237224739920862e+02
-2.619237282221968144e+02
-2.619237471253362060e+02
-2.619237544394887891e+02
-2.619237950060938829e+02
-2.619237998179493729e+02
-2.619238482424124186e+02
-2.619238665980010978e+02
-2.619239204430422774e+02
-2.619239231112010771e+02
-2.619239409425180725e+02
-2.619239610493448254e+02
-2.619239688862156186e+02
-2.619239789521848252e+02
-2.619239843033461170e+02
-2.619239923024143195e+02
-2.619239928376184139e+02
-2.619239967694663278e+02
-2.619240161822020809e+02
-2.619240267689676784e+02
-2.619240347331490284e+02
-2.619240377241346209e+02
-2.619240426518613845e+02
-2.619240478652960746e+02
-2.619240483555229844e+02
-2.619241004363379943e+02
-2.619241082553983802e+02
-2.619241138180980784e+02
-2.619241237063912990e+02
-2.619241336519170886e+02
-2.619241382112044221e+02
-2.619241414990997896e+02
-2.619241483864522024e+02
-2.619241546973282766e+02
-2.619241744793898761e+02
-2.619241806622015929e+02
-2.619241815934681199e+02
-2.619241875185836079e+02
-2.619241944918284730e+02
-2.619241982863617864e+02
-2.619242170771696010e+02
-2.619242316642037736e+02
-2.619242492660796984e+02
-2.619242493282200144e+02
-2.619242530658344776e+02
-2.619242565081736984e+02
-2.619242738005202114e+02
-2.619242918851148829e+02
-2.619242959167008848e+02
-2.619243025268713154e+02
-2.619243034486780743e+02
-2.619243059697586773e+02
-2.619243063998442267e+02
-2.619243192259785928e+02
-2.619243202895631271e+02
-2.619243270718453118e+02
-2.619243321677420226e+02
-2.619243325030410006e+02
-2.619243518209208901e+02
-2.619243542020050199e+02
-2.619243587200174943e+02
-2.619243622573146126e+02
-2.619243878949105806e+02
-2.619243885168585280e+02
-2.619243902865945870e+02
-2.619243919946650863e+02
-2.619243955263322050e+02
-2.619243969058787229e+02
-2.619244009705317922e+02
-2.619244038942707107e+02
-2.619244052068082738e+02
-2.619244076095520199e+02
-2.619244154215642197e+02
-2.619244192446162742e+02
-2.619244195518992910e+02
-2.619244280053629836e+02
-2.619244301387345786e+02
-2.619244380085053194e+02
-2.619244389652885729e+02
-2.619244392714305150e+02
-2.619244489538663174e+02
-2.619244517626754032e+02
-2.619244524526196756e+02
