op     27   28   83   84   28   27   83   84                       -0.04289988841238250028                                                    
op     24   29   80   85   29   24   80   85                       -0.04436103223684437213                                                    
mvp2   27   28   80   85   28   27   80   85                        0.00993746107156083004    0.00009641378114901440                          
op     24   29   80   84   29   24   80   84                        0.01056139120956953517                                                    
op     24   29   80   96   29   24   80   96                        0.00817679966800470386                                                    
op     23   32   79   84   32   23   79   84                        0.00590022306774820593                                                    
op     22   28   74   84   28   22   74   84                       -0.00560731855715968733                                                    
op     26   39   80   93   39   26   80   93                        0.00642146959561418120                                                    
op     24   29   80   88   29   24   80   88                       -0.00506005106219389184                                                    
mvp2   24   28   79   84   28   24   79   84                       -0.01324466478669602751   -0.00015911046846809660                          
mvp2   24   37   26   39   24   26   39   37                        0.00602351186332978836    0.00034490948052056069                          
op     24   31   80   87   31   24   80   87                       -0.00528986011960120694                                                    
op     24   36   80   92   36   24   80   92                       -0.00659021767527780307                                                    
