op     27   28   83   84   28   27   83   84                       -0.05227000478588130633                                                    
op     24   29   80   85   29   24   80   85                       -0.04398443196941935474                                                    
mvp2   27   28   80   85   28   27   80   85                        0.00990838696086529004    0.00303581889315315736                          
op     24   29   80   84   29   24   80   84                        0.01055055640805096194                                                    
op     24   29   80   96   29   24   80   96                        0.00822802954293520676                                                    
op     23   32   79   84   32   23   79   84                        0.00453032127438551119                                                    
op     22   28   74   84   28   22   74   84                       -0.00552855653281870193                                                    
op     26   39   80   93   39   26   80   93                        0.00838773267486582486                                                    
op     24   29   80   88   29   24   80   88                       -0.00517616585384259986                                                    
mvp2   24   28   79   84   28   24   79   84                       -0.00967614194082873878   -0.01463840222889897097                          
mvp2   24   37   26   39   24   26   39   37                        0.00596199638492435346    0.11382194982216753409                          
op     24   31   80   87   31   24   80   87                       -0.00509892886488226820                                                    
op     24   36   80   92   36   24   80   92                       -0.00645561151037299299                                                    
op     25   39   80   93   39   25   80   93                        0.00938810002381271214                                                    
a_ia   79   83                                                      0.46268551198000690272                                                    
op     24   33   80   89   33   24   80   89                       -0.00937927377616877382                                                    
op     25   38   81   95   38   25   81   95                       -0.00957364848262630061                                                    
mvp2   24   37   80   89   37   24   80   89                       -0.00618437825919327874    0.00022239929592407476                          
om     24   40   80   96   40   24   80   96                       -0.00554648757461879104                                                    
om     24   33   81   89   33   24   81   89                       -0.00544915620919865073                                                    
om     23   28   78   84   28   23   78   84                        0.00815814241936672381                                                    
mvp2   23   28   83   84   28   23   83   84                        0.02289031583186757618   -0.00000390771263457566                          
mvp2   80   95   81   96   80   81   95   96                        0.00290244660701223338    0.00008622394660008532                          
mvp2   24   37   81   94   37   24   81   94                        0.00980511646843506939   -0.00006097904074512993                          
