op     27   28   83   84   28   27   83   84                       -0.05101620034358721884                                                    
op     24   29   80   85   29   24   80   85                       -0.04416656974078982806                                                    
mvp2   27   28   80   85   28   27   80   85                        0.00993487725193296055    0.00294886157607479691                          
op     24   29   80   84   29   24   80   84                        0.01056383972582746085                                                    
op     24   29   80   96   29   24   80   96                        0.00820009927481931550                                                    
op     23   32   79   84   32   23   79   84                        0.00454420710218882227                                                    
op     22   28   74   84   28   22   74   84                       -0.00557548871491080240                                                    
op     26   39   80   93   39   26   80   93                        0.00837420215432716983                                                    
op     24   29   80   88   29   24   80   88                       -0.00508838342448735860                                                    
mvp2   24   28   79   84   28   24   79   84                       -0.00966086894253325411   -0.01451386428217379780                          
mvp2   24   37   26   39   24   26   39   37                        0.00598063429320033410    0.11229402319018295942                          
op     24   31   80   87   31   24   80   87                       -0.00512493814142672525                                                    
op     24   36   80   92   36   24   80   92                       -0.00653780299048789103                                                    
op     25   39   80   93   39   25   80   93                        0.00939093890927829474                                                    
a_ia   79   83                                                      0.46336939402924237630                                                    
op     24   33   80   89   33   24   80   89                       -0.00937839762612728035                                                    
op     25   38   81   95   38   25   81   95                       -0.00958041225619344836                                                    
