op     27   28   83   84   28   27   83   84                       -0.05221334448285960828                                                    
op     24   29   80   85   29   24   80   85                       -0.04397901858079607956                                                    
mvp2   27   28   80   85   28   27   80   85                        0.00990644035953590352    0.00304127028581439255                          
op     24   29   80   84   29   24   80   84                        0.01054935654588488349                                                    
op     24   29   80   96   29   24   80   96                        0.00822530944928378735                                                    
op     23   32   79   84   32   23   79   84                        0.00453096659355990607                                                    
op     22   28   74   84   28   22   74   84                       -0.00553720446643098108                                                    
op     26   39   80   93   39   26   80   93                        0.00838398626003252455                                                    
op     24   29   80   88   29   24   80   88                       -0.00517554879186353858                                                    
mvp2   24   28   79   84   28   24   79   84                       -0.00967538109281828977   -0.01464880817049183000                          
mvp2   24   37   26   39   24   26   39   37                        0.00590598547507281257    0.11395169643641014923                          
op     24   31   80   87   31   24   80   87                       -0.00509822927343202628                                                    
op     24   36   80   92   36   24   80   92                       -0.00645457874293853175                                                    
op     25   39   80   93   39   25   80   93                        0.00938811729862694053                                                    
a_ia   79   83                                                      0.46259911725333485721                                                    
op     24   33   80   89   33   24   80   89                       -0.00937794985720866864                                                    
op     25   38   81   95   38   25   81   95                       -0.00957247541534565240                                                    
mvp2   24   37   80   89   37   24   80   89                       -0.00617439197820450307    0.00024132883447204064                          
om     24   40   80   96   40   24   80   96                       -0.00554632365470767406                                                    
om     24   33   81   89   33   24   81   89                       -0.00544968184717659499                                                    
om     23   28   78   84   28   23   78   84                        0.00816072092448113205                                                    
mvp2   23   28   83   84   28   23   83   84                        0.02288547150878803699   -0.00000446568353421865                          
mvp2   80   95   81   96   80   81   95   96                        0.00290404324461708378    0.00012941951428212473                          
mvp2   24   37   81   94   37   24   81   94                        0.00980185316965712788   -0.00011868440758982673                          
op     25   38   82   95   38   25   82   95                       -0.00580820649636714596                                                    
