op     27   28   83   84   28   27   83   84                       -0.05101202963466155288                                                    
op     24   29   80   85   29   24   80   85                       -0.04412719440227137746                                                    
mvp2   27   28   80   85   28   27   80   85                        0.00993173903346299819    0.00295725972008868731                          
op     24   29   80   84   29   24   80   84                        0.01056064120328425136                                                    
op     24   29   80   96   29   24   80   96                        0.00819564126861552916                                                    
op     23   32   79   84   32   23   79   84                        0.00454438048285045471                                                    
op     22   28   74   84   28   22   74   84                       -0.00557559517939454005                                                    
op     26   39   80   93   39   26   80   93                        0.00837884974384255250                                                    
op     24   29   80   88   29   24   80   88                       -0.00509086250342080920                                                    
mvp2   24   28   79   84   28   24   79   84                       -0.00965910197641733394   -0.01452604718756247623                          
mvp2   24   37   26   39   24   26   39   37                        0.00598221967237687856    0.11244217864078936975                          
op     24   31   80   87   31   24   80   87                       -0.00511626037221449455                                                    
op     24   36   80   92   36   24   80   92                       -0.00654225028433962161                                                    
op     25   39   80   93   39   25   80   93                        0.00938851269257968274                                                    
a_ia   79   83                                                      0.46332996513320501286                                                    
op     24   33   80   89   33   24   80   89                       -0.00937920915175298638                                                    
op     25   38   81   95   38   25   81   95                       -0.00957866960228295761                                                    
mvp2   24   37   80   89   37   24   80   89                       -0.00618803066618389425    0.00002161957188072466                          
