op     27   28   83   84   28   27   83   84                       -0.05047003853033832366                                                    
op     24   29   80   85   29   24   80   85                       -0.04410744162471316732                                                    
mvp2   27   28   80   85   28   27   80   85                        0.00989888610757928139    0.12993608963994707217                          
op     24   29   80   84   29   24   80   84                        0.01059527733082144679                                                    
op     24   29   80   96   29   24   80   96                        0.00920885765786883664                                                    
op     23   32   79   84   32   23   79   84                        0.00467149919954659189                                                    
op     22   28   74   84   28   22   74   84                       -0.00517271067488138739                                                    
op     26   39   80   93   39   26   80   93                        0.01610052226028425848                                                    
op     24   29   80   88   29   24   80   88                       -0.00511344570566530602                                                    
mvp2   24   28   79   84   28   24   79   84                       -0.01012016915196021528   -0.04941519334632392402                          
mvp2   24   37   26   39   24   26   39   37                        0.00718686945043984018    0.70534020724536927727                          
op     24   31   80   87   31   24   80   87                       -0.00503067504370018070                                                    
op     24   36   80   92   36   24   80   92                       -0.00630831545372579142                                                    
op     25   39   80   93   39   25   80   93                        0.00951279973483365807                                                    
a_ia   79   83                                                     -0.54903244628142200412                                                    
op     24   33   80   89   33   24   80   89                       -0.00919964184458136984                                                    
op     25   38   81   95   38   25   81   95                       -0.00916357307280965191                                                    
mvp2   24   37   80   89   37   24   80   89                       -0.00670366932800152329    0.08061494404970574734                          
om     24   40   80   96   40   24   80   96                       -0.00560667240402990940                                                    
om     24   33   81   89   33   24   81   89                       -0.00544372127162813177                                                    
om     23   28   78   84   28   23   78   84                        0.01016393966905804885                                                    
mvp2   23   28   83   84   28   23   83   84                        0.04304193146632075140   -0.00453826504496781646                          
mvp2   80   95   81   96   80   81   95   96                        0.00289749143117506991    0.17085589682152224622                          
mvp2   24   37   81   94   37   24   81   94                        0.00966962504135448521   -0.25509314912791997143                          
op     25   38   82   95   38   25   82   95                       -0.00576604144546206954                                                    
a_ia   79   83                                                      1.00555619144069829929                                                    
mvp2   25   38   82   93   38   25   82   93                       -0.00185021264995489628   -0.00008543192981328873                          
mvp2   25   38   83   84   38   25   83   84                       -0.00942004209954135259   -0.00130984768403174536                          
om     26   32   81   88   32   26   81   88                       -0.00516630386365783418                                                    
mvp2   24   39   80   95   39   24   80   95                       -0.00615887666347307138   -0.00001324397930024660                          
mvp2   24   37   80   88   37   24   80   88                       -0.00486037233324307719    0.00003652308894745266                          
