op     27   28   83   84   28   27   83   84                       -0.05048810041384501485                                                    
op     24   29   80   85   29   24   80   85                       -0.04407246069565798341                                                    
mvp2   27   28   80   85   28   27   80   85                        0.00989881862729588904    0.12609119869608295672                          
op     24   29   80   84   29   24   80   84                        0.01057043045205776841                                                    
op     24   29   80   96   29   24   80   96                        0.00922205181775598466                                                    
op     23   32   79   84   32   23   79   84                        0.00467208569894672025                                                    
op     22   28   74   84   28   22   74   84                       -0.00517017379494450705                                                    
op     26   39   80   93   39   26   80   93                        0.01606886186800187202                                                    
op     24   29   80   88   29   24   80   88                       -0.00527574412505785097                                                    
mvp2   24   28   79   84   28   24   79   84                       -0.01012098297621437382   -0.04946365386083146493                          
mvp2   24   37   26   39   24   26   39   37                        0.00721651778104592453    0.70766225474255772809                          
op     24   31   80   87   31   24   80   87                       -0.00501996004792755208                                                    
op     24   36   80   92   36   24   80   92                       -0.00634112711774725227                                                    
op     25   39   80   93   39   25   80   93                        0.00949747123725068476                                                    
a_ia   79   83                                                     -0.54863003501777429793                                                    
op     24   33   80   89   33   24   80   89                       -0.00915830567932514848                                                    
op     25   38   81   95   38   25   81   95                       -0.00913235000456210158                                                    
mvp2   24   37   80   89   37   24   80   89                       -0.00670604044989676473    0.08092516118204334807                          
om     24   40   80   96   40   24   80   96                       -0.00539093738130036037                                                    
om     24   33   81   89   33   24   81   89                       -0.00544220275343677579                                                    
om     23   28   78   84   28   23   78   84                        0.01016314070792059300                                                    
mvp2   23   28   83   84   28   23   83   84                        0.04303722573134832752   -0.00479867508619012933                          
mvp2   80   95   81   96   80   81   95   96                        0.00287028988313733132    0.17114383331506188846                          
mvp2   24   37   81   94   37   24   81   94                        0.00967053677062487335   -0.25607526159690774392                          
op     25   38   82   95   38   25   82   95                       -0.00559634596454585548                                                    
a_ia   79   83                                                      1.00477014447706247680                                                    
mvp2   25   38   82   93   38   25   82   93                       -0.00184415110803921260   -0.00031218016845564728                          
mvp2   25   38   83   84   38   25   83   84                       -0.00953066498197575711   -0.00547896137351955650                          
om     26   32   81   88   32   26   81   88                       -0.00472602317512124410                                                    
mvp2   24   39   80   95   39   24   80   95                       -0.00613228670747898840   -0.00011988309382813465                          
mvp2   24   37   80   88   37   24   80   88                       -0.00486578962436620514    0.00054033929309075265                          
om     25   32   82   88   32   25   82   88                       -0.00481398474641401165                                                    
a_ia   25   32                                                      0.00091822470824134148                                                    
mvp2   25   37   83   84   37   25   83   84                       -0.00685160378891174794   -0.00241613279148365084                          
