op     27   28   83   84   28   27   83   84                       -0.05036240752882872873                                                    
op     24   29   80   85   29   24   80   85                       -0.04417416026767573972                                                    
mvp2   27   28   80   85   28   27   80   85                        0.00990047300148967115    0.13114335987532704797                          
op     24   29   80   84   29   24   80   84                        0.01058512130694495151                                                    
op     24   29   80   96   29   24   80   96                        0.00921892194607827793                                                    
op     23   32   79   84   32   23   79   84                        0.00466282154181847652                                                    
op     22   28   74   84   28   22   74   84                       -0.00520143158157209979                                                    
op     26   39   80   93   39   26   80   93                        0.01610958263791882963                                                    
op     24   29   80   88   29   24   80   88                       -0.00512029743566299982                                                    
mvp2   24   28   79   84   28   24   79   84                       -0.01007916719659157287   -0.04940105429449542090                          
mvp2   24   37   26   39   24   26   39   37                        0.00718188013229148665    0.70462386345589733683                          
op     24   31   80   87   31   24   80   87                       -0.00507807712412922801                                                    
op     24   36   80   92   36   24   80   92                       -0.00637382326495345135                                                    
op     25   39   80   93   39   25   80   93                        0.00951014293441157163                                                    
a_ia   79   83                                                     -0.54915357261139685630                                                    
op     24   33   80   89   33   24   80   89                       -0.00929722229075893164                                                    
op     25   38   81   95   38   25   81   95                       -0.00922374769865787203                                                    
mvp2   24   37   80   89   37   24   80   89                       -0.00672763737202478149    0.08052030478662472457                          
om     24   40   80   96   40   24   80   96                       -0.00567334746319779828                                                    
om     24   33   81   89   33   24   81   89                       -0.00544405615244349366                                                    
om     23   28   78   84   28   23   78   84                        0.01018840623527712645                                                    
mvp2   23   28   83   84   28   23   83   84                        0.04306733477596192544   -0.00445687723773019982                          
mvp2   80   95   81   96   80   81   95   96                        0.00291032841272675143    0.17076852294779840125                          
mvp2   24   37   81   94   37   24   81   94                        0.00967297326941322227   -0.25479088696465668207                          
op     25   38   82   95   38   25   82   95                       -0.00580967955421609564                                                    
a_ia   79   83                                                      1.00580485168932032281                                                    
mvp2   25   38   82   93   38   25   82   93                       -0.00192321929541589541   -0.00001541600135107357                          
