op     27   28   83   84   28   27   83   84                       -0.05047374626155438221                                                    
op     24   29   80   85   29   24   80   85                       -0.04409672091938344335                                                    
mvp2   27   28   80   85   28   27   80   85                        0.00989877879805734981    0.12961614251097680617                          
op     24   29   80   84   29   24   80   84                        0.01057933628495106443                                                    
op     24   29   80   96   29   24   80   96                        0.00922054035616747154                                                    
op     23   32   79   84   32   23   79   84                        0.00467182837841397577                                                    
op     22   28   74   84   28   22   74   84                       -0.00517274854984854735                                                    
op     26   39   80   93   39   26   80   93                        0.01611782429371409406                                                    
op     24   29   80   88   29   24   80   88                       -0.00525578700054196626                                                    
mvp2   24   28   79   84   28   24   79   84                       -0.01011991596631530745   -0.04941906061091971142                          
mvp2   24   37   26   39   24   26   39   37                        0.00717602240982704535    0.70553073368079988192                          
op     24   31   80   87   31   24   80   87                       -0.00501581255078054327                                                    
op     24   36   80   92   36   24   80   92                       -0.00630255640242151100                                                    
op     25   39   80   93   39   25   80   93                        0.00951026758434603964                                                    
a_ia   79   83                                                     -0.54899978696279105872                                                    
op     24   33   80   89   33   24   80   89                       -0.00915382004448898542                                                    
op     25   38   81   95   38   25   81   95                       -0.00916199605573730751                                                    
mvp2   24   37   80   89   37   24   80   89                       -0.00667458667749089296    0.08064042965107137695                          
om     24   40   80   96   40   24   80   96                       -0.00562238762477814714                                                    
om     24   33   81   89   33   24   81   89                       -0.00544287582526211452                                                    
om     23   28   78   84   28   23   78   84                        0.01016372330495819709                                                    
mvp2   23   28   83   84   28   23   83   84                        0.04304251386463598533   -0.00455988328744673464                          
mvp2   80   95   81   96   80   81   95   96                        0.00290009707315133950    0.17087939940265772787                          
mvp2   24   37   81   94   37   24   81   94                        0.00966563822802525563   -0.25517386223613702789                          
op     25   38   82   95   38   25   82   95                       -0.00576473774026085590                                                    
a_ia   79   83                                                      1.00549073136341915458                                                    
mvp2   25   38   82   93   38   25   82   93                       -0.00184964693120884737   -0.00010405716264607490                          
mvp2   25   38   83   84   38   25   83   84                       -0.00941879008211742377   -0.00165476731013461235                          
om     26   32   81   88   32   26   81   88                       -0.00516403950649562196                                                    
mvp2   24   39   80   95   39   24   80   95                       -0.00616232340130841525   -0.00002199541217460484                          
mvp2   24   37   80   88   37   24   80   88                       -0.00481087244077941546    0.00007791710253158022                          
om     25   32   82   88   32   25   82   88                       -0.00500936811663560931                                                    
