op     27   28   83   84   28   27   83   84                       -0.05047377603952868386                                                    
op     24   29   80   85   29   24   80   85                       -0.04415388422405376601                                                    
mvp2   27   28   80   85   28   27   80   85                        0.00989912622752082798    0.13042916008119834204                          
op     24   29   80   84   29   24   80   84                        0.01058463897875457950                                                    
op     24   29   80   96   29   24   80   96                        0.00920940409267918120                                                    
op     23   32   79   84   32   23   79   84                        0.00467095007103480227                                                    
op     22   28   74   84   28   22   74   84                       -0.00517220839514506096                                                    
op     26   39   80   93   39   26   80   93                        0.01611197804262758104                                                    
op     24   29   80   88   29   24   80   88                       -0.00511853530969360454                                                    
mvp2   24   28   79   84   28   24   79   84                       -0.01011944338676815276   -0.04940930605697932410                          
mvp2   24   37   26   39   24   26   39   37                        0.00718397142138329451    0.70504677546193217363                          
op     24   31   80   87   31   24   80   87                       -0.00507212995607591016                                                    
op     24   36   80   92   36   24   80   92                       -0.00635907294049418634                                                    
op     25   39   80   93   39   25   80   93                        0.00950368977116480308                                                    
a_ia   79   83                                                     -0.54908273985860500677                                                    
op     24   33   80   89   33   24   80   89                       -0.00928408012949913722                                                    
op     25   38   81   95   38   25   81   95                       -0.00915314943717958525                                                    
mvp2   24   37   80   89   37   24   80   89                       -0.00672806093851354738    0.08057597260149483576                          
om     24   40   80   96   40   24   80   96                       -0.00567777249026031085                                                    
om     24   33   81   89   33   24   81   89                       -0.00544439636314165455                                                    
om     23   28   78   84   28   23   78   84                        0.01016481831002466994                                                    
mvp2   23   28   83   84   28   23   83   84                        0.04304627434401817054   -0.00450494000777582840                          
mvp2   80   95   81   96   80   81   95   96                        0.00290764667525424819    0.17081963704107541724                          
mvp2   24   37   81   94   37   24   81   94                        0.00967104583531030147   -0.25496912427134810208                          
op     25   38   82   95   38   25   82   95                       -0.00575454066068555644                                                    
a_ia   79   83                                                      1.00565678837742700225                                                    
mvp2   25   38   82   93   38   25   82   93                       -0.00185650670529295334   -0.00005681184552570516                          
mvp2   25   38   83   84   38   25   83   84                       -0.00942633495580072825   -0.00077838276251957330                          
om     26   32   81   88   32   26   81   88                       -0.00521576402924867153                                                    
