op     27   28   83   84   28   27   83   84                       -0.05050241062947449788                                                    
op     24   29   80   85   29   24   80   85                       -0.04408042046545271320                                                    
mvp2   27   28   80   85   28   27   80   85                        0.00989861377977706118    0.12576464706457859966                          
op     24   29   80   84   29   24   80   84                        0.01057041744613101616                                                    
op     24   29   80   96   29   24   80   96                        0.00921838686426992675                                                    
op     23   32   79   84   32   23   79   84                        0.00467481985891477630                                                    
op     22   28   74   84   28   22   74   84                       -0.00517223017353417649                                                    
op     26   39   80   93   39   26   80   93                        0.01616305915411020075                                                    
op     24   29   80   88   29   24   80   88                       -0.00527840419302302594                                                    
mvp2   24   28   79   84   28   24   79   84                       -0.01012078382550924555   -0.04946800485216543836                          
mvp2   24   37   26   39   24   26   39   37                        0.00717165870577417264    0.70786173416466036112                          
op     24   31   80   87   31   24   80   87                       -0.00501762123251301047                                                    
op     24   36   80   92   36   24   80   92                       -0.00629203939287547708                                                    
op     25   39   80   93   39   25   80   93                        0.00951599009976088379                                                    
a_ia   79   83                                                     -0.54859541391153388012                                                    
op     24   33   80   89   33   24   80   89                       -0.00916034690236020542                                                    
op     25   38   81   95   38   25   81   95                       -0.00915005262331687955                                                    
mvp2   24   37   80   89   37   24   80   89                       -0.00667550504018217267    0.08095208298771133792                          
om     24   40   80   96   40   24   80   96                       -0.00576119801755428044                                                    
om     24   33   81   89   33   24   81   89                       -0.00544271395826634048                                                    
om     23   28   78   84   28   23   78   84                        0.01016147191880546752                                                    
mvp2   23   28   83   84   28   23   83   84                        0.04304576877347954939   -0.00482078554162872989                          
mvp2   80   95   81   96   80   81   95   96                        0.00291497899839128927    0.17116852877726373983                          
mvp2   24   37   81   94   37   24   81   94                        0.00966546841206915829   -0.25616008894103897697                          
op     25   38   82   95   38   25   82   95                       -0.00579941319895573189                                                    
a_ia   79   83                                                      1.00470239926615900750                                                    
mvp2   25   38   82   93   38   25   82   93                       -0.00184089554235631367   -0.00033170349064668840                          
mvp2   25   38   83   84   38   25   83   84                       -0.00948000370930504599   -0.00583493791558130099                          
om     26   32   81   88   32   26   81   88                       -0.00499035902144390284                                                    
mvp2   24   39   80   95   39   24   80   95                       -0.00618112705186983549   -0.00012907186541510351                          
mvp2   24   37   80   88   37   24   80   88                       -0.00481268123293762760    0.00058389186398691978                          
om     25   32   82   88   32   25   82   88                       -0.00497459379203605591                                                    
a_ia   25   32                                                      0.00092330490368302978                                                    
mvp2   25   37   83   84   37   25   83   84                       -0.00709683445605103439   -0.00270054680928234455                          
mvp2   24   29   81   94   29   24   81   94                        0.00514133783699860254   -0.00021008557465964446                          
a_ia   80   81                                                      0.00000000000000000000                                                    
a_ia   80   81                                                     -0.10665240815356742676                                                    
mvp2   27   38   80   93   38   27   80   93                        0.00743477029269678895    0.45105369892976865387                          
mvp2   24   37   81   89   37   24   81   89                       -0.00582497673883883293    0.37270925138717919678                          
