op     27   28   83   84   28   27   83   84                       -0.04291118942143926779                                                    
op     24   29   80   85   29   24   80   85                       -0.04439895713637725255                                                    
mvp2   27   28   80   85   28   27   80   85                        0.00993880124633730183    0.00008864685620072106                          
op     24   29   80   84   29   24   80   84                        0.01057738497146634010                                                    
op     24   29   80   96   29   24   80   96                        0.00817777180668860862                                                    
op     23   32   79   84   32   23   79   84                        0.00589877915271178922                                                    
op     22   28   74   84   28   22   74   84                       -0.00560021169553062605                                                    
op     26   39   80   93   39   26   80   93                        0.00652543654841989101                                                    
op     24   29   80   88   29   24   80   88                       -0.00504061507473495176                                                    
mvp2   24   28   79   84   28   24   79   84                       -0.01324503639902602399   -0.00012778990822047084                          
mvp2   24   37   26   39   24   26   39   37                        0.00602327476139364812    0.00010722643265752459                          
