op     18   21   46   49   21   18   46   49                       -0.03618464245227117487                                                    
op     17   21   45   49   21   17   45   49                       -0.02750476129635768749                                                    
a_ia   42   49                                                     -0.00691604318465909636                                                    
a_ia   42   48                                                      0.00318623673763365582                                                    
a_ia   42   50                                                     -0.00176678094875884440                                                    
a_ia   42   52                                                      0.00642731621204594740                                                    
a_ia   44   49                                                      0.00921149508781874370                                                    
a_ia   14   21                                                     -0.00663300825870698912                                                    
op     16   20   44   48   20   16   44   48                       -0.00703115040546572426                                                    
a_ia   44   48                                                     -0.00230501842548442226                                                    
mvp2   14   22   46   49   22   14   46   49                       -0.00972749266888944981   -0.00363626074531614527                          
a_ia   16   21                                                      0.00911886682715671269                                                    
a_ia   18   22                                                      0.00127589113017185954                                                    
a_ia   42   51                                                      0.00163782923551900072                                                    
a_ia   16   22                                                      0.00384244102407699630                                                    
