op     18   21   46   49   21   18   46   49                       -0.03615349050738310421                                                    
op     17   21   45   49   21   17   45   49                       -0.02762209848839252205                                                    
a_ia   42   49                                                     -0.00704070929091056650                                                    
a_ia   42   48                                                      0.00317184748531971084                                                    
a_ia   42   50                                                     -0.00186693313826035291                                                    
a_ia   42   52                                                      0.00651551284847057006                                                    
a_ia   44   49                                                      0.00945813185735217693                                                    
a_ia   14   21                                                     -0.00677805419984896414                                                    
op     16   20   44   48   20   16   44   48                       -0.00702241258022679501                                                    
a_ia   44   48                                                     -0.00234787053522219746                                                    
mvp2   14   22   46   49   22   14   46   49                       -0.00977345507325330654   -0.00100355713589912960                          
a_ia   16   21                                                      0.00905334364699238864                                                    
