op     18   21   46   49   21   18   46   49                       -0.03539656652188787056                                                    
op     17   21   45   49   21   17   45   49                       -0.02730883724106575317                                                    
a_ia   42   49                                                     -0.00662095621652252896                                                    
a_ia   42   48                                                      0.00315634820816228841                                                    
a_ia   42   50                                                     -0.00178715616189200547                                                    
a_ia   42   52                                                      0.00637068781715697651                                                    
a_ia   44   49                                                      0.00867797129607299211                                                    
a_ia   14   21                                                     -0.00631251455970955819                                                    
op     16   20   44   48   20   16   44   48                       -0.00711086733645467477                                                    
a_ia   44   48                                                     -0.00224565110660994265                                                    
mvp2   14   22   46   49   22   14   46   49                       -0.00976916248838164379   -0.00659292820792525998                          
a_ia   16   21                                                      0.00873799769603130806                                                    
a_ia   18   22                                                      0.00139398637119427307                                                    
a_ia   42   51                                                      0.00176519648210882066                                                    
a_ia   16   22                                                      0.00340914256953162801                                                    
op     15   21   43   49   21   15   43   49                       -0.01598339106285275382                                                    
a_ia   16   25                                                      0.00541379268211973890                                                    
a_ia   16   24                                                      0.00423831538499676655                                                    
