op      9   18   37   46   18    9   37   46                        0.00152580620080605927                                                    
op      9   15   37   43   15    9   37   43                       -0.01508319068352404445                                                    
op      9   16   37   46   16    9   37   46                        0.00055477037644637538                                                    
op      5   25   33   53   25    5   33   53                       -0.04895920343892438964                                                    
op      5   16   33   53   16    5   33   53                       -0.03376336927811744715                                                    
mvp2    9   18   33   53   18    9   33   53                       -0.01205862874182179155   -0.41141695472112782550                          
mvp2    5   25   37   46   25    5   37   46                       -0.02548102925676897987    0.54713505600065626133                          
a_ia   37   46                                                      0.00189808862670433668                                                    
mvp2    5   25   33   43   25    5   33   43                       -0.01903844237080878563    0.35985244019596601683                          
mvp2    5   18    9   25    5    9   18   25                       -0.00162325549691517078    0.28056521151669500114                          
mvp3    5   16    9   25    5    9   25   16    5    9   16   25    0.01065588214568996550   -0.13007347445006700593    0.39556105408048608529
mvp2    5   16   33   44   16    5   33   44                       -0.01031482230988006385    0.04674424862049900153                          
a_ia   44   53                                                     -0.44762420390485380128                                                    
mvp2    5   16   33   43   16    5   33   43                       -0.01768364658335814035    0.03246162959765144101                          
a_ia    9   18                                                     -0.00139063633203371497                                                    
mvp2    5   15   33   53   15    5   33   53                       -0.01702171141160702811   -0.46610732888201206192                          
a_ia   33   53                                                     -0.00141134703072189342                                                    
mvp2    5   15   33   44   15    5   33   44                       -0.01360225579298402626   -0.09410118228819695785                          
a_ia    5   15                                                     -0.00294355583668505028                                                    
op      5   22   33   50   22    5   33   50                       -0.01669945505895020776                                                    
a_ia   33   42                                                     -0.00470442717230358000                                                    
mvp2    5   22   33   42   22    5   33   42                       -0.00789275452865358107   -0.03073303729542756213                          
mvp2    5   15   33   43   15    5   33   43                       -0.01675288631287492197    0.07024506656135730276                          
mvp3   33   44   37   53   33   37   53   44   33   37   44   53    0.01109644790808765602   -0.07667657243902531450    0.48859774738959477203
a_ia    5   16                                                     -0.00229978446247056361                                                    
mvp2    5   16   37   46   16    5   37   46                       -0.01589910683936709632    0.22052015437527372477                          
mvp2    5   16   33   50   16    5   33   50                       -0.00907035666740316389   -0.05881139149189129611                          
a_ia   46   50                                                      0.24422184636268789992                                                    
mvp2    9   15   37   46   15    9   37   46                        0.00970632810623676782    0.27966121371153068731                          
mvp2    9   15   33   53   15    9   33   53                        0.00018244382324675683    0.02357584466109830315                          
op      5   20   33   48   20    5   33   48                       -0.01058263369909483338                                                    
a_ia    5   20                                                      0.00093488278296874263                                                    
a_ia   33   50                                                     -0.00179320352328558971                                                    
mvp2    9   26   37   46   26    9   37   46                        0.01052108299221285112    0.58245862641505530277                          
a_ia   37   46                                                      0.00005195244836993017                                                    
mvp2    5   26   37   46   26    5   37   46                        0.00517115498032944768    0.34336568861135668973                          
mvp2    9   23   33   53   23    9   33   53                        0.01117712552266533939    0.60865710077134027589                          
a_ia   33   53                                                      0.00343906311429436305                                                    
mvp2    9   23   37   51   23    9   37   51                       -0.01326938232818523737    0.68859718887711740543                          
a_ia   33   37                                                     -0.11615425600781748017                                                    
mvp2    5   18   33   50   18    5   33   50                        0.00674342340935129604    0.01120310307868363844                          
mvp2    9   18   37   51   18    9   37   51                        0.01323841986381986933   -0.26695518193715617183                          
a_ia   14   25                                                      0.44002452839811317942                                                    
mvp2    5   18   33   46   18    5   33   46                       -0.00533267157698959389    0.01347845427592866269                          
a_ia   37   46                                                     -0.00314714086543996545                                                    
mvp2    9   26   37   54   26    9   37   54                       -0.01024403363115633514    0.75162796724122837855                          
op     10   16   38   44   16   10   38   44                       -0.01977354113529831287                                                    
a_ia    5   25                                                      0.00238435853383213263                                                    
