op      9   18   37   46   18    9   37   46                        0.00410808602803428274                                                    
op      9   15   37   43   15    9   37   43                       -0.01432058479468077163                                                    
op      9   16   37   46   16    9   37   46                       -0.00114338784635661418                                                    
op      5   25   33   53   25    5   33   53                       -0.05162967179400237278                                                    
op      5   16   33   53   16    5   33   53                       -0.03845050703068739889                                                    
mvp2    9   18   33   53   18    9   33   53                       -0.01771292023567100360   -0.51916167579683103472                          
mvp2    5   25   37   46   25    5   37   46                       -0.03102253699978214235    0.47666253315401913015                          
a_ia   37   46                                                      0.00215713872715654099                                                    
mvp2    5   25   33   43   25    5   33   43                       -0.01875320866147242929    0.30019063793862249545                          
mvp2    5   18    9   25    5    9   18   25                       -0.00172733187593835389    0.16124951623765229614                          
mvp3    5   16    9   25    5    9   25   16    5    9   16   25    0.01369499254502760596   -0.15223438749175133289    0.39762094771237588287
mvp2    5   16   33   44   16    5   33   44                       -0.00968561343702354846    0.07242311898596016928                          
a_ia   44   53                                                     -0.42581157467377722670                                                    
mvp2    5   16   33   43   16    5   33   43                       -0.01943921389170024175    0.07920651099799032313                          
a_ia    9   18                                                     -0.00178688209596379187                                                    
mvp2    5   15   33   53   15    5   33   53                       -0.01615819561000694099   -0.49982934391738070845                          
a_ia   33   53                                                     -0.00244330659836883247                                                    
mvp2    5   15   33   44   15    5   33   44                       -0.01328976779306967858   -0.13685700782450846424                          
a_ia    5   15                                                     -0.00235231033249559424                                                    
op      5   22   33   50   22    5   33   50                       -0.01662248355448014622                                                    
a_ia   33   42                                                     -0.00001401149620052216                                                    
mvp2    5   22   33   42   22    5   33   42                       -0.00851120473654845555   -0.03526538991916727817                          
mvp2    5   15   33   43   15    5   33   43                       -0.01583129632548552906    0.07229948008012032634                          
mvp3   33   44   37   53   33   37   53   44   33   37   44   53    0.01079373371934443798   -0.10253141720744522736    0.47527012348295122335
a_ia    5   16                                                     -0.00252427439159449464                                                    
mvp2    5   16   37   46   16    5   37   46                       -0.01960559470784258018    0.26142180849296864364                          
mvp2    5   16   33   50   16    5   33   50                       -0.00805891838436801830   -0.04641620300363504675                          
a_ia   46   50                                                      0.24115162212934462826                                                    
mvp2    9   15   37   46   15    9   37   46                        0.01082465633386136931    0.28585835779479423779                          
mvp2    9   15   33   53   15    9   33   53                       -0.00018926021001375887    0.04042384979459933553                          
op      5   20   33   48   20    5   33   48                       -0.01037238513972393861                                                    
a_ia    5   20                                                      0.00083914907123059973                                                    
a_ia   33   50                                                     -0.00175310173775855278                                                    
mvp2    9   26   37   46   26    9   37   46                        0.01394188805981207320    0.59700500806058254266                          
a_ia   37   46                                                      0.00027477065904028223                                                    
mvp2    5   26   37   46   26    5   37   46                        0.00598947965562718777    0.26773695473518110965                          
mvp2    9   23   33   53   23    9   33   53                        0.01068233742574491510    0.61780288104255587367                          
a_ia   33   53                                                      0.00474884794576111140                                                    
mvp2    9   23   37   51   23    9   37   51                       -0.01306799862696749089    0.47982095849548839217                          
a_ia   33   37                                                     -0.12711197798229717515                                                    
mvp2    5   18   33   50   18    5   33   50                        0.00669956907723217622    0.01269195692688212043                          
mvp2    9   18   37   51   18    9   37   51                        0.01253085807606314772   -0.35460906883926784916                          
a_ia   14   25                                                      0.35331649985755730903                                                    
mvp2    5   18   33   46   18    5   33   46                       -0.00537045551446032644    0.00009636573615827491                          
a_ia   37   46                                                     -0.00323739993505415581                                                    
mvp2    9   26   37   54   26    9   37   54                       -0.01011752308603115422    0.62621332412663155420                          
op     10   16   38   44   16   10   38   44                       -0.01949481365472814295                                                    
a_ia    5   25                                                      0.00031002288331770427                                                    
mvp2    5   25   33   42   25    5   33   42                        0.00878822149393263322   -0.38596170915095528997                          
op      9   27   37   55   27    9   37   55                       -0.00662153785676891909                                                    
mvp2    5   14   33   42   14    5   33   42                       -0.01716464800456583839    0.01154772356578592785                          
mvp2    5   14   33   50   14    5   33   50                       -0.00873194355176008796    0.06966180146866418621                          
a_ia   37   45                                                      0.00097627371077465620                                                    
mvp2    9   18   37   54   18    9   37   54                        0.01024490965848650834   -0.15795120839907722532                          
a_ia    9   22                                                      0.00143777981364915796                                                    
mvp2    5   25   35   51   25    5   35   51                        0.00916467812272003107   -0.51090379808287844643                          
a_ia    5   25                                                      0.00239941482753192655                                                    
mvp2    5   16   35   44   16    5   35   44                        0.01089531981109961162   -0.49361998301975268388                          
mvp2    7   15   35   43   15    7   35   43                       -0.01456888410566605820    0.01378362724434142352                          
a_ia   35   43                                                      0.00171442721849584937                                                    
mvp2    5   25   33   54   25    5   33   54                        0.00658133169753034354   -0.32512487052088001604                          
mvp2    7   23   37   46   23    7   37   46                        0.00850983628888628794    0.62879665716631227834                          
mvp2    7   23   37   54   23    7   37   54                       -0.00464905107699502187    0.00010877839499485622                          
