op      9   18   37   46   18    9   37   46                       -0.00181937133161184602                                                    
op      9   15   37   43   15    9   37   43                       -0.01670607786495049638                                                    
op      9   16   37   46   16    9   37   46                       -0.00292080337619422207                                                    
op      5   25   33   53   25    5   33   53                       -0.03968898693555370644                                                    
op      5   16   33   53   16    5   33   53                       -0.02581275294011933438                                                    
mvp2    9   18   33   53   18    9   33   53                       -0.00322785130694800554   -0.32636101895412744645                          
mvp2    5   25   37   46   25    5   37   46                       -0.02337913298803107054    0.49660166017407281203                          
a_ia   37   46                                                     -0.00255615513699310702                                                    
mvp2    5   25   33   43   25    5   33   43                       -0.01750746303724294572    0.39307689086905672760                          
mvp2    5   18    9   25    5    9   18   25                        0.00163400133059753410    0.48314454072639123616                          
mvp3    5   16    9   25    5    9   25   16    5    9   16   25    0.00995287604444126950   -0.13999446771129772649    0.45030706607446552292
mvp2    5   16   33   44   16    5   33   44                       -0.01119200279840362570   -0.03808670602030830160                          
a_ia   44   53                                                     -0.56506113277566283326                                                    
mvp2    5   16   33   43   16    5   33   43                       -0.01500050527269551452   -0.11129818279959460825                          
a_ia    9   18                                                     -0.00266616574566007000                                                    
mvp2    5   15   33   53   15    5   33   53                       -0.01244313847191975096   -0.66492952545486705418                          
