op      9   18   37   46   18    9   37   46                        0.00173025912681871270                                                    
op      9   15   37   43   15    9   37   43                       -0.01414905987568165074                                                    
op      9   16   37   46   16    9   37   46                        0.00112584063033613563                                                    
op      5   25   33   53   25    5   33   53                       -0.05078110355881242793                                                    
op      5   16   33   53   16    5   33   53                       -0.03741368444007499988                                                    
mvp2    9   18   33   53   18    9   33   53                       -0.01628503937474623520   -0.47762131105657928964                          
mvp2    5   25   37   46   25    5   37   46                       -0.02726979414467179536    0.47908623160797442209                          
a_ia   37   46                                                      0.00201935574532344014                                                    
mvp2    5   25   33   43   25    5   33   43                       -0.01932734142180497425    0.33306408201257753365                          
mvp2    5   18    9   25    5    9   18   25                       -0.00003977143553694413    0.19089226105592618787                          
mvp3    5   16    9   25    5    9   25   16    5    9   16   25    0.01167015343841328219   -0.14273675636062427285    0.39452818485959434414
mvp2    5   16   33   44   16    5   33   44                       -0.00950164271339579668    0.06873817581899963058                          
a_ia   44   53                                                     -0.41003421809396201070                                                    
mvp2    5   16   33   43   16    5   33   43                       -0.01928864233542765608    0.06810752743845555068                          
a_ia    9   18                                                     -0.00205670231375672903                                                    
mvp2    5   15   33   53   15    5   33   53                       -0.01659236854352323307   -0.48822963257874607557                          
a_ia   33   53                                                     -0.00139497784922906114                                                    
mvp2    5   15   33   44   15    5   33   44                       -0.01331188162683598179   -0.13400190053239380283                          
a_ia    5   15                                                     -0.00270447786763058440                                                    
op      5   22   33   50   22    5   33   50                       -0.01663599965496438682                                                    
a_ia   33   42                                                     -0.00052603694288197922                                                    
mvp2    5   22   33   42   22    5   33   42                       -0.00851365386646238918   -0.03472353147030911302                          
mvp2    5   15   33   43   15    5   33   43                       -0.01602060400647738539    0.07783755418873575249                          
mvp3   33   44   37   53   33   37   53   44   33   37   44   53    0.01090370221404071346   -0.10503076931886946854    0.50394888360755429879
a_ia    5   16                                                     -0.00283653648359538093                                                    
mvp2    5   16   37   46   16    5   37   46                       -0.01802501289631428666    0.22958323916960160505                          
mvp2    5   16   33   50   16    5   33   50                       -0.00800066968460334121   -0.07541471040368466494                          
a_ia   46   50                                                      0.24825585743492051272                                                    
mvp2    9   15   37   46   15    9   37   46                        0.00833969193532477400    0.28811955020573654096                          
mvp2    9   15   33   53   15    9   33   53                        0.00024668373249258209    0.03971814587756870157                          
op      5   20   33   48   20    5   33   48                       -0.01035509016702282174                                                    
a_ia    5   20                                                      0.00089986699707480123                                                    
a_ia   33   50                                                     -0.00207665826340374922                                                    
mvp2    9   26   37   46   26    9   37   46                        0.01028333910455318280    0.66695959326338771778                          
a_ia   37   46                                                      0.00105735442156469151                                                    
mvp2    5   26   37   46   26    5   37   46                        0.00517733792439298290    0.28007112409955353671                          
mvp2    9   23   33   53   23    9   33   53                        0.01094909945459680324    0.63029606031752349882                          
a_ia   33   53                                                      0.00380006121526415804                                                    
mvp2    9   23   37   51   23    9   37   51                       -0.01308052713230902983    0.51387981415200378876                          
a_ia   33   37                                                     -0.14098960190214385180                                                    
mvp2    5   18   33   50   18    5   33   50                        0.00673342073696413766    0.02540002786014833661                          
mvp2    9   18   37   51   18    9   37   51                        0.01283695241114961305   -0.32184798073676662566                          
a_ia   14   25                                                      0.36439030293173513275                                                    
mvp2    5   18   33   46   18    5   33   46                       -0.00534786768623097576    0.01921058595432018415                          
a_ia   37   46                                                     -0.00381709596376532314                                                    
mvp2    9   26   37   54   26    9   37   54                       -0.01009083828411513721    0.70485808745535261099                          
op     10   16   38   44   16   10   38   44                       -0.01952173018006601174                                                    
a_ia    5   25                                                     -0.00019947893085711611                                                    
mvp2    5   25   33   42   25    5   33   42                        0.00892383237411248191   -0.38881661017280166881                          
op      9   27   37   55   27    9   37   55                       -0.00659637456395413286                                                    
mvp2    5   14   33   42   14    5   33   42                       -0.01726504020987539370    0.00154996649295263255                          
mvp2    5   14   33   50   14    5   33   50                       -0.00874079117847398161    0.05126509948686638896                          
a_ia   37   45                                                      0.00094372370070642392                                                    
mvp2    9   18   37   54   18    9   37   54                        0.01041843675876168163   -0.12058535263408112770                          
a_ia    9   22                                                      0.00123617801603721788                                                    
mvp2    5   25   35   51   25    5   35   51                        0.00872169265801147134   -0.51971983313573644203                          
a_ia    5   25                                                      0.00288147976533304883                                                    
mvp2    5   16   35   44   16    5   35   44                        0.01099040723419546055   -0.49635238084893679167                          
mvp2    7   15   35   43   15    7   35   43                       -0.01465978742995627422    0.00005864834670224031                          
a_ia   35   43                                                      0.00186156288472027510                                                    
