op      9   18   37   46   18    9   37   46                       -0.00352303965054756411                                                    
op      9   15   37   43   15    9   37   43                       -0.01635489472336004724                                                    
op      9   16   37   46   16    9   37   46                       -0.00241299605982569143                                                    
op      5   25   33   53   25    5   33   53                       -0.04162041156408877174                                                    
op      5   16   33   53   16    5   33   53                       -0.02644653803852218751                                                    
mvp2    9   18   33   53   18    9   33   53                       -0.00509134304399856338   -0.27983353973353142230                          
mvp2    5   25   37   46   25    5   37   46                       -0.02285361179833533818    0.48260647635148185008                          
a_ia   37   46                                                     -0.00258980218371283140                                                    
mvp2    5   25   33   43   25    5   33   43                       -0.01791838157078682464    0.38537437899695958787                          
mvp2    5   18    9   25    5    9   18   25                        0.00313457778299439539    0.44620432831115225403                          
mvp3    5   16    9   25    5    9   25   16    5    9   16   25    0.00926301137801563076   -0.11313563030587606151    0.48245175871230938647
mvp2    5   16   33   44   16    5   33   44                       -0.00952566579080462925   -0.03230877395966768456                          
a_ia   44   53                                                     -0.58486094961721402097                                                    
mvp2    5   16   33   43   16    5   33   43                       -0.01499249345027462398   -0.15012996074395290602                          
a_ia    9   18                                                     -0.00267465899469257820                                                    
mvp2    5   15   33   53   15    5   33   53                       -0.01461658129719710549   -0.65174869395565737662                          
a_ia   33   53                                                      0.00162718689152660393                                                    
mvp2    5   15   33   44   15    5   33   44                       -0.01518398118094833361   -0.00508689234501642686                          
a_ia    5   15                                                     -0.00289157021947750777                                                    
op      5   22   33   50   22    5   33   50                       -0.01598365218187299333                                                    
a_ia   33   42                                                     -0.00396927172802206876                                                    
mvp2    5   22   33   42   22    5   33   42                       -0.00808749169716285222   -0.00265618262873294460                          
mvp2    5   15   33   43   15    5   33   43                       -0.01675586418541274991   -0.01272901858363558250                          
mvp3   33   44   37   53   33   37   53   44   33   37   44   53    0.00844802313111970953   -0.23026968307223288912    0.46294231384316636424
a_ia    5   16                                                     -0.00229417984214113930                                                    
mvp2    5   16   37   46   16    5   37   46                       -0.00820794715028267362    0.00019914495182088025                          
mvp2    5   16   33   50   16    5   33   50                       -0.00845547018305332215   -0.00006532416903106513                          
