op      9   18   37   46   18    9   37   46                        0.00192099948088359082                                                    
op      9   15   37   43   15    9   37   43                       -0.01458037785483794202                                                    
op      9   16   37   46   16    9   37   46                        0.00017383532226495710                                                    
op      5   25   33   53   25    5   33   53                       -0.04846394124148456495                                                    
op      5   16   33   53   16    5   33   53                       -0.04654349521598819678                                                    
mvp2    9   18   33   53   18    9   33   53                       -0.02425155675251745857   -0.60543866956719083472                          
mvp2    5   25   37   46   25    5   37   46                       -0.02826874009985205424    0.43088736953115530648                          
a_ia   37   46                                                      0.00296543001954498653                                                    
mvp2    5   25   33   43   25    5   33   43                       -0.01711851338852530061    0.09221752356583959309                          
mvp2    5   18    9   25    5    9   18   25                       -0.00430961359751565014   -0.01782411658954513936                          
mvp3    5   16    9   25    5    9   25   16    5    9   16   25    0.01337697668157413790   -0.13515340061913264091    0.38850477529905097507
mvp2    5   16   33   44   16    5   33   44                       -0.00963045041985639318    0.10657652405284437358                          
a_ia   44   53                                                     -0.38603737971580659449                                                    
mvp2    5   16   33   43   16    5   33   43                       -0.02301491772604526143    0.23431318195742667498                          
a_ia    9   18                                                     -0.00216067908554974349                                                    
mvp2    5   15   33   53   15    5   33   53                       -0.01610051016094895746   -0.63519994151216285783                          
a_ia   33   53                                                     -0.00142132465508001244                                                    
mvp2    5   15   33   44   15    5   33   44                       -0.01340082677699887953   -0.11686568035050476366                          
a_ia    5   15                                                     -0.00280249566956297224                                                    
op      5   22   33   50   22    5   33   50                       -0.01653285218089292630                                                    
a_ia   33   42                                                     -0.00144975078400475920                                                    
mvp2    5   22   33   42   22    5   33   42                       -0.00848671775161380544   -0.81829397506397294482                          
mvp2    5   15   33   43   15    5   33   43                       -0.01570036398013605061    0.26558688117261358697                          
mvp3   33   44   37   53   33   37   53   44   33   37   44   53    0.01089948114305220629   -0.12503642004046758296    0.41525749602816158790
a_ia    5   16                                                     -0.00270534229583877656                                                    
mvp2    5   16   37   46   16    5   37   46                       -0.02276793776505956282    0.42641083777682570188                          
mvp2    5   16   33   50   16    5   33   50                       -0.00722830107089009535    0.00313822523730204099                          
a_ia   46   50                                                      0.22600103848589045419                                                    
mvp2    9   15   37   46   15    9   37   46                        0.01109783211601518722    0.26898569605686073469                          
mvp2    9   15   33   53   15    9   33   53                       -0.00010569087176736892    0.03009069619817355060                          
op      5   20   33   48   20    5   33   48                       -0.01036360911018076661                                                    
a_ia    5   20                                                      0.00095927019586260047                                                    
a_ia   33   50                                                     -0.00161449668346568377                                                    
mvp2    9   26   37   46   26    9   37   46                        0.01660270156252403873    0.42025001145076418263                          
a_ia   37   46                                                      0.00015445724190408944                                                    
mvp2    5   26   37   46   26    5   37   46                        0.00663459713137024270    0.29778248531328949111                          
mvp2    9   23   33   53   23    9   33   53                        0.01117084097502841523    0.64394775716503782625                          
a_ia   33   53                                                      0.00422624816494999393                                                    
mvp2    9   23   37   51   23    9   37   51                       -0.01282794026447034441    0.32293844814769850915                          
a_ia   33   37                                                     -0.11545496565954474488                                                    
mvp2    5   18   33   50   18    5   33   50                        0.00665654964779373130   -0.00968255072263476436                          
mvp2    9   18   37   51   18    9   37   51                        0.01246258399023141006   -0.46336876770184076690                          
a_ia   14   25                                                      0.34268308271012121180                                                    
mvp2    5   18   33   46   18    5   33   46                       -0.00534336497767380365    0.00378988163793397056                          
a_ia   37   46                                                     -0.00277865312741840077                                                    
mvp2    9   26   37   54   26    9   37   54                       -0.00520971674700866205    0.26955200026988240802                          
op     10   16   38   44   16   10   38   44                       -0.01378715807273784774                                                    
a_ia    5   25                                                     -0.00131156187216828544                                                    
mvp2    5   25   33   42   25    5   33   42                        0.00904936410952914862   -0.34879696430215711977                          
op      9   27   37   55   27    9   37   55                       -0.00669234097561437462                                                    
mvp2    5   14   33   42   14    5   33   42                       -0.01730473570865264515    0.03104995382451593289                          
mvp2    5   14   33   50   14    5   33   50                       -0.00871312221302060833    0.15230100912254743162                          
a_ia   37   45                                                      0.00107424740038287721                                                    
mvp2    9   18   37   54   18    9   37   54                        0.00725528261174078915   -0.06196613419241454868                          
a_ia    9   22                                                      0.00125932579483254065                                                    
mvp2    5   25   35   51   25    5   35   51                        0.01048249439110382833   -0.57747378737797916415                          
a_ia    5   25                                                      0.00393917422476610345                                                    
mvp2    5   16   35   44   16    5   35   44                        0.01285872040176549470   -0.77373624351981007408                          
mvp2    7   15   35   43   15    7   35   43                       -0.01313478003293529206    0.04338613685377201712                          
a_ia   35   43                                                      0.00317519625363766721                                                    
mvp2    5   25   33   54   25    5   33   54                        0.00667504241227012338   -0.37017280211652792143                          
mvp2    7   23   37   46   23    7   37   46                        0.00829103058061177005    0.74288430925923054637                          
mvp2    7   23   37   54   23    7   37   54                       -0.00438140703175410318    0.42678346636209307796                          
mvp2    9   23   37   54   23    9   37   54                       -0.00743176257888224744    0.13627496009256795384                          
a_ia    9   14                                                     -0.00349042489823485043                                                    
mvp2    7   16   35   44   16    7   35   44                       -0.01514523073920618496   -0.50681594639106486433                          
a_ia   33   41                                                      0.08156642365873834066                                                    
a_ia   35   38                                                     -0.46681404411940330412                                                    
