op      9   18   37   46   18    9   37   46                       -0.00195161205000216509                                                    
op      9   15   37   43   15    9   37   43                       -0.01684225597935136085                                                    
op      9   16   37   46   16    9   37   46                       -0.00295976069622341537                                                    
op      5   25   33   53   25    5   33   53                       -0.03979898476968387472                                                    
op      5   16   33   53   16    5   33   53                       -0.02589723419003282789                                                    
mvp2    9   18   33   53   18    9   33   53                       -0.00297846948114505010   -0.32619582774271033143                          
mvp2    5   25   37   46   25    5   37   46                       -0.02332813727996576117    0.49651554806647868467                          
a_ia   37   46                                                     -0.00267045977706721225                                                    
mvp2    5   25   33   43   25    5   33   43                       -0.01753343053164808582    0.39306711528960880386                          
mvp2    5   18    9   25    5    9   18   25                        0.00174857780336631755    0.48302081974941268872                          
mvp3    5   16    9   25    5    9   25   16    5    9   16   25    0.00990686713303228286   -0.13989824252315896658    0.45042414782884093727
mvp2    5   16   33   44   16    5   33   44                       -0.01134720701384554081   -0.03806398166725309673                          
a_ia   44   53                                                     -0.56508563356451158022                                                    
mvp2    5   16   33   43   16    5   33   43                       -0.01458303159571804064   -0.11142039291761876574                          
a_ia    9   18                                                     -0.00263120916342042370                                                    
mvp2    5   15   33   53   15    5   33   53                       -0.01274519705284378468   -0.66491157787445764882                          
a_ia   33   53                                                      0.00196309573329885674                                                    
mvp2    5   15   33   44   15    5   33   44                       -0.01442738288650206521   -0.00001798755719998636                          
