op      9   18   37   46   18    9   37   46                        0.00048686213818132415                                                    
op      9   15   37   43   15    9   37   43                       -0.01510287825260129939                                                    
op      9   16   37   46   16    9   37   46                        0.00135913598828787908                                                    
op      5   25   33   53   25    5   33   53                       -0.04860033703526759480                                                    
op      5   16   33   53   16    5   33   53                       -0.03361251484192928629                                                    
mvp2    9   18   33   53   18    9   33   53                       -0.01382483838201790938   -0.40670799570489035712                          
mvp2    5   25   37   46   25    5   37   46                       -0.02680336447974850447    0.51789298918717829867                          
a_ia   37   46                                                      0.00156851550783830996                                                    
mvp2    5   25   33   43   25    5   33   43                       -0.01863007142207936256    0.37409035113489791380                          
mvp2    5   18    9   25    5    9   18   25                        0.00055863817384026399    0.24066531597393553410                          
mvp3    5   16    9   25    5    9   25   16    5    9   16   25    0.01111981376101133304   -0.14383620381021833268    0.42929501703270828150
mvp2    5   16   33   44   16    5   33   44                       -0.01054482203006003489    0.05295162917666513397                          
a_ia   44   53                                                     -0.43666900271174047266                                                    
mvp2    5   16   33   43   16    5   33   43                       -0.01779052737779257196    0.04453435417754610104                          
a_ia    9   18                                                     -0.00158636690381321814                                                    
mvp2    5   15   33   53   15    5   33   53                       -0.01665954454762711215   -0.48602465927785670763                          
a_ia   33   53                                                     -0.00170266750250980931                                                    
mvp2    5   15   33   44   15    5   33   44                       -0.01366436868734581880   -0.12079072704452352427                          
a_ia    5   15                                                     -0.00301901366434279613                                                    
op      5   22   33   50   22    5   33   50                       -0.01669847603158446450                                                    
a_ia   33   42                                                      0.00060731509439893657                                                    
mvp2    5   22   33   42   22    5   33   42                       -0.00852365161693069764   -0.03493125552097155889                          
mvp2    5   15   33   43   15    5   33   43                       -0.01628576298247623802    0.07531908369514334067                          
mvp3   33   44   37   53   33   37   53   44   33   37   44   53    0.01098920809598191196   -0.10333495838285569612    0.47347914823509568150
a_ia    5   16                                                     -0.00256569430980524600                                                    
mvp2    5   16   37   46   16    5   37   46                       -0.01590085578891013360    0.24171893032538416257                          
mvp2    5   16   33   50   16    5   33   50                       -0.00908725561553421976   -0.07769171523012413649                          
a_ia   46   50                                                      0.23367958918087261555                                                    
mvp2    9   15   37   46   15    9   37   46                        0.00926382179021049794    0.26045988322295621220                          
mvp2    9   15   33   53   15    9   33   53                        0.00081907897174733147    0.01138548299302399695                          
op      5   20   33   48   20    5   33   48                       -0.01040172300158591877                                                    
a_ia    5   20                                                      0.00089110873188150835                                                    
a_ia   33   50                                                     -0.00206841574018809321                                                    
mvp2    9   26   37   46   26    9   37   46                        0.01043116260540747665    0.73161243033081480025                          
a_ia   37   46                                                      0.00220567721342338147                                                    
mvp2    5   26   37   46   26    5   37   46                        0.00523384262697550607    0.28789936574753888232                          
mvp2    9   23   33   53   23    9   33   53                        0.01101621597311166004    0.62513528241993576717                          
a_ia   33   53                                                      0.00389503616410791925                                                    
mvp2    9   23   37   51   23    9   37   51                       -0.01317225732286624387    0.63081747012972499977                          
a_ia   33   37                                                     -0.11207757468403836687                                                    
mvp2    5   18   33   50   18    5   33   50                        0.00672509623636043889    0.02255419913153640030                          
mvp2    9   18   37   51   18    9   37   51                        0.01297393665594902441   -0.30790364298403150034                          
a_ia   14   25                                                      0.42079673418859464551                                                    
mvp2    5   18   33   46   18    5   33   46                       -0.00520169204592913718    0.04017388234363125643                          
a_ia   37   46                                                     -0.00456787076530723937                                                    
mvp2    9   26   37   54   26    9   37   54                       -0.01018287829335065911    0.72630774549124810235                          
op     10   16   38   44   16   10   38   44                       -0.01978452362639468790                                                    
a_ia    5   25                                                      0.00254302936337003939                                                    
mvp2    5   25   33   42   25    5   33   42                        0.00807683284378848260   -0.44310363000927449617                          
op      9   27   37   55   27    9   37   55                       -0.00661867031350367278                                                    
mvp2    5   14   33   42   14    5   33   42                       -0.01730400531168348535    0.00014743026697077341                          
mvp2    5   14   33   50   14    5   33   50                       -0.00866878994625487447    0.00013809858817238191                          
a_ia   37   45                                                      0.00081429154163745372                                                    
mvp2    9   18   37   54   18    9   37   54                        0.01054703702943809995   -0.00005259438360143579                          
