op      9   18   37   46   18    9   37   46                        0.00345652659538633932                                                    
op      9   15   37   43   15    9   37   43                       -0.00934324269835007382                                                    
op      9   16   37   46   16    9   37   46                       -0.00042712764621421139                                                    
op      5   25   33   53   25    5   33   53                       -0.05217707834587227700                                                    
op      5   16   33   53   16    5   33   53                       -0.05106549532370872196                                                    
mvp2    9   18   33   53   18    9   33   53                       -0.02333021730473007829   -0.63159365075302764669                          
mvp2    5   25   37   46   25    5   37   46                       -0.02877496368268894419    0.41374764776371703023                          
a_ia   37   46                                                      0.00424438427745769953                                                    
mvp2    5   25   33   43   25    5   33   43                       -0.02241208046085060857    0.13864396224518527045                          
mvp2    5   18    9   25    5    9   18   25                       -0.00835196251440639345    0.01306427827895203023                          
mvp3    5   16    9   25    5    9   25   16    5    9   16   25    0.01514285626647277755   -0.16055743382359771720    0.35888560225428867145
mvp2    5   16   33   44   16    5   33   44                       -0.00521110729543803903    0.12128197935755548331                          
a_ia   44   53                                                     -0.22861124216048103741                                                    
mvp2    5   16   33   43   16    5   33   43                       -0.03091859289047831430    0.22589246558947018162                          
a_ia    9   18                                                     -0.00229068884932578151                                                    
mvp2    5   15   33   53   15    5   33   53                       -0.01662532201852069333   -0.58897359749869193646                          
a_ia   33   53                                                     -0.00098742547389668936                                                    
mvp2    5   15   33   44   15    5   33   44                       -0.00755812211633071461   -0.27982382445293668694                          
a_ia    5   15                                                     -0.00358532901582104060                                                    
op      5   22   33   50   22    5   33   50                       -0.01690397873071000645                                                    
a_ia   33   42                                                     -0.00093657367282359860                                                    
mvp2    5   22   33   42   22    5   33   42                       -0.00910170439149001441   -0.95348293240333870102                          
mvp2    5   15   33   43   15    5   33   43                       -0.01945574930007119840    0.25626455319800983679                          
mvp3   33   44   37   53   33   37   53   44   33   37   44   53    0.01479253284648615087   -0.34711687898854087786    0.45876205650185564178
a_ia    5   16                                                     -0.00360795063687692399                                                    
mvp2    5   16   37   46   16    5   37   46                       -0.02442098393218977356    0.43120272344122617669                          
mvp2    5   16   33   50   16    5   33   50                       -0.00729731137266723465    0.14605538708991586128                          
a_ia   46   50                                                      0.25148248448915605513                                                    
mvp2    9   15   37   46   15    9   37   46                        0.00625740791335357115    0.13552991546313702953                          
mvp2    9   15   33   53   15    9   33   53                        0.00266085186407370375    0.23554526082385565666                          
op      5   20   33   48   20    5   33   48                       -0.01059701438376060498                                                    
a_ia    5   20                                                      0.00117842615520917645                                                    
a_ia   33   50                                                     -0.00135148757639944593                                                    
mvp2    9   26   37   46   26    9   37   46                        0.01796372047737766070    0.38709213122615787617                          
a_ia   37   46                                                     -0.00033656453856840729                                                    
mvp2    5   26   37   46   26    5   37   46                        0.00819153088680609626    0.36955691371951304713                          
mvp2    9   23   33   53   23    9   33   53                        0.01234483335775646631    0.62289842866574085534                          
a_ia   33   53                                                      0.00394765129280972345                                                    
mvp2    9   23   37   51   23    9   37   51                       -0.01234390518477957409    0.09494554667753184185                          
a_ia   33   37                                                     -0.10961466816596829310                                                    
mvp2    5   18   33   50   18    5   33   50                        0.00652568497586892681    0.00296730049926364559                          
mvp2    9   18   37   51   18    9   37   51                        0.01171799453065324771   -0.57475715561331286452                          
a_ia   14   25                                                      0.32830048160837121962                                                    
mvp2    5   18   33   46   18    5   33   46                       -0.00473148687269451911    0.01626315852876772730                          
a_ia   37   46                                                     -0.00381709773672539226                                                    
mvp2    9   26   37   54   26    9   37   54                       -0.00146986417366079926   -0.03862327422043693864                          
op     10   16   38   44   16   10   38   44                       -0.00893567601869542025                                                    
a_ia    5   25                                                     -0.00138090491956745828                                                    
mvp2    5   25   33   42   25    5   33   42                        0.01023058049172535268   -0.38243526021057500097                          
op      9   27   37   55   27    9   37   55                       -0.00669023034855339028                                                    
mvp2    5   14   33   42   14    5   33   42                       -0.01820476789917108498    0.13771850447938116524                          
mvp2    5   14   33   50   14    5   33   50                       -0.00909060517911150327    0.73443005299900909755                          
a_ia   37   45                                                      0.00096588295830214136                                                    
mvp2    9   18   37   54   18    9   37   54                        0.00519683063767832805    0.14471258364391226259                          
a_ia    9   22                                                      0.00154630213202589374                                                    
mvp2    5   25   35   51   25    5   35   51                        0.01062094409992031530   -0.56467831305924998109                          
a_ia    5   25                                                      0.00378471839977437231                                                    
mvp2    5   16   35   44   16    5   35   44                        0.01573037539175247204   -0.66288133366887824760                          
mvp2    7   15   35   43   15    7   35   43                       -0.00987456352137493568    0.17959643667406671730                          
a_ia   35   43                                                      0.00208174849209338125                                                    
mvp2    5   25   33   54   25    5   33   54                        0.00654139819846653436   -0.31256298525150633116                          
mvp2    7   23   37   46   23    7   37   46                        0.00928480275039319548    0.77889095780199180119                          
mvp2    7   23   37   54   23    7   37   54                       -0.00581381436940069541    0.71613293867410487969                          
mvp2    9   23   37   54   23    9   37   54                       -0.00792875058143674427    0.23153031408628182986                          
a_ia    9   14                                                     -0.00363914067077258105                                                    
mvp2    7   16   35   44   16    7   35   44                       -0.01537319674638306342   -0.49210640939930372362                          
a_ia   33   41                                                      0.08163462817499554658                                                    
a_ia   35   38                                                     -0.49520686736348190626                                                    
a_ia   43   44                                                      0.34169413918105323580                                                    
a_ia    5   10                                                      0.33892549136309324531                                                    
a_ia    7    8                                                      0.33886444777216279123                                                    
a_ia   37   54                                                     -0.00134096108717393181                                                    
a_ia   32   33                                                     -0.22843172468312997192                                                    
a_ia   32   37                                                      0.21863334846405016454                                                    
a_ia   32   54                                                     -0.00189133253854930987                                                    
a_ia    8   16                                                     -0.00267769685256882134                                                    
