op      9   18   37   46   18    9   37   46                        0.00047492873237991160                                                    
op      9   15   37   43   15    9   37   43                       -0.01456925080752634327                                                    
op      9   16   37   46   16    9   37   46                       -0.00036351445088215627                                                    
op      5   25   33   53   25    5   33   53                       -0.04755637726279365179                                                    
op      5   16   33   53   16    5   33   53                       -0.04453842189952889746                                                    
mvp2    9   18   33   53   18    9   33   53                       -0.02444267206561299630   -0.56578652819119046313                          
mvp2    5   25   37   46   25    5   37   46                       -0.02775949903221611170    0.48292180128598694022                          
a_ia   37   46                                                      0.00257276717189195347                                                    
mvp2    5   25   33   43   25    5   33   43                       -0.01676913790959236317    0.07585265051186992902                          
mvp2    5   18    9   25    5    9   18   25                       -0.00216695880206453639   -0.00846664729738011261                          
mvp3    5   16    9   25    5    9   25   16    5    9   16   25    0.01347208851446349276   -0.13585508538185159244    0.38873418106172824560
mvp2    5   16   33   44   16    5   33   44                       -0.00890338489438182584    0.09670007910283326402                          
a_ia   44   53                                                     -0.41728650968696440193                                                    
mvp2    5   16   33   43   16    5   33   43                       -0.02240120425412079480    0.24178647699121211256                          
a_ia    9   18                                                     -0.00190644175908666119                                                    
mvp2    5   15   33   53   15    5   33   53                       -0.01616212953285512538   -0.61784190270149341728                          
a_ia   33   53                                                     -0.00164897194424079292                                                    
mvp2    5   15   33   44   15    5   33   44                       -0.01330818533697961104   -0.16939277344941788828                          
a_ia    5   15                                                     -0.00310465368074203801                                                    
op      5   22   33   50   22    5   33   50                       -0.01652384382946106220                                                    
a_ia   33   42                                                     -0.00041271558989204848                                                    
mvp2    5   22   33   42   22    5   33   42                       -0.00853155461962313601   -0.03641851170885374023                          
mvp2    5   15   33   43   15    5   33   43                       -0.01586630236144421363    0.34600880534040218128                          
mvp3   33   44   37   53   33   37   53   44   33   37   44   53    0.01096691846764131194   -0.12615320326228623982    0.42303945283549021505
a_ia    5   16                                                     -0.00210590289956046365                                                    
mvp2    5   16   37   46   16    5   37   46                       -0.02042182404098935936    0.40540041148916067248                          
mvp2    5   16   33   50   16    5   33   50                       -0.00884455156196715421   -0.00540014171251957005                          
a_ia   46   50                                                      0.22966746976817570269                                                    
mvp2    9   15   37   46   15    9   37   46                        0.01135269742589896901    0.26114079549920915513                          
mvp2    9   15   33   53   15    9   33   53                        0.00009808910001558014    0.02848686517667475826                          
op      5   20   33   48   20    5   33   48                       -0.01037895832445666702                                                    
a_ia    5   20                                                      0.00091527177827930629                                                    
a_ia   33   50                                                     -0.00168556006728970355                                                    
mvp2    9   26   37   46   26    9   37   46                        0.01634370224004189423    0.42868868398485321380                          
a_ia   37   46                                                      0.00073949756967037292                                                    
mvp2    5   26   37   46   26    5   37   46                        0.00662827092204442726    0.29450602496216110593                          
mvp2    9   23   33   53   23    9   33   53                        0.01117351036885920988    0.63126918412507881939                          
a_ia   33   53                                                      0.00419456598898748818                                                    
mvp2    9   23   37   51   23    9   37   51                       -0.01288773249878596983    0.36518645940455174426                          
a_ia   33   37                                                     -0.11294292538974198825                                                    
mvp2    5   18   33   50   18    5   33   50                        0.00671038571747988206   -0.00989041595704526905                          
mvp2    9   18   37   51   18    9   37   51                        0.01248959958712888424   -0.42464612875540319603                          
a_ia   14   25                                                      0.35403372612144667908                                                    
mvp2    5   18   33   46   18    5   33   46                       -0.00524627940375041284    0.00223779407060567277                          
a_ia   37   46                                                     -0.00357660191633550270                                                    
mvp2    9   26   37   54   26    9   37   54                       -0.00590666893011427326    0.32555006433209848771                          
op     10   16   38   44   16   10   38   44                       -0.01923467590947791281                                                    
a_ia    5   25                                                     -0.00011571162422767368                                                    
mvp2    5   25   33   42   25    5   33   42                        0.00882606762548705792   -0.37349758150059347850                          
op      9   27   37   55   27    9   37   55                       -0.00661869846853982858                                                    
mvp2    5   14   33   42   14    5   33   42                       -0.01721737750122577168    0.03279257077999864906                          
mvp2    5   14   33   50   14    5   33   50                       -0.00872726875966870104    0.13246200615193867711                          
a_ia   37   45                                                      0.00103108747551477532                                                    
mvp2    9   18   37   54   18    9   37   54                        0.00778933357169650595   -0.07167656047464647517                          
a_ia    9   22                                                      0.00129005193474036493                                                    
mvp2    5   25   35   51   25    5   35   51                        0.00913297639270794180   -0.51600568688735415357                          
a_ia    5   25                                                      0.00284983420120740174                                                    
mvp2    5   16   35   44   16    5   35   44                        0.01099989899354541188   -0.65495500310256071774                          
mvp2    7   15   35   43   15    7   35   43                       -0.01419924649023987517    0.04230021124186584408                          
a_ia   35   43                                                      0.00184248188383504311                                                    
mvp2    5   25   33   54   25    5   33   54                        0.00664771154610944992   -0.36788114093358775802                          
mvp2    7   23   37   46   23    7   37   46                        0.00845330832115391388    0.70729010313802476162                          
mvp2    7   23   37   54   23    7   37   54                       -0.00459537189907267048    0.37657645476137524554                          
mvp2    9   23   37   54   23    9   37   54                       -0.00741105221593156126    0.11583176097482789091                          
a_ia    9   14                                                     -0.00345383142259225121                                                    
mvp2    7   16   35   44   16    7   35   44                       -0.01227601480432774506   -0.60967943053032624956                          
a_ia   33   41                                                      0.08064312094440814760                                                    
