op      9   18   37   46   18    9   37   46                       -0.00413793201659843572                                                    
op      9   15   37   43   15    9   37   43                       -0.01687324737285781848                                                    
op      9   16   37   46   16    9   37   46                       -0.00368028126804730146                                                    
op      5   25   33   53   25    5   33   53                       -0.03624957254100826670                                                    
op      5   16   33   53   16    5   33   53                       -0.02650404828835735069                                                    
mvp2    9   18   33   53   18    9   33   53                       -0.00213174036963853508   -0.27414128772895451913                          
mvp2    5   25   37   46   25    5   37   46                       -0.02254147104635087842    0.49802167844646300088                          
a_ia   37   46                                                     -0.00243482345137618949                                                    
mvp2    5   25   33   43   25    5   33   43                       -0.01712999470506401667    0.27871199132406154764                          
mvp2    5   18    9   25    5    9   18   25                        0.00444242252255477952    0.47389379716852675362                          
mvp3    5   16    9   25    5    9   25   16    5    9   16   25    0.01050278114796372557   -0.18520268742370987747    0.42100778516207487678
mvp2    5   16   33   44   16    5   33   44                       -0.00978021713584348827   -0.01902629703513477460                          
a_ia   44   53                                                     -0.63724651681449218099                                                    
