op      9   18   37   46   18    9   37   46                       -0.00355576234389270562                                                    
op      9   15   37   43   15    9   37   43                       -0.01633025159466919632                                                    
op      9   16   37   46   16    9   37   46                       -0.00256973814625996401                                                    
op      5   25   33   53   25    5   33   53                       -0.04172354956305193013                                                    
op      5   16   33   53   16    5   33   53                       -0.02652455308544920259                                                    
mvp2    9   18   33   53   18    9   33   53                       -0.00505392093235032275   -0.27989438809271161013                          
mvp2    5   25   37   46   25    5   37   46                       -0.02321818704144164303    0.48281271664010927402                          
a_ia   37   46                                                     -0.00232703905538287443                                                    
mvp2    5   25   33   43   25    5   33   43                       -0.01794493441266007544    0.38537526546345418632                          
mvp2    5   18    9   25    5    9   18   25                        0.00315369960851765666    0.44624646080129665160                          
mvp3    5   16    9   25    5    9   25   16    5    9   16   25    0.00932020656117298930   -0.11310993088318341271    0.48224697648032721631
mvp2    5   16   33   44   16    5   33   44                       -0.00914006425068647141   -0.03235344143683628604                          
a_ia   44   53                                                     -0.58503398667894235263                                                    
mvp2    5   16   33   43   16    5   33   43                       -0.01506644642771614792   -0.15022673974072048297                          
a_ia    9   18                                                     -0.00269275475375262315                                                    
mvp2    5   15   33   53   15    5   33   53                       -0.01465900112220677384   -0.65197821226522523208                          
a_ia   33   53                                                      0.00175486503447534184                                                    
mvp2    5   15   33   44   15    5   33   44                       -0.01521082276500631582   -0.00505819606544476857                          
a_ia    5   15                                                     -0.00281723996330845820                                                    
op      5   22   33   50   22    5   33   50                       -0.01574034517195240998                                                    
a_ia   33   42                                                     -0.00398606121240055108                                                    
mvp2    5   22   33   42   22    5   33   42                       -0.00815732496072800808   -0.00264552070836536566                          
mvp2    5   15   33   43   15    5   33   43                       -0.01676160888688536452   -0.01276577362898642480                          
mvp3   33   44   37   53   33   37   53   44   33   37   44   53    0.00845210204386402826   -0.23042067850993933065    0.46289647431313124537
a_ia    5   16                                                     -0.00197363266080975187                                                    
