op      9   18   37   46   18    9   37   46                       -0.00350559591629868777                                                    
op      9   15   37   43   15    9   37   43                       -0.01634877038250001635                                                    
op      9   16   37   46   16    9   37   46                       -0.00249417708118850534                                                    
op      5   25   33   53   25    5   33   53                       -0.04161443257188415790                                                    
op      5   16   33   53   16    5   33   53                       -0.02640310249715058580                                                    
mvp2    9   18   33   53   18    9   33   53                       -0.00508788380150883204   -0.27986487642485696758                          
mvp2    5   25   37   46   25    5   37   46                       -0.02278353792826901675    0.48271025767458886069                          
a_ia   37   46                                                     -0.00249544294393424116                                                    
mvp2    5   25   33   43   25    5   33   43                       -0.01792481888543242738    0.38538968187071154237                          
mvp2    5   18    9   25    5    9   18   25                        0.00314232277481611873    0.44622943529559500053                          
mvp3    5   16    9   25    5    9   25   16    5    9   16   25    0.00929318544382175780   -0.11312290567968928678    0.48235342618177690088
mvp2    5   16   33   44   16    5   33   44                       -0.00914085885643277883   -0.03233057373796785483                          
a_ia   44   53                                                     -0.58494246491503520957                                                    
mvp2    5   16   33   43   16    5   33   43                       -0.01499624365232946760   -0.15021227151096563923                          
a_ia    9   18                                                     -0.00270454194906479765                                                    
mvp2    5   15   33   53   15    5   33   53                       -0.01469828721235788907   -0.65186074792989134874                          
a_ia   33   53                                                      0.00170524453930006171                                                    
mvp2    5   15   33   44   15    5   33   44                       -0.01521782403711919966   -0.00507276389153401425                          
a_ia    5   15                                                     -0.00282878580393456898                                                    
op      5   22   33   50   22    5   33   50                       -0.01574701159808181497                                                    
a_ia   33   42                                                     -0.00399727386616532693                                                    
mvp2    5   22   33   42   22    5   33   42                       -0.00815670426804340765   -0.00265086482933031943                          
mvp2    5   15   33   43   15    5   33   43                       -0.01675632953589641441   -0.01274787252203233613                          
mvp3   33   44   37   53   33   37   53   44   33   37   44   53    0.00844634078381992399   -0.23034254065262990685    0.46291806914909611192
a_ia    5   16                                                     -0.00213206190388555254                                                    
mvp2    5   16   37   46   16    5   37   46                       -0.00821385719616639538    0.00010138879241457372                          
