op      9   18   37   46   18    9   37   46                        0.00345673293703869329                                                    
op      9   15   37   43   15    9   37   43                       -0.00934668727535421968                                                    
op      9   16   37   46   16    9   37   46                       -0.00058681575673064307                                                    
op      5   25   33   53   25    5   33   53                       -0.05225087418330309763                                                    
op      5   16   33   53   16    5   33   53                       -0.05101674487758742216                                                    
mvp2    9   18   33   53   18    9   33   53                       -0.02327545359573621533   -0.63249612126580556648                          
mvp2    5   25   37   46   25    5   37   46                       -0.02881364505439438367    0.41376101178115126666                          
a_ia   37   46                                                      0.00412653987330336910                                                    
mvp2    5   25   33   43   25    5   33   43                       -0.02231417177979394192    0.13837664139111793826                          
mvp2    5   18    9   25    5    9   18   25                       -0.00837295842062156861    0.01306870328320208774                          
mvp3    5   16    9   25    5    9   25   16    5    9   16   25    0.01526595732639806149   -0.16047441190742181560    0.35827610730719094967
mvp2    5   16   33   44   16    5   33   44                       -0.00522949220251942536    0.12290955471605970184                          
a_ia   44   53                                                     -0.22776746204212411362                                                    
mvp2    5   16   33   43   16    5   33   43                       -0.03125197462076371308    0.22614883057788123799                          
a_ia    9   18                                                     -0.00239317761169495231                                                    
mvp2    5   15   33   53   15    5   33   53                       -0.01661605268573400698   -0.58945053491328824880                          
a_ia   33   53                                                     -0.00094286781978113318                                                    
mvp2    5   15   33   44   15    5   33   44                       -0.00769841096508896636   -0.27947819103610860303                          
a_ia    5   15                                                     -0.00354398615270615832                                                    
op      5   22   33   50   22    5   33   50                       -0.01684978560946996315                                                    
a_ia   33   42                                                     -0.00090842683340134982                                                    
mvp2    5   22   33   42   22    5   33   42                       -0.00912321833378079185   -0.94894070898575177964                          
mvp2    5   15   33   43   15    5   33   43                       -0.01935321656629179765    0.25599437737169544738                          
mvp3   33   44   37   53   33   37   53   44   33   37   44   53    0.01485111178963654036   -0.35248982725271260641    0.45860512687893756345
a_ia    5   16                                                     -0.00332559716549482749                                                    
mvp2    5   16   37   46   16    5   37   46                       -0.02432332119734075329    0.43107572230151414150                          
mvp2    5   16   33   50   16    5   33   50                       -0.00731379701785617956    0.14608806147069550163                          
a_ia   46   50                                                      0.25179357316429201719                                                    
mvp2    9   15   37   46   15    9   37   46                        0.00621553718278934630    0.13478401027689904113                          
mvp2    9   15   33   53   15    9   33   53                        0.00261903617038107333    0.23669176406559838677                          
op      5   20   33   48   20    5   33   48                       -0.01060933396342445510                                                    
a_ia    5   20                                                      0.00112229913548615549                                                    
a_ia   33   50                                                     -0.00136969770050368285                                                    
mvp2    9   26   37   46   26    9   37   46                        0.01799860976226183226    0.38695419981712936286                          
a_ia   37   46                                                     -0.00028671966755779149                                                    
mvp2    5   26   37   46   26    5   37   46                        0.00814990808485759576    0.36947485951803143989                          
mvp2    9   23   33   53   23    9   33   53                        0.01240815778715147547    0.62385838112049585291                          
a_ia   33   53                                                      0.00397094389608201783                                                    
mvp2    9   23   37   51   23    9   37   51                       -0.01237052401372217003    0.09492166548171776519                          
a_ia   33   37                                                     -0.11058824082261374533                                                    
mvp2    5   18   33   50   18    5   33   50                        0.00648576043631045405    0.00229486884013150021                          
mvp2    9   18   37   51   18    9   37   51                        0.01165730388486099951   -0.57342355219004259581                          
a_ia   14   25                                                      0.32753475957214273073                                                    
mvp2    5   18   33   46   18    5   33   46                       -0.00462886264491309610    0.01625352720878877125                          
a_ia   37   46                                                     -0.00383104968761348698                                                    
mvp2    9   26   37   54   26    9   37   54                       -0.00163382976000522959   -0.04284306797983151310                          
op     10   16   38   44   16   10   38   44                       -0.00889537488018721234                                                    
a_ia    5   25                                                     -0.00141529578255179551                                                    
mvp2    5   25   33   42   25    5   33   42                        0.01021244897411520414   -0.38320511377740190673                          
op      9   27   37   55   27    9   37   55                       -0.00672229700127722693                                                    
mvp2    5   14   33   42   14    5   33   42                       -0.01832721295325847113    0.13553287183662182658                          
mvp2    5   14   33   50   14    5   33   50                       -0.00910706181158387439    0.73188479218856516972                          
a_ia   37   45                                                      0.00096248618089629721                                                    
mvp2    9   18   37   54   18    9   37   54                        0.00519262596809076139    0.14499237006087528634                          
a_ia    9   22                                                      0.00149369567015279411                                                    
mvp2    5   25   35   51   25    5   35   51                        0.01059850918128353060   -0.56437968606460564569                          
a_ia    5   25                                                      0.00377008082347358130                                                    
mvp2    5   16   35   44   16    5   35   44                        0.01578853007864345140   -0.66328751110420147707                          
mvp2    7   15   35   43   15    7   35   43                       -0.00984592876555033351    0.18715615863309983946                          
a_ia   35   43                                                      0.00209754515951444693                                                    
mvp2    5   25   33   54   25    5   33   54                        0.00654722243800245646   -0.31259099579801508106                          
mvp2    7   23   37   46   23    7   37   46                        0.00926009883081138976    0.77803290933136814989                          
mvp2    7   23   37   54   23    7   37   54                       -0.00583552464016556718    0.71939212821258335939                          
mvp2    9   23   37   54   23    9   37   54                       -0.00792226009978060954    0.23381924831369110818                          
a_ia    9   14                                                     -0.00360638544988528499                                                    
mvp2    7   16   35   44   16    7   35   44                       -0.01536544367726158829   -0.49204307377550121627                          
a_ia   33   41                                                      0.08170213222178716872                                                    
a_ia   35   38                                                     -0.49494838835943716360                                                    
a_ia   43   44                                                      0.34417048717030651606                                                    
a_ia    5   10                                                      0.33888845318881266611                                                    
a_ia    7    8                                                      0.33828233135843555068                                                    
a_ia   37   54                                                     -0.00121032878612758934                                                    
a_ia   32   33                                                     -0.22786811455636632462                                                    
a_ia   32   37                                                      0.22525444154923834894                                                    
a_ia   32   54                                                     -0.00168795510659927204                                                    
