op      9   18   37   46   18    9   37   46                       -0.00118760221343224524                                                    
op      9   15   37   43   15    9   37   43                       -0.01562924389231345676                                                    
op      9   16   37   46   16    9   37   46                       -0.00066652594712508914                                                    
op      5   25   33   53   25    5   33   53                       -0.04811954975056196432                                                    
op      5   16   33   53   16    5   33   53                       -0.03283804195746663906                                                    
mvp2    9   18   33   53   18    9   33   53                       -0.00821823009783985078   -0.34705990931701502511                          
mvp2    5   25   37   46   25    5   37   46                       -0.02461644499415655690    0.56109300301491260576                          
a_ia   37   46                                                      0.00065309237899483668                                                    
mvp2    5   25   33   43   25    5   33   43                       -0.01900510596591021770    0.37797129155734643380                          
mvp2    5   18    9   25    5    9   18   25                        0.00088056270634874088    0.33687352729419051123                          
mvp3    5   16    9   25    5    9   25   16    5    9   16   25    0.01071926343241974382   -0.16537173439537175557    0.45515063769907082580
mvp2    5   16   33   44   16    5   33   44                       -0.01129930720342463973    0.02230083996344992686                          
a_ia   44   53                                                     -0.45214214945488279129                                                    
mvp2    5   16   33   43   16    5   33   43                       -0.01685920962666526482    0.01586272437978190550                          
a_ia    9   18                                                     -0.00132963761872807056                                                    
mvp2    5   15   33   53   15    5   33   53                       -0.01716607143838565913   -0.46758663409474249262                          
a_ia   33   53                                                     -0.00170822165250364161                                                    
mvp2    5   15   33   44   15    5   33   44                       -0.01416506305157228668   -0.07846199170384329791                          
a_ia    5   15                                                     -0.00305915421523309753                                                    
op      5   22   33   50   22    5   33   50                       -0.01689481262142021947                                                    
a_ia   33   42                                                     -0.00459556411529884155                                                    
mvp2    5   22   33   42   22    5   33   42                       -0.00796276532199720333   -0.02102746139955853980                          
mvp2    5   15   33   43   15    5   33   43                       -0.01662463343877638652    0.05585380084501028602                          
mvp3   33   44   37   53   33   37   53   44   33   37   44   53    0.01072654338831962456   -0.14022614413718920146    0.45431541602513314526
a_ia    5   16                                                     -0.00182370932208843661                                                    
mvp2    5   16   37   46   16    5   37   46                       -0.01371057878292066684    0.19214056764011086531                          
mvp2    5   16   33   50   16    5   33   50                       -0.00925362478514179035   -0.05646902393426739969                          
a_ia   46   50                                                      0.25888843185472926178                                                    
mvp2    9   15   37   46   15    9   37   46                        0.00951391576775214264    0.26723634271876967050                          
mvp2    9   15   33   53   15    9   33   53                        0.00062855160677588570    0.01104804152382425977                          
op      5   20   33   48   20    5   33   48                       -0.01063055885389159808                                                    
a_ia    5   20                                                      0.00095911851535561009                                                    
a_ia   33   50                                                     -0.00173180247204651663                                                    
mvp2    9   26   37   46   26    9   37   46                        0.01076188295339504386    0.50491433310935518453                          
a_ia   37   46                                                     -0.00218026301691724884                                                    
mvp2    5   26   37   46   26    5   37   46                        0.00507825506088601525    0.35322571293169419127                          
mvp2    9   23   33   53   23    9   33   53                        0.01241178905660420863    0.67919635230702724016                          
a_ia   33   53                                                      0.00346588509132077227                                                    
mvp2    9   23   37   51   23    9   37   51                       -0.01348385328469888129    0.81657344298809564354                          
a_ia   33   37                                                     -0.06646884286198456726                                                    
mvp2    5   18   33   50   18    5   33   50                        0.00657120673885927715    0.00220140020610114185                          
mvp2    9   18   37   51   18    9   37   51                        0.01329842273255344050   -0.09935592032497964077                          
a_ia   14   25                                                      0.42461757791669096918                                                    
mvp2    5   18   33   46   18    5   33   46                       -0.00523313321730439589    0.00000252672652084822                          
