op      9   18   37   46   18    9   37   46                       -0.00140869822595038568                                                    
op      9   15   37   43   15    9   37   43                       -0.01556580998572035419                                                    
op      9   16   37   46   16    9   37   46                       -0.00142664420811012996                                                    
op      5   25   33   53   25    5   33   53                       -0.04371664058883223403                                                    
op      5   16   33   53   16    5   33   53                       -0.02921214028777648075                                                    
mvp2    9   18   33   53   18    9   33   53                       -0.00608148311519201516   -0.29117694397754384505                          
mvp2    5   25   37   46   25    5   37   46                       -0.02525045433885712495    0.51306718985521815313                          
a_ia   37   46                                                      0.00113414624092988969                                                    
mvp2    5   25   33   43   25    5   33   43                       -0.01764702503065569347    0.36688077646066036275                          
mvp2    5   18    9   25    5    9   18   25                        0.00154855152445678487    0.42855870865111916901                          
mvp3    5   16    9   25    5    9   25   16    5    9   16   25    0.00991545043891699750   -0.18601168332245210379    0.51644347722332184514
mvp2    5   16   33   44   16    5   33   44                       -0.01038477055574010127   -0.01307309872076612214                          
a_ia   44   53                                                     -0.54764439680743726147                                                    
mvp2    5   16   33   43   16    5   33   43                       -0.01584179837197251250   -0.05267878916579540188                          
a_ia    9   18                                                     -0.00188769608654189422                                                    
mvp2    5   15   33   53   15    5   33   53                       -0.01448268159858314211   -0.57482704987863819657                          
a_ia   33   53                                                      0.00155476907305145584                                                    
mvp2    5   15   33   44   15    5   33   44                       -0.01496092202892623270   -0.04597082180979010502                          
a_ia    5   15                                                     -0.00304107251307037191                                                    
op      5   22   33   50   22    5   33   50                       -0.01690518449580296137                                                    
a_ia   33   42                                                     -0.00418234898872157142                                                    
mvp2    5   22   33   42   22    5   33   42                       -0.00807681161092081712   -0.01099493645550837784                          
mvp2    5   15   33   43   15    5   33   43                       -0.01638078515567885363   -0.00796713161624509371                          
mvp3   33   44   37   53   33   37   53   44   33   37   44   53    0.00894504445897276700   -0.19600022207890874237    0.47554890078779293860
a_ia    5   16                                                     -0.00211608059710145400                                                    
mvp2    5   16   37   46   16    5   37   46                       -0.01258611342133336870    0.06857333332520981761                          
mvp2    5   16   33   50   16    5   33   50                       -0.00939328485358013020   -0.05875584557833255644                          
a_ia   46   50                                                      0.25853194250955779943                                                    
mvp2    9   15   37   46   15    9   37   46                        0.00881466987288677221    0.21076736447949892539                          
mvp2    9   15   33   53   15    9   33   53                        0.00310556674201795373    0.09580336481978707353                          
op      5   20   33   48   20    5   33   48                       -0.01075203906650533218                                                    
a_ia    5   20                                                      0.00114679550650950680                                                    
a_ia   33   50                                                     -0.00159786557660496209                                                    
mvp2    9   26   37   46   26    9   37   46                        0.01103378930184767577    0.64356457986068216215                          
a_ia   37   46                                                     -0.00350710961933576671                                                    
mvp2    5   26   37   46   26    5   37   46                        0.00524776370043955522    0.28165584235601892615                          
