op      9   18   37   46   18    9   37   46                       -0.00107419119892921398                                                    
op      9   15   37   43   15    9   37   43                       -0.01562309439927705122                                                    
op      9   16   37   46   16    9   37   46                       -0.00062061376743004324                                                    
op      5   25   33   53   25    5   33   53                       -0.04808621975327832115                                                    
op      5   16   33   53   16    5   33   53                       -0.03277408481683426189                                                    
mvp2    9   18   33   53   18    9   33   53                       -0.00819192353225477697   -0.34705544488788081514                          
mvp2    5   25   37   46   25    5   37   46                       -0.02458248800499856709    0.56117765243548611842                          
a_ia   37   46                                                      0.00061139829100557064                                                    
mvp2    5   25   33   43   25    5   33   43                       -0.01902759859510400053    0.37799502460734962783                          
mvp2    5   18    9   25    5    9   18   25                        0.00083217364667411407    0.33691935768865538536                          
mvp3    5   16    9   25    5    9   25   16    5    9   16   25    0.01074020667432374135   -0.16539904407277680742    0.45518834796058976755
mvp2    5   16   33   44   16    5   33   44                       -0.01134300109318113828    0.02228754663621305629                          
a_ia   44   53                                                     -0.45212146955842530405                                                    
mvp2    5   16   33   43   16    5   33   43                       -0.01685090887453016828    0.01586265633612357964                          
a_ia    9   18                                                     -0.00134729698069632926                                                    
mvp2    5   15   33   53   15    5   33   53                       -0.01714662465345912282   -0.46758161237973172586                          
a_ia   33   53                                                     -0.00166054271374684688                                                    
mvp2    5   15   33   44   15    5   33   44                       -0.01416475316917634175   -0.07846178599140049559                          
a_ia    5   15                                                     -0.00304231607152993279                                                    
op      5   22   33   50   22    5   33   50                       -0.01689618607974080478                                                    
a_ia   33   42                                                     -0.00459389176964968872                                                    
mvp2    5   22   33   42   22    5   33   42                       -0.00796577910888964132   -0.02102486547894443988                          
mvp2    5   15   33   43   15    5   33   43                       -0.01661648246141463059    0.05585705937081035521                          
mvp3   33   44   37   53   33   37   53   44   33   37   44   53    0.01068976248146658904   -0.14023313072394988366    0.45431954749236491686
a_ia    5   16                                                     -0.00185268379108806695                                                    
mvp2    5   16   37   46   16    5   37   46                       -0.01377800762403008118    0.19219142146416681727                          
mvp2    5   16   33   50   16    5   33   50                       -0.00925376719986024422   -0.05647085624502515278                          
a_ia   46   50                                                      0.25890401033959037358                                                    
mvp2    9   15   37   46   15    9   37   46                        0.00955121176756145926    0.26721467103155016609                          
mvp2    9   15   33   53   15    9   33   53                        0.00061013770548697078    0.01102691567891799472                          
op      5   20   33   48   20    5   33   48                       -0.01061869184773229884                                                    
a_ia    5   20                                                      0.00095385841232615632                                                    
a_ia   33   50                                                     -0.00174770315139810735                                                    
mvp2    9   26   37   46   26    9   37   46                        0.01075923429066972734    0.50491519936344486652                          
a_ia   37   46                                                     -0.00215394548869866833                                                    
mvp2    5   26   37   46   26    5   37   46                        0.00497084126275182652    0.35322112816922129896                          
mvp2    9   23   33   53   23    9   33   53                        0.01229232428480664385    0.67922392119741958894                          
a_ia   33   53                                                      0.00345796304389508211                                                    
mvp2    9   23   37   51   23    9   37   51                       -0.01346586999134019406    0.81660797866320267158                          
a_ia   33   37                                                     -0.06634262636938748070                                                    
mvp2    5   18   33   50   18    5   33   50                        0.00655887672289019990    0.00219789489501713434                          
mvp2    9   18   37   51   18    9   37   51                        0.01327751370032023183   -0.09930047914724644820                          
a_ia   14   25                                                      0.42462176677276874948                                                    
