op      9   18   37   46   18    9   37   46                       -0.00176564931294556551                                                    
op      9   15   37   43   15    9   37   43                       -0.01565384036503420645                                                    
op      9   16   37   46   16    9   37   46                       -0.00144547791949197206                                                    
op      5   25   33   53   25    5   33   53                       -0.04628558095261207928                                                    
op      5   16   33   53   16    5   33   53                       -0.03300717432505829996                                                    
mvp2    9   18   33   53   18    9   33   53                       -0.00781857275865218554   -0.33150923556764144706                          
mvp2    5   25   37   46   25    5   37   46                       -0.02328649274007806372    0.55597659798877574477                          
a_ia   37   46                                                      0.00102725932339924769                                                    
mvp2    5   25   33   43   25    5   33   43                       -0.01728879147274769643    0.37149606936595525042                          
mvp2    5   18    9   25    5    9   18   25                       -0.00026117034795114920    0.33933815839541453530                          
mvp3    5   16    9   25    5    9   25   16    5    9   16   25    0.01047822903673032748   -0.15756151050075933862    0.46365236890659117241
mvp2    5   16   33   44   16    5   33   44                       -0.00941532584259030525    0.01975666922777973358                          
a_ia   44   53                                                     -0.50045467751808647705                                                    
mvp2    5   16   33   43   16    5   33   43                       -0.01684955235228390719   -0.00194658499195755007                          
a_ia    9   18                                                     -0.00123469337429046129                                                    
mvp2    5   15   33   53   15    5   33   53                       -0.01745642351451194216   -0.47001529871171515707                          
a_ia   33   53                                                     -0.00162683306180582917                                                    
mvp2    5   15   33   44   15    5   33   44                       -0.01410239883662602230   -0.06305358049205135595                          
a_ia    5   15                                                     -0.00323202489614077314                                                    
op      5   22   33   50   22    5   33   50                       -0.01684239015177410592                                                    
a_ia   33   42                                                     -0.00466996111269071205                                                    
mvp2    5   22   33   42   22    5   33   42                       -0.00799927795901332096   -0.01923223694229644204                          
mvp2    5   15   33   43   15    5   33   43                       -0.01665419754395923088    0.04575552278511920562                          
mvp3   33   44   37   53   33   37   53   44   33   37   44   53    0.01075204454441483666   -0.18665090468501777110    0.42095045886208304342
a_ia    5   16                                                     -0.00188365655478649218                                                    
mvp2    5   16   37   46   16    5   37   46                       -0.01357496625940408236    0.17049826187198383054                          
mvp2    5   16   33   50   16    5   33   50                       -0.00911650274583159989   -0.05513057359074780006                          
a_ia   46   50                                                      0.25342716685219202066                                                    
mvp2    9   15   37   46   15    9   37   46                        0.00985217475773159795    0.26053941120416890254                          
mvp2    9   15   33   53   15    9   33   53                        0.00122108513241615249    0.00604796087275358014                          
op      5   20   33   48   20    5   33   48                       -0.01063823015794961371                                                    
a_ia    5   20                                                      0.00108467835495523073                                                    
a_ia   33   50                                                     -0.00175451433910769265                                                    
mvp2    9   26   37   46   26    9   37   46                        0.01082335764881723651    0.48980028460530777856                          
a_ia   37   46                                                     -0.00238939147526022423                                                    
mvp2    5   26   37   46   26    5   37   46                        0.00510287747267298281    0.35904239006356514219                          
mvp2    9   23   33   53   23    9   33   53                        0.01341199238835132090    0.65374203574492861790                          
a_ia   33   53                                                      0.00332899140965140601                                                    
mvp2    9   23   37   51   23    9   37   51                       -0.01363061004695787122    0.82905229776248001716                          
a_ia   33   37                                                     -0.07237962111281057154                                                    
mvp2    5   18   33   50   18    5   33   50                        0.00656378165844821292    0.00000934278984994343                          
mvp2    9   18   37   51   18    9   37   51                        0.01337409794469878246   -0.00040801607793192012                          
