op      9   18   37   46   18    9   37   46                        0.00415448124436278588                                                    
op      9   15   37   43   15    9   37   43                       -0.01433730724150510810                                                    
op      9   16   37   46   16    9   37   46                       -0.00116148703716598004                                                    
op      5   25   33   53   25    5   33   53                       -0.05155066247872303054                                                    
op      5   16   33   53   16    5   33   53                       -0.03841149506749007986                                                    
mvp2    9   18   33   53   18    9   33   53                       -0.01767140517087842366   -0.51916671492962063184                          
mvp2    5   25   37   46   25    5   37   46                       -0.03091416515237826665    0.47666384724238752835                          
a_ia   37   46                                                      0.00218395707487556000                                                    
mvp2    5   25   33   43   25    5   33   43                       -0.01875516086261760917    0.30013357173509019882                          
mvp2    5   18    9   25    5    9   18   25                       -0.00169601682637302497    0.16121348570626903296                          
mvp3    5   16    9   25    5    9   25   16    5    9   16   25    0.01369356466504593681   -0.15223740024079582267    0.39762461792736630839
mvp2    5   16   33   44   16    5   33   44                       -0.00965395157995484546    0.07243313047165594876                          
a_ia   44   53                                                     -0.42585405497501066518                                                    
mvp2    5   16   33   43   16    5   33   43                       -0.01941205328437168795    0.07922959373180644971                          
a_ia    9   18                                                     -0.00179455726662898214                                                    
mvp2    5   15   33   53   15    5   33   53                       -0.01614077602225770167   -0.49984174579724388598                          
a_ia   33   53                                                     -0.00243459182039800891                                                    
mvp2    5   15   33   44   15    5   33   44                       -0.01330037030485846719   -0.13685042623945287144                          
a_ia    5   15                                                     -0.00245373079519841698                                                    
op      5   22   33   50   22    5   33   50                       -0.01662334666982972359                                                    
a_ia   33   42                                                     -0.00004423645863627664                                                    
mvp2    5   22   33   42   22    5   33   42                       -0.00851411616594979943   -0.03526542542433334926                          
mvp2    5   15   33   43   15    5   33   43                       -0.01586093452835138015    0.07228985609797036749                          
mvp3   33   44   37   53   33   37   53   44   33   37   44   53    0.01100771388029017812   -0.10257470528757550721    0.47522168288080263165
a_ia    5   16                                                     -0.00256842244415454203                                                    
mvp2    5   16   37   46   16    5   37   46                       -0.01953824307975971647    0.26149238488073234254                          
mvp2    5   16   33   50   16    5   33   50                       -0.00804617020599534064   -0.04639472496286519559                          
a_ia   46   50                                                      0.24110026962804456674                                                    
mvp2    9   15   37   46   15    9   37   46                        0.01077320010362159929    0.28583022147568143412                          
mvp2    9   15   33   53   15    9   33   53                       -0.00017900907972931987    0.04038958115047330127                          
op      5   20   33   48   20    5   33   48                       -0.01037389883777961597                                                    
a_ia    5   20                                                      0.00084748887452034403                                                    
a_ia   33   50                                                     -0.00169261384947870259                                                    
mvp2    9   26   37   46   26    9   37   46                        0.01387567439471774910    0.59680496033532492994                          
a_ia   37   46                                                      0.00030696529913332274                                                    
mvp2    5   26   37   46   26    5   37   46                        0.00597602159388614749    0.26770543694706327997                          
mvp2    9   23   33   53   23    9   33   53                        0.01060989535144732897    0.61777622498858097977                          
a_ia   33   53                                                      0.00474032745956304551                                                    
mvp2    9   23   37   51   23    9   37   51                       -0.01290078608439976585    0.47977729770432603340                          
a_ia   33   37                                                     -0.12720259855091947676                                                    
mvp2    5   18   33   50   18    5   33   50                        0.00670019287920595088    0.01267968019897353256                          
mvp2    9   18   37   51   18    9   37   51                        0.01256573680706250806   -0.35463570891649282002                          
a_ia   14   25                                                      0.35330801243299631009                                                    
mvp2    5   18   33   46   18    5   33   46                       -0.00536956194401575892    0.00009084342365717293                          
a_ia   37   46                                                     -0.00321001341036387857                                                    
mvp2    9   26   37   54   26    9   37   54                       -0.00995428260337590139    0.62614189369454353873                          
op     10   16   38   44   16   10   38   44                       -0.01951406637226407031                                                    
a_ia    5   25                                                      0.00020943051911618808                                                    
mvp2    5   25   33   42   25    5   33   42                        0.00878250341185289260   -0.38595154800293696162                          
op      9   27   37   55   27    9   37   55                       -0.00661994767541026607                                                    
mvp2    5   14   33   42   14    5   33   42                       -0.01719463832802924433    0.01155757562033540506                          
mvp2    5   14   33   50   14    5   33   50                       -0.00873394293620903539    0.06968518369798137879                          
a_ia   37   45                                                      0.00097514511497235072                                                    
mvp2    9   18   37   54   18    9   37   54                        0.01052868992306968399   -0.15797588355600025722                          
a_ia    9   22                                                      0.00142149267387979995                                                    
mvp2    5   25   35   51   25    5   35   51                        0.00917102203004724337   -0.51095605518580089477                          
a_ia    5   25                                                      0.00247381065039991395                                                    
mvp2    5   16   35   44   16    5   35   44                        0.01091381842736138287   -0.49363609013648945822                          
mvp2    7   15   35   43   15    7   35   43                       -0.01456566097502131479    0.01379781672761772049                          
a_ia   35   43                                                      0.00172941800892964363                                                    
mvp2    5   25   33   54   25    5   33   54                        0.00657844712682287974   -0.32515268093524452020                          
mvp2    7   23   37   46   23    7   37   46                        0.00858353528593032607    0.62875704676913712898                          
mvp2    7   23   37   54   23    7   37   54                       -0.00461359916999719028    0.00037805261268886268                          
mvp2    9   23   37   54   23    9   37   54                       -0.00750808678684671427    0.00013808868190683815                          
