op      9   18   37   46   18    9   37   46                        0.00384365526259299907                                                    
op      9   15   37   43   15    9   37   43                       -0.01025078265761479937                                                    
op      9   16   37   46   16    9   37   46                        0.00085941254921187362                                                    
op      5   25   33   53   25    5   33   53                       -0.05023012919778981761                                                    
op      5   16   33   53   16    5   33   53                       -0.05017236158036270793                                                    
mvp2    9   18   33   53   18    9   33   53                       -0.02257557363061496111   -0.63725431179533809090                          
mvp2    5   25   37   46   25    5   37   46                       -0.02859817208441538597    0.40426315748483132584                          
a_ia   37   46                                                      0.00422854205479045436                                                    
mvp2    5   25   33   43   25    5   33   43                       -0.02128695182045667322    0.12145940580529331065                          
mvp2    5   18    9   25    5    9   18   25                       -0.00723857710514767740    0.00983833893329679431                          
mvp3    5   16    9   25    5    9   25   16    5    9   16   25    0.01424521049110241515   -0.14779306444845152768    0.36881328826767001416
mvp2    5   16   33   44   16    5   33   44                       -0.00593498364901658831    0.10974951604485928824                          
a_ia   44   53                                                     -0.29284852452737270001                                                    
mvp2    5   16   33   43   16    5   33   43                       -0.03033447896548250450    0.22886492564546412343                          
a_ia    9   18                                                     -0.00201080198086033349                                                    
mvp2    5   15   33   53   15    5   33   53                       -0.01563699439617613485   -0.61150477812806602884                          
a_ia   33   53                                                     -0.00130202926260894057                                                    
mvp2    5   15   33   44   15    5   33   44                       -0.00827947666884138248   -0.24803273658598787299                          
a_ia    5   15                                                     -0.00367981460080128503                                                    
op      5   22   33   50   22    5   33   50                       -0.01660826571777996447                                                    
a_ia   33   42                                                     -0.00146449832216660292                                                    
mvp2    5   22   33   42   22    5   33   42                       -0.00863256370288371759   -0.77419465153483302267                          
mvp2    5   15   33   43   15    5   33   43                       -0.01880906157576601317    0.22820926060966864601                          
mvp3   33   44   37   53   33   37   53   44   33   37   44   53    0.01298586004604544014   -0.24391866602116984986    0.44551812187012701516
a_ia    5   16                                                     -0.00335472389221996891                                                    
mvp2    5   16   37   46   16    5   37   46                       -0.02472525662511788902    0.43779040374341265940                          
mvp2    5   16   33   50   16    5   33   50                       -0.00785937582709616590    0.00661493362832437509                          
a_ia   46   50                                                      0.21648979805657045383                                                    
mvp2    9   15   37   46   15    9   37   46                        0.00766972938086597431    0.16679175386513803159                          
mvp2    9   15   33   53   15    9   33   53                        0.00154509088651786741    0.19161566110533909124                          
op      5   20   33   48   20    5   33   48                       -0.01028197137579429411                                                    
a_ia    5   20                                                      0.00111349260411616659                                                    
a_ia   33   50                                                     -0.00166847157638536320                                                    
mvp2    9   26   37   46   26    9   37   46                        0.01699542790872970305    0.37719842773495343424                          
a_ia   37   46                                                     -0.00015688682723428285                                                    
mvp2    5   26   37   46   26    5   37   46                        0.00791198111486774228    0.38518030396642921609                          
mvp2    9   23   33   53   23    9   33   53                        0.01123304381228168100    0.63463464112957124197                          
a_ia   33   53                                                      0.00448922949193849511                                                    
mvp2    9   23   37   51   23    9   37   51                       -0.01273667752413573662    0.05186799861119273380                          
a_ia   33   37                                                     -0.07672328091377869641                                                    
mvp2    5   18   33   50   18    5   33   50                        0.00653294634784557914   -0.00334325911517754015                          
mvp2    9   18   37   51   18    9   37   51                        0.01231144708599742066   -0.63470986288118258489                          
a_ia   14   25                                                      0.32378880097490175816                                                    
mvp2    5   18   33   46   18    5   33   46                       -0.00490674691691664593    0.00569129661643179730                          
a_ia   37   46                                                     -0.00354389586644476232                                                    
mvp2    9   26   37   54   26    9   37   54                       -0.00345862706067185874    0.02297368823018196976                          
op     10   16   38   44   16   10   38   44                       -0.00930887061257042875                                                    
a_ia    5   25                                                     -0.00124755668615048466                                                    
mvp2    5   25   33   42   25    5   33   42                        0.00926983306350052244   -0.34296208347657519688                          
op      9   27   37   55   27    9   37   55                       -0.00653422943059686536                                                    
mvp2    5   14   33   42   14    5   33   42                       -0.01695172657413083345    0.06822203521233340118                          
mvp2    5   14   33   50   14    5   33   50                       -0.00857537477672893830    0.22096199655263520922                          
a_ia   37   45                                                      0.00116658366962144890                                                    
mvp2    9   18   37   54   18    9   37   54                        0.00649131573894191037   -0.03956601892443528667                          
a_ia    9   22                                                      0.00138721280702718843                                                    
mvp2    5   25   35   51   25    5   35   51                        0.01082036105030911161   -0.56705026835600624846                          
a_ia    5   25                                                      0.00370494477540301344                                                    
mvp2    5   16   35   44   16    5   35   44                        0.01612486115062532546   -0.66696171116657354538                          
mvp2    7   15   35   43   15    7   35   43                       -0.01029496998050450154    0.06503168490386004863                          
a_ia   35   43                                                      0.00307933038205786703                                                    
mvp2    5   25   33   54   25    5   33   54                        0.00719427397621398308   -0.35615835873040169179                          
mvp2    7   23   37   46   23    7   37   46                        0.00940903842808992266    0.76874362545132213231                          
mvp2    7   23   37   54   23    7   37   54                       -0.00513120369482967988    0.50507816385120152258                          
mvp2    9   23   37   54   23    9   37   54                       -0.00736058660919855154    0.17608844943556387075                          
a_ia    9   14                                                     -0.00403029856673587511                                                    
mvp2    7   16   35   44   16    7   35   44                       -0.01529427804933374338   -0.51595209049785550892                          
a_ia   33   41                                                      0.08905583960317180192                                                    
a_ia   35   38                                                     -0.49273089489026239418                                                    
a_ia   43   44                                                      0.31025493852023727781                                                    
a_ia    5   10                                                      0.34598254421527757652                                                    
a_ia    7    8                                                      0.34556779418336025511                                                    
