op      9   18   37   46   18    9   37   46                        0.00173326515542449695                                                    
op      9   15   37   43   15    9   37   43                       -0.01430904904235083541                                                    
op      9   16   37   46   16    9   37   46                        0.00111943373709882227                                                    
op      5   25   33   53   25    5   33   53                       -0.05072821324275157001                                                    
op      5   16   33   53   16    5   33   53                       -0.03739243514989479961                                                    
mvp2    9   18   33   53   18    9   33   53                       -0.01629859888352712741   -0.47742020473314894513                          
mvp2    5   25   37   46   25    5   37   46                       -0.02725193676149765057    0.47910320232489034264                          
a_ia   37   46                                                      0.00197645055422623374                                                    
mvp2    5   25   33   43   25    5   33   43                       -0.01934494826463188655    0.33309354545980768281                          
mvp2    5   18    9   25    5    9   18   25                       -0.00006170869559614191    0.19094834935722598823                          
mvp3    5   16    9   25    5    9   25   16    5    9   16   25    0.01166031280461343571   -0.14273108699018158263    0.39445963464901773188
mvp2    5   16   33   44   16    5   33   44                       -0.00949145146168182269    0.06873805219024632651                          
a_ia   44   53                                                     -0.41006972840152783322                                                    
mvp2    5   16   33   43   16    5   33   43                       -0.01930099337328938444    0.06809148635648744341                          
a_ia    9   18                                                     -0.00204233906729169544                                                    
mvp2    5   15   33   53   15    5   33   53                       -0.01660758571892061858   -0.48817864199328603325                          
a_ia   33   53                                                     -0.00137992726180674228                                                    
mvp2    5   15   33   44   15    5   33   44                       -0.01332277387116394436   -0.13395627133080389992                          
a_ia    5   15                                                     -0.00275507470901751152                                                    
op      5   22   33   50   22    5   33   50                       -0.01665975197342869571                                                    
a_ia   33   42                                                     -0.00052812166322008919                                                    
mvp2    5   22   33   42   22    5   33   42                       -0.00851155591493879538   -0.03472162671899278741                          
mvp2    5   15   33   43   15    5   33   43                       -0.01603983355768012417    0.07784414723369884048                          
mvp3   33   44   37   53   33   37   53   44   33   37   44   53    0.01089463288403466276   -0.10512092247841159365    0.50408593365409914977
a_ia    5   16                                                     -0.00277969920107802755                                                    
mvp2    5   16   37   46   16    5   37   46                       -0.01802985288134845154    0.22956846432045849293                          
mvp2    5   16   33   50   16    5   33   50                       -0.00800418197254279366   -0.07546736617929919455                          
a_ia   46   50                                                      0.24826738892640401457                                                    
mvp2    9   15   37   46   15    9   37   46                        0.00834393096019484318    0.28807009077884054848                          
mvp2    9   15   33   53   15    9   33   53                        0.00023182885746264492    0.03965870091806646819                          
op      5   20   33   48   20    5   33   48                       -0.01037368673801651597                                                    
a_ia    5   20                                                      0.00089836497784334234                                                    
a_ia   33   50                                                     -0.00207438132280021552                                                    
mvp2    9   26   37   46   26    9   37   46                        0.01028443426358070616    0.66703387896726085149                          
a_ia   37   46                                                      0.00129697755341847526                                                    
mvp2    5   26   37   46   26    5   37   46                        0.00519727092912718180    0.28003817004944420166                          
mvp2    9   23   33   53   23    9   33   53                        0.01094426234821240657    0.63031050530670695853                          
a_ia   33   53                                                      0.00383224777395494700                                                    
mvp2    9   23   37   51   23    9   37   51                       -0.01308131777066612322    0.51392665937276615917                          
a_ia   33   37                                                     -0.14123944438968599746                                                    
mvp2    5   18   33   50   18    5   33   50                        0.00673482022882249121    0.02541134076809299994                          
mvp2    9   18   37   51   18    9   37   51                        0.01285865907501010548   -0.32172827901105521820                          
a_ia   14   25                                                      0.36438122841584980049                                                    
mvp2    5   18   33   46   18    5   33   46                       -0.00533647248703681461    0.01922269519181416669                          
a_ia   37   46                                                     -0.00394966204907947795                                                    
mvp2    9   26   37   54   26    9   37   54                       -0.01011153559030346025    0.70502257531216205866                          
op     10   16   38   44   16   10   38   44                       -0.01951844556847608797                                                    
a_ia    5   25                                                     -0.00020266620973596389                                                    
mvp2    5   25   33   42   25    5   33   42                        0.00892682336940165203   -0.38875682303620795466                          
op      9   27   37   55   27    9   37   55                       -0.00652681667471391360                                                    
mvp2    5   14   33   42   14    5   33   42                       -0.01725505697817964618    0.00151657709409358716                          
mvp2    5   14   33   50   14    5   33   50                       -0.00874231108286210694    0.05120737183817018062                          
a_ia   37   45                                                      0.00094251036964121426                                                    
mvp2    9   18   37   54   18    9   37   54                        0.01040437479733410768   -0.12047108866211371503                          
a_ia    9   22                                                      0.00123955584251496192                                                    
mvp2    5   25   35   51   25    5   35   51                        0.00871418912885254561   -0.51975788677064327370                          
a_ia    5   25                                                      0.00286685260016817647                                                    
mvp2    5   16   35   44   16    5   35   44                        0.01098167898900414934   -0.49640498567867830104                          
mvp2    7   15   35   43   15    7   35   43                       -0.01467155880772296264    0.00002297488135516986                          
