-9.821398718291292198e+02
-9.821607799996636459e+02
-9.821765905669028598e+02
-9.821882518104845303e+02
-9.821979191488381957e+02
-9.822043259983261123e+02
-9.822092272403434663e+02
-9.822146236994342416e+02
-9.822179763690758136e+02
-9.822265868201590138e+02
-9.822296531836639133e+02
-9.822332097891263629e+02
-9.822359476167654293e+02
-9.822384706570898061e+02
-9.822422552947208487e+02
-9.822439787390499077e+02
-9.822454701921196829e+02
-9.822473245204491832e+02
-9.822495587268111876e+02
-9.822517805021685717e+02
-9.822525655153880280e+02
-9.822550877848339042e+02
-9.822587439790307826e+02
-9.822601292716917669e+02
-9.822614877971896021e+02
-9.822636244509600374e+02
-9.822649639346825552e+02
-9.822670896260634663e+02
-9.822685782487958477e+02
-9.822688813301108439e+02
-9.822709378388047980e+02
-9.822720609039076862e+02
-9.822746963013123604e+02
-9.822754115225189935e+02
-9.822763337482351744e+02
-9.822769027097689332e+02
-9.822774835264594913e+02
-9.822777347459330031e+02
-9.822793230763958263e+02
-9.822804074113776096e+02
-9.822808645078687277e+02
-9.822819457681969197e+02
-9.822824776050950959e+02
-9.822828538125756950e+02
-9.822831593760408850e+02
-9.822832828740004061e+02
-9.822837571644729451e+02
-9.822848955509516600e+02
-9.822860488998283017e+02
-9.822871626062722044e+02
-9.822873469887035753e+02
-9.822874185444667319e+02
-9.822875392066638369e+02
-9.822877418758284875e+02
-9.822882999102346275e+02
-9.822891259371899650e+02
-9.822895724859835127e+02
-9.822899532635638025e+02
-9.822914098063060919e+02
-9.822914946962780505e+02
-9.822916723294329131e+02
-9.822918171731885195e+02
-9.822918529666442282e+02
-9.822918973495299042e+02
-9.822920187185296754e+02
-9.822925016689248423e+02
-9.822925347943408951e+02
-9.822934960103812045e+02
-9.822940174316281627e+02
-9.822943308472576973e+02
-9.822943818489877685e+02
-9.822944248760858272e+02
-9.822945547442143379e+02
-9.822946049999904972e+02
-9.822956941206049351e+02
-9.822957209934152161e+02
-9.822958280960313004e+02
-9.822958693803591359e+02
-9.822980769671189591e+02
-9.822981963320127079e+02
-9.822982388313774891e+02
-9.822982650785814940e+02
-9.822984692983746982e+02
