9.999988514827921060e-01
9.999947146601626535e-01
9.999876658477688807e-01
9.999877804232103484e-01
9.972118466489712230e-01
9.960562944916792061e-01
9.952230135394225519e-01
9.942575309677442741e-01
9.951333284247005917e-01
9.936293313244817238e-01
9.946484939892952237e-01
9.935314915199949803e-01
9.940782659755725836e-01
9.915117730309471744e-01
9.930583489106337147e-01
9.944804262387787475e-01
9.980634007764292992e-01
9.933191801777756513e-01
9.958325179708372721e-01
9.921171249207221265e-01
9.955461351250984858e-01
9.929064950377848309e-01
9.537063603253390087e-03
9.728643807085261830e-03
9.596917763793321940e-03
6.775194886005688963e-03
5.498609841600663947e-03
5.501257350682308561e-03
4.025052241126828023e-03
4.247764503782778742e-03
2.516856331666387538e-03
2.453362444621380242e-03
4.331912013105182133e-03
5.487224223787304407e-03
2.183476667358435173e-03
4.076690284728939212e-03
3.367101680149831369e-03
1.392890126307813961e-03
2.379226801335886446e-03
3.921144252948424030e-03
2.143519658942999971e-03
4.672777103424650275e-03
2.462773061423497497e-03
3.126529786005388667e-03
