-4.224404843279394868e+02
-4.224599101034510795e+02
-4.224739518775301121e+02
-4.224838451097953111e+02
-4.224968080916174245e+02
-4.225078681360778887e+02
-4.225122774562300947e+02
-4.225219896309490082e+02
-4.225280386660094223e+02
-4.225310083881449827e+02
-4.225385498249178795e+02
-4.225413423959918191e+02
-4.225483126368400804e+02
-4.225500965511723166e+02
-4.225531235367827207e+02
-4.225573145814050235e+02
-4.225595303493757910e+02
-4.225607861912606040e+02
-4.225628758807853842e+02
-4.225659719233723877e+02
-4.225674933049660922e+02
-4.225681143543222902e+02
-4.225684546116702904e+02
-4.225693802858506274e+02
-4.225711419695377913e+02
-4.225720849159251884e+02
-4.225721741003479792e+02
-4.225757838288923836e+02
-4.225776714340399280e+02
-4.225782005701905177e+02
-4.225794825707807831e+02
-4.225804167782296759e+02
-4.225804599562308113e+02
-4.225805094837145930e+02
-4.225810841424992077e+02
-4.225833814172245866e+02
-4.225855212699481172e+02
-4.225855490925034132e+02
-4.225876562306883102e+02
-4.225876727175518113e+02
-4.225901809727857881e+02
-4.225910926734389932e+02
-4.225945584570346227e+02
-4.225972704201083729e+02
-4.225974578953636183e+02
-4.225975415651416256e+02
-4.225975813441660875e+02
-4.225976009794561037e+02
-4.225978351883982782e+02
-4.225983652727500726e+02
-4.225983790862430851e+02
-4.225983975713306222e+02
-4.225987662414747206e+02
-4.225995750287440273e+02
-4.225996691772011218e+02
-4.225996731469886072e+02
-4.225997064352771986e+02
-4.225998079997427794e+02
-4.225998143359254868e+02
-4.225998281790999158e+02
-4.225998444856560923e+02
-4.225998831792651913e+02
-4.225998903138307128e+02
-4.225999056733347174e+02
-4.225999091395980827e+02
-4.226004090464863907e+02
-4.226004391039620032e+02
-4.226004640550314093e+02
-4.226004820405153737e+02
-4.226004920987056721e+02
-4.226005427856081837e+02
-4.226007471074747741e+02
-4.226012540175524919e+02
-4.226013312171293137e+02
-4.226024150702173188e+02
-4.226024197544830940e+02
-4.226024544977958044e+02
-4.226024749499889026e+02
-4.226051519372030043e+02
-4.226052591176422197e+02
-4.226052751809095867e+02
-4.226052982978213208e+02
-4.226053076574676766e+02
-4.226053145768511854e+02
-4.226053248537758122e+02
-4.226053463803951900e+02
-4.226053504072784222e+02
-4.226053564387532901e+02
-4.226078207551003061e+02
-4.226078309900651107e+02
-4.226078390146909101e+02
-4.226081040746677218e+02
-4.226081167073496090e+02
-4.226081333620418263e+02
-4.226081378493224179e+02
-4.226081586591830046e+02
-4.226081838278083751e+02
-4.226082000086859125e+02
-4.226082106566387893e+02
-4.226090112019975891e+02
-4.226090190067965864e+02
-4.226090568293865886e+02
-4.226090709675307266e+02
-4.226090791720906736e+02
-4.226090834802936911e+02
-4.226090868047086815e+02
-4.226105232993674008e+02
-4.226105713077039923e+02
-4.226105788349790942e+02
-4.226105821062358245e+02
-4.226105947624969872e+02
-4.226106124373642956e+02
-4.226107073989746254e+02
-4.226107156769244284e+02
-4.226107475610688766e+02
-4.226117724175746844e+02
-4.226118049132346073e+02
-4.226118142303270133e+02
-4.226118513723052956e+02
-4.226118543534976766e+02
-4.226118691986121121e+02
-4.226118838107331044e+02
-4.226118881073338116e+02
-4.226118943615659873e+02
-4.226119021278761920e+02
-4.226119099698508990e+02
-4.226119336455802795e+02
-4.226119373788027929e+02
-4.226119478535911753e+02
-4.226119557499043822e+02
-4.226119621886059008e+02
-4.226119639660718121e+02
-4.226119822690915839e+02
-4.226119920691950824e+02
-4.226120036984514172e+02
-4.226120115582111794e+02
-4.226127818702003083e+02
-4.226128208468724097e+02
-4.226128444542126772e+02
-4.226128493629964851e+02
-4.226128553405088724e+02
-4.226128568339448748e+02
-4.226128851671755911e+02
-4.226128896618292856e+02
-4.226129121285949850e+02
-4.226129198430966198e+02
-4.226129226272074106e+02
-4.226129355050853746e+02
-4.226129382572235045e+02
-4.226129457736731183e+02
-4.226129784483896970e+02
-4.226129826197654893e+02
-4.226130035388060833e+02
-4.226130071669120980e+02
-4.226130119520635162e+02
-4.226130143259732108e+02
-4.226130158847029179e+02
-4.226130191064423229e+02
-4.226130226436371231e+02
-4.226130330491079121e+02
-4.226130392303779786e+02
-4.226130439697320185e+02
-4.226130864427084930e+02
-4.226130963436111188e+02
-4.226130981838197727e+02
-4.226130998782796269e+02
-4.226131065293200209e+02
-4.226131093884773122e+02
-4.226131132066211080e+02
-4.226131397204886184e+02
-4.226131419134999874e+02
-4.226131574724968232e+02
-4.226131616474659722e+02
-4.226131713482811847e+02
-4.226131756328289271e+02
-4.226140706981997823e+02
-4.226140744443691233e+02
-4.226141126339521179e+02
-4.226141184828771884e+02
-4.226141239995495766e+02
-4.226141521933146805e+02
-4.226141543149174140e+02
-4.226141599499957238e+02
-4.226141609077333214e+02
