op     21   26   73   78   26   21   73   78                       -0.11066127781601413360                                                    
op     22   27   74   79   27   22   74   79                       -0.07222972110550927860                                                    
a_ia   78   80                                                      0.29878155318614263436                                                    
mvp2    1   49   73   78   49    1   73   78                        0.03132031884769510832    0.12049906588378016259                          
mvp2    1   32   73   78   32    1   73   78                        0.00804214537001434263    0.03906681821641443120                          
mvp2    1   49   74   79   49    1   74   79                        0.02329843135863479686    0.01606536966529899940                          
mvp2   21   26   73   83   26   21   73   83                        0.01818205162593090202   -0.19889498512308231848                          
mvp2    1   28   21   49    1   21   28   49                       -0.00428704584653132135   -1.11932237233219988859                          
mvp2    1   49   53  101   49    1   53  101                       -0.00698036441646277765    0.80220874521039176042                          
mvp2    1   27   53   79   27    1   53   79                       -0.00944019807454949712    0.04611342359375308897                          
mvp2    1   26   53   78   26    1   53   78                       -0.00724122264905356205   -0.00364922879693872250                          
mvp2   21   26   53   81   26   21   53   81                        0.01043231944804347971   -0.05569519213449715400                          
mvp2    1   28   53   80   28    1   53   80                       -0.00507220242742140951   -0.00233748033633956629                          
mvp2    1   29   53   81   29    1   53   81                       -0.00425699523978757387   -0.04366925765620462835                          
a_ia   78   79                                                      0.10700783462814329738                                                    
mvp2    1   47   74   79   47    1   74   79                        0.00858487349433229019    0.11105562332390132851                          
mvp3    1   26   21   47    1   21   47   26    1   21   26   47   -0.00737995952012930091   -0.00317266959250805903    0.10687411659929793584
