op     21   26   73   78   26   21   73   78                       -0.10959429942754697618                                                    
op     22   27   74   79   27   22   74   79                       -0.07369702958978470442                                                    
a_ia   78   80                                                      0.29625970083914221487                                                    
mvp2    1   49   73   78   49    1   73   78                        0.02933778355553861780    0.11174023197740318158                          
mvp2    1   32   73   78   32    1   73   78                        0.00791166032024299276    0.03649400986011606257                          
mvp2    1   49   74   79   49    1   74   79                        0.02225407800515137938    0.06176068067648973064                          
mvp2   21   26   73   83   26   21   73   83                        0.01819902036725054573   -0.17987364742279016161                          
mvp2    1   28   21   49    1   21   28   49                       -0.00430795611751971612   -1.12068476924156956720                          
mvp2    1   49   53  101   49    1   53  101                       -0.00692888206586146031    0.82139928717795074320                          
mvp2    1   27   53   79   27    1   53   79                       -0.00942790208960993595    0.03655711842296576614                          
mvp2    1   26   53   78   26    1   53   78                       -0.00714401189968859752   -0.00043152137575316754                          
mvp2   21   26   53   81   26   21   53   81                        0.00974340515493695748   -0.05864989360927428536                          
mvp2    1   28   53   80   28    1   53   80                       -0.00497664126461629282   -0.00000715047399702117                          
mvp2    1   29   53   81   29    1   53   81                       -0.00424221049072120472   -0.00006989648457299291                          
