op     21   26   73   78   26   21   73   78                       -0.11041796415605949211                                                    
op     22   27   74   79   27   22   74   79                       -0.06839921236225088297                                                    
a_ia   78   80                                                     -0.16256156605102120571                                                    
mvp2    1   49   73   78   49    1   73   78                        0.04274843578431448965    0.14433641863419005569                          
mvp2    1   32   73   78   32    1   73   78                        0.00848246000516402615    0.03982459656766924871                          
mvp2    1   49   74   79   49    1   74   79                        0.02369635465891492543   -0.09997751560435665097                          
mvp2   21   26   73   83   26   21   73   83                        0.01717371871167927208   -0.30534892781031641729                          
mvp2    1   28   21   49    1   21   28   49                       -0.00415280824673826005   -1.19510305883857603781                          
mvp2    1   49   53  101   49    1   53  101                       -0.00696845074063134548    0.73576447965503899429                          
mvp2    1   27   53   79   27    1   53   79                       -0.00959722005871577015    0.10971921718223404119                          
mvp2    1   26   53   78   26    1   53   78                       -0.00777743168006443143   -0.03094297710141823490                          
mvp2   21   26   53   81   26   21   53   81                        0.01107891643988870127   -0.08338797679107656791                          
mvp2    1   28   53   80   28    1   53   80                       -0.00333191420362428676   -0.01408796789344049331                          
mvp2    1   29   53   81   29    1   53   81                       -0.00424775353905550764   -0.31190741350456496761                          
a_ia   78   79                                                      0.11368027707610656174                                                    
mvp2    1   47   74   79   47    1   74   79                        0.00841385356518040833    0.09055699268378296363                          
mvp3    1   26   21   47    1   21   47   26    1   21   26   47   -0.00747617178504642391   -0.10035911283351546530    0.10535616579294142248
mvp2   23   27   73   78   27   23   73   78                        0.01854310549321972965    0.14315719671625168341                          
mvp3   73   79   74   83   73   74   83   79   73   74   79   83   -0.00919131531547029944    0.18331450671519977647    0.00017655750000246858
mvp2   22   27   53   80   27   22   53   80                       -0.00939638115182361670    0.09654892990506924733                          
a_ia   78   80                                                      0.46040523349996165248                                                    
mvp2    1   29   53  101   29    1   53  101                       -0.00296284899670936882   -0.00007370034596290862                          
