op     21   26   73   78   26   21   73   78                       -0.10959800383734935592                                                    
op     22   27   74   79   27   22   74   79                       -0.07369901599283239235                                                    
a_ia   78   80                                                      0.29624699380339813981                                                    
mvp2    1   49   73   78   49    1   73   78                        0.02934662560271829659    0.11174470374587570920                          
mvp2    1   32   73   78   32    1   73   78                        0.00795981449997677955    0.03647826879376175196                          
mvp2    1   49   74   79   49    1   74   79                        0.02226725540123303260    0.06185949765463950867                          
mvp2   21   26   73   83   26   21   73   83                        0.01819695283360407700   -0.17984484289978247551                          
mvp2    1   28   21   49    1   21   28   49                       -0.00430000480973705135   -1.12069469760263418223                          
mvp2    1   49   53  101   49    1   53  101                       -0.00694073983033153489    0.82142880039100918399                          
mvp2    1   27   53   79   27    1   53   79                       -0.00943420639912829519    0.03654387626462201472                          
mvp2    1   26   53   78   26    1   53   78                       -0.00717014687301631426   -0.00042702333582352178                          
mvp2   21   26   53   81   26   21   53   81                        0.00974317191133236907   -0.05869613789328427533                          
mvp2    1   28   53   80   28    1   53   80                       -0.00498003061687706233   -0.00000367535381933110                          
