op     21   26   73   78   26   21   73   78                       -0.12035118386964675785                                                    
op     22   27   74   79   27   22   74   79                        0.00736260030931412332                                                    
a_ia   78   80                                                     -0.01230281095367910006                                                    
mvp2    1   49   73   78   49    1   73   78                        0.08112677341995534752    0.45577313173203237717                          
mvp2    1   32   73   78   32    1   73   78                        0.01064362581786942527    0.05299286172938615092                          
mvp2    1   49   74   79   49    1   74   79                        0.02609568455111968902   -1.09853996895066963191                          
mvp2   21   26   73   83   26   21   73   83                        0.00958932320430411038   -0.13370914834641869917                          
mvp2    1   28   21   49    1   21   28   49                       -0.00585636538901996174   -0.91622467885722513881                          
mvp2    1   49   53  101   49    1   53  101                       -0.00780428149288853439    0.77561566490169264743                          
mvp2    1   27   53   79   27    1   53   79                       -0.00272496779276918538    0.25782223083414923526                          
mvp2    1   26   53   78   26    1   53   78                       -0.00521510531318356094   -0.03709748694675218256                          
mvp2   21   26   53   81   26   21   53   81                        0.01014964632957745388   -0.09783046388050331554                          
mvp2    1   28   53   80   28    1   53   80                       -0.00391311212442418087   -0.03460033168726909386                          
mvp2    1   29   53   81   29    1   53   81                       -0.00306181025345978342   -0.52383692231310963194                          
a_ia   78   79                                                      0.17129490321441040446                                                    
mvp2    1   47   74   79   47    1   74   79                        0.01088499976808451376    0.21467591359970555898                          
mvp3    1   26   21   47    1   21   47   26    1   21   26   47   -0.01000128529626805735   -0.45194977950562414959    0.16019197352434944026
mvp2   23   27   73   78   27   23   73   78                        0.07699389054214171579    0.65982238011296234781                          
mvp3   73   79   74   83   73   74   83   79   73   74   79   83   -0.00378808597114872097    0.64750301969712964478    0.11926753165529661860
mvp2   22   27   53   80   27   22   53   80                        0.00082879371076053786    0.50609755112341425765                          
a_ia   78   80                                                      0.30482246139478902380                                                    
mvp2    1   29   53  101   29    1   53  101                       -0.00285068684309407313   -0.49076046738806033964                          
mvp2   18   26   73   78   26   18   73   78                       -0.02785809094832325181   -0.27473454985292034003                          
a_ia   73   80                                                     -0.00123744230246630835                                                    
a_ia   22   23                                                      0.93366182158679766889                                                    
a_ia   74   83                                                     -0.00009032170856136706                                                    
a_ia   74   83                                                      0.00056512869398927786                                                    
a_ia   79   82                                                      0.22572278358817046695                                                    
a_ia   79   84                                                      0.20252350964373094788                                                    
mvp2    1   47   53   80   47    1   53   80                        0.00476857229801508787   -0.38923672711442686145                          
a_ia   53   80                                                      0.00006956813756080302                                                    
op     19   27   71   79   27   19   71   79                       -0.00062692585114153038                                                    
a_ia   19   27                                                     -0.00064925680110043346                                                    
a_ia   71   79                                                     -0.01349830479481917145                                                    
mvp2    1   26   73   81   26    1   73   81                        0.00585685559328727196    0.29789159058242176137                          
a_ia   21   29                                                      0.00257603681139959928                                                    
mvp3   71   78   73   79   71   73   79   78   71   73   78   79   -0.02185493319515177321   -0.10382670311713769473    0.43181467509633120194
a_ia   71   79                                                      0.01424561031485316320                                                    
mvp2   22   27   74   79   27   22   74   79                       -0.03412377550337300502    0.02493988700597788918                          
mvp3   67   78   73  101   67   73  101   78   67   73   78  101   -0.00607350522624324710    0.69654488486584054119    0.12459897451221731146
a_ia   74   75                                                     -0.32941816940548090953                                                    
a_ia    1   15                                                      0.79828767985071380497                                                    
a_ia   21   25                                                      0.02994259023954870189                                                    
a_ia   26   31                                                     -0.19925950921256227466                                                    
a_ia   27   30                                                      0.16218520358631416389                                                    
a_ia   71   73                                                     -0.02417154856532532578                                                    
a_ia   27   32                                                      0.13595240737034383627                                                    
a_ia   26   32                                                      0.14661537562996077022                                                    
a_ia   19   23                                                     -0.99995766530177865317                                                    
a_ia   27   31                                                      0.17834896995336513292                                                    
mvp2   22   27   53   99   27   22   53   99                        0.00916055399885417655   -0.16530356851728505996                          
a_ia   22   26                                                     -0.00175497674652174036                                                    
a_ia   53   99                                                     -0.00061824248936776969                                                    
a_ia   15   28                                                      0.00172623641966803830                                                    
mvp2   15   47   67  101   47   15   67  101                       -0.00547430104355681266   -0.09367711493051986138                          
a_ia   67   79                                                     -0.00350240092531710822                                                    
mvp2   21   26   67   99   26   21   67   99                        0.01612291982611774310   -0.26501908164706594606                          
a_ia   21   26                                                     -0.00255451508599205965                                                    
a_ia    1   29                                                     -0.00067889118932042841                                                    
a_ia   73   79                                                     -0.00215476435384146956                                                    
