op     21   26   73   78   26   21   73   78                       -0.11635621706785882756                                                    
op     22   27   74   79   27   22   74   79                        0.00476698391200762028                                                    
a_ia   78   80                                                     -0.00849988902536867250                                                    
mvp2    1   49   73   78   49    1   73   78                        0.07278813986317189677    0.45645206511213837208                          
mvp2    1   32   73   78   32    1   73   78                        0.00933274147554485033    0.05038836030505304542                          
mvp2    1   49   74   79   49    1   74   79                        0.02476392221984075395   -1.13496759389943036034                          
mvp2   21   26   73   83   26   21   73   83                        0.01298772462819591453   -0.19073226135609552823                          
mvp2    1   28   21   49    1   21   28   49                       -0.00448272154117272236   -1.02187057023356153707                          
mvp2    1   49   53  101   49    1   53  101                       -0.00720704399797889896    0.90327460064791864625                          
mvp2    1   27   53   79   27    1   53   79                       -0.00966227347539087497    0.25555254162124263484                          
mvp2    1   26   53   78   26    1   53   78                       -0.01048801243646350391   -0.08832868098349413999                          
mvp2   21   26   53   81   26   21   53   81                        0.00867019462817867660   -0.08643369964728508936                          
mvp2    1   28   53   80   28    1   53   80                       -0.00374789768235745616   -0.01353849509625292338                          
mvp2    1   29   53   81   29    1   53   81                       -0.00417185590270729989   -0.58283222873785911489                          
a_ia   78   79                                                      0.16774865644274908338                                                    
mvp2    1   47   74   79   47    1   74   79                        0.00680025900357892309    0.14122835551415058308                          
mvp3    1   26   21   47    1   21   47   26    1   21   26   47   -0.00458642190916184848   -0.32147056769917364827    0.08783622172283912788
mvp2   23   27   73   78   27   23   73   78                        0.06589691966048719096    0.47029789234201913040                          
mvp3   73   79   74   83   73   74   83   79   73   74   79   83   -0.00201113124194080874    0.59093957015478770778    0.05121940291784401328
mvp2   22   27   53   80   27   22   53   80                       -0.00002360342859190908    0.52165854647651543896                          
a_ia   78   80                                                      0.30635432576166593543                                                    
mvp2    1   29   53  101   29    1   53  101                       -0.00249764733321024539   -0.46102124207091421670                          
mvp2   18   26   73   78   26   18   73   78                       -0.02832675173862065146   -0.25878084692877556527                          
a_ia   73   80                                                     -0.00104299335832271057                                                    
a_ia   22   23                                                      1.19848278809412112089                                                    
a_ia   74   83                                                      0.00011382130467789616                                                    
a_ia   74   83                                                      0.00076927170722854090                                                    
a_ia   79   82                                                      0.23042293138758968007                                                    
a_ia   79   84                                                      0.16701443761266768218                                                    
mvp2    1   47   53   80   47    1   53   80                        0.00399469815975538479   -0.59052085180408608878                          
a_ia   53   80                                                     -0.00029761784483338616                                                    
op     19   27   71   79   27   19   71   79                       -0.00793329998992336506                                                    
a_ia   19   27                                                      0.00595210344336133401                                                    
a_ia   71   79                                                     -0.01232385328297223685                                                    
mvp2    1   26   73   81   26    1   73   81                        0.00494645728129075504    0.32193657118306479026                          
a_ia   21   29                                                      0.00211477913395684541                                                    
mvp3   71   78   73   79   71   73   79   78   71   73   78   79   -0.02481075731776269042   -0.12004078883514723852    0.40077951095745623089
a_ia   71   79                                                      0.01271963848005358555                                                    
mvp2   22   27   74   79   27   22   74   79                       -0.03925049843052767773    0.04820479492657164799                          
mvp3   67   78   73  101   67   73  101   78   67   73   78  101   -0.00643238522761594052    0.78712914243373710566    0.11010314834079237833
a_ia   74   75                                                     -0.33105732151820183029                                                    
a_ia    1   15                                                      0.65371976102859585822                                                    
