op     21   26   73   78   26   21   73   78                       -0.10996758962633587653                                                    
op     22   27   74   79   27   22   74   79                       -0.07280963290224588824                                                    
a_ia   78   80                                                      0.29890301757217691003                                                    
mvp2    1   49   73   78   49    1   73   78                        0.03088181164749699906    0.11677390475834228956                          
mvp2    1   32   73   78   32    1   73   78                        0.00785137058642480790    0.03793803858625303255                          
mvp2    1   49   74   79   49    1   74   79                        0.02347619995775949292    0.02248462764191853577                          
mvp2   21   26   73   83   26   21   73   83                        0.01803859632338112098   -0.19534484475270366688                          
mvp2    1   28   21   49    1   21   28   49                       -0.00446074619618901103   -1.11921130762315801377                          
mvp2    1   49   53  101   49    1   53  101                       -0.00695238520811620585    0.80534801013133316960                          
mvp2    1   27   53   79   27    1   53   79                       -0.00953090597502568963    0.04416673261421855123                          
mvp2    1   26   53   78   26    1   53   78                       -0.00700203869266992178   -0.00299388051003912723                          
mvp2   21   26   53   81   26   21   53   81                        0.00992554954688534483   -0.05603521660595899012                          
mvp2    1   28   53   80   28    1   53   80                       -0.00484520179491092998   -0.00189852840079067302                          
mvp2    1   29   53   81   29    1   53   81                       -0.00425334671665717791   -0.03538653886397381126                          
a_ia   78   79                                                      0.10683059517104895320                                                    
mvp2    1   47   74   79   47    1   74   79                        0.01081202960062337126    0.11621716912150606427                          
