op     21   26   73   78   26   21   73   78                       -0.11095353008233456438                                                    
op     22   27   74   79   27   22   74   79                       -0.07261192057245971498                                                    
a_ia   78   80                                                      0.29996222282705969908                                                    
mvp2    1   49   73   78   49    1   73   78                        0.03177730630869975148    0.13644723513847703544                          
mvp2    1   32   73   78   32    1   73   78                        0.00807767469039218436    0.03996094426988881787                          
mvp2    1   49   74   79   49    1   74   79                        0.02333719910849402918    0.00761053771551791804                          
mvp2   21   26   73   83   26   21   73   83                        0.01758908434278755317   -0.20766883613108624851                          
mvp2    1   28   21   49    1   21   28   49                       -0.00438905736684086761   -1.12056235376743962284                          
mvp2    1   49   53  101   49    1   53  101                       -0.00704612492725400965    0.79532670605381561302                          
mvp2    1   27   53   79   27    1   53   79                       -0.00941156255620207924    0.05098324577140025959                          
mvp2    1   26   53   78   26    1   53   78                       -0.00729176111851798960   -0.00562152425352770244                          
mvp2   21   26   53   81   26   21   53   81                        0.01036805374936440767   -0.05549739228732728652                          
mvp2    1   28   53   80   28    1   53   80                       -0.00500089098029724358   -0.00342382226679526858                          
mvp2    1   29   53   81   29    1   53   81                       -0.00423418435284822307   -0.06453160174882199840                          
a_ia   78   79                                                      0.10851093281035172067                                                    
mvp2    1   47   74   79   47    1   74   79                        0.00848840091346942695    0.07996866817830297625                          
mvp3    1   26   21   47    1   21   47   26    1   21   26   47   -0.00743332263562585232   -0.01066129076822376447    0.10416415254299497828
mvp2   23   27   73   78   27   23   73   78                        0.01815236127915551348    0.15675674352264978850                          
