op     21   26   73   78   26   21   73   78                       -0.12380057856872085653                                                    
op     22   27   74   79   27   22   74   79                        0.00726180205372938068                                                    
a_ia   78   80                                                     -0.01357798812756955652                                                    
mvp2    1   49   73   78   49    1   73   78                        0.08078332212319414007    0.47250138565641941479                          
mvp2    1   32   73   78   32    1   73   78                        0.01048041248125088955    0.05901637853512584769                          
mvp2    1   49   74   79   49    1   74   79                        0.02513046981951607903   -1.10285755476300928457                          
mvp2   21   26   73   83   26   21   73   83                        0.00781635086776743225   -0.10791476624134566098                          
mvp2    1   28   21   49    1   21   28   49                       -0.00438232179816542937   -0.90870918327535499248                          
mvp2    1   49   53  101   49    1   53  101                       -0.00850267772745156615    0.75814701809894313733                          
mvp2    1   27   53   79   27    1   53   79                       -0.00353661254630720625    0.25226152372892313158                          
mvp2    1   26   53   78   26    1   53   78                       -0.00589413684318376967   -0.02454528389562152940                          
mvp2   21   26   53   81   26   21   53   81                        0.01003209425009291000   -0.09690627496354255188                          
mvp2    1   28   53   80   28    1   53   80                       -0.00350341368451828703   -0.04129172190679798043                          
mvp2    1   29   53   81   29    1   53   81                       -0.00391411010018337044   -0.49635666479733592249                          
a_ia   78   79                                                      0.16915907546800235117                                                    
mvp2    1   47   74   79   47    1   74   79                        0.00837228001120565203    0.19885506523467547102                          
mvp3    1   26   21   47    1   21   47   26    1   21   26   47   -0.01125518948981159111   -0.49781673197768139261    0.14337086683575431256
mvp2   23   27   73   78   27   23   73   78                        0.07743832237142517227    0.66192956750441334091                          
mvp3   73   79   74   83   73   74   83   79   73   74   79   83   -0.00462872424080473539    0.66428283407140975569    0.13634529732469896635
mvp2   22   27   53   80   27   22   53   80                        0.00101833785158325228    0.49616644387105335312                          
a_ia   78   80                                                      0.30333205468834240071                                                    
mvp2    1   29   53  101   29    1   53  101                       -0.00420782255234899288   -0.49229722375778572907                          
mvp2   18   26   73   78   26   18   73   78                       -0.02610397556502189187   -0.27142145339819095939                          
a_ia   73   80                                                     -0.00132893117728134238                                                    
a_ia   22   23                                                      0.95909780565660973650                                                    
a_ia   74   83                                                     -0.00003279032742354560                                                    
a_ia   74   83                                                      0.00062266007512709934                                                    
a_ia   79   82                                                      0.22599401008550015768                                                    
a_ia   79   84                                                      0.20124335794192901861                                                    
mvp2    1   47   53   80   47    1   53   80                        0.00500400369266773039   -0.37834317226161506831                          
a_ia   53   80                                                     -0.00002158526544810582                                                    
op     19   27   71   79   27   19   71   79                       -0.00061897871522021558                                                    
a_ia   19   27                                                     -0.00038904146180739535                                                    
a_ia   71   79                                                     -0.01323705562507391034                                                    
mvp2    1   26   73   81   26    1   73   81                        0.00579931295844947174    0.26677507882017076346                          
a_ia   21   29                                                      0.00246961441291514453                                                    
mvp3   71   78   73   79   71   73   79   78   71   73   78   79   -0.02272167543403323664   -0.09695028961804254275    0.42970690192983118649
a_ia   71   79                                                      0.01348159774473832451                                                    
mvp2   22   27   74   79   27   22   74   79                       -0.03128117462431350554    0.03169525771018054383                          
mvp3   67   78   73  101   67   73  101   78   67   73   78  101   -0.00938393603999095743    0.65673746093844498350    0.15728003152569394740
a_ia   74   75                                                     -0.32948680235546295991                                                    
a_ia    1   15                                                      0.80144311791121458644                                                    
a_ia   21   25                                                      0.02841123453478615335                                                    
a_ia   26   31                                                     -0.19237207437115538822                                                    
a_ia   27   30                                                      0.16368509609257664295                                                    
a_ia   71   73                                                     -0.02259576989107114908                                                    
a_ia   27   32                                                      0.13584554996133768601                                                    
a_ia   26   32                                                      0.14190589692798433186                                                    
a_ia   19   23                                                     -1.00258747395900771338                                                    
a_ia   27   31                                                      0.17665484171574066807                                                    
mvp2   22   27   53   99   27   22   53   99                        0.00964977951823465380   -0.17626722798803978742                          
a_ia   22   26                                                     -0.00166857470762189265                                                    
a_ia   53   99                                                     -0.00145330221103991543                                                    
a_ia   15   28                                                      0.00198266349496596097                                                    
mvp2   15   47   67  101   47   15   67  101                       -0.00469047599402067864   -0.13142495254903313606                          
a_ia   67   79                                                     -0.00327841589964716299                                                    
mvp2   21   26   67   99   26   21   67   99                        0.01527231097086829449   -0.26673580336416058412                          
a_ia   21   26                                                     -0.00411660852809458619                                                    
a_ia    1   29                                                     -0.00073263744704418798                                                    
a_ia   73   79                                                     -0.00185774078768663952                                                    
a_ia   70   78                                                     -0.00126239458735659914                                                    
op     15   39   67   90   39   15   67   90                        0.00971093274951572577                                                    
a_ia   67   90                                                      0.00246913006727130218                                                    
a_ia   27   39                                                     -0.03192562464493574337                                                    
a_ia   22   39                                                     -0.00261965907151218581                                                    
mvp2   21   26   73   88   26   21   73   88                       -0.00923645156337374491    0.14199199576779072962                          
mvp2   15   38   67   90   38   15   67   90                       -0.01178614193556444360   -0.72011902253903914417                          
a_ia   15   27                                                     -0.00357899794124132749                                                    
mvp2   22   27   53   84   27   22   53   84                        0.00620180342527358857   -0.09905075113977829249                          
mvp2   15   38   67   85   38   15   67   85                       -0.00571419852838565747    1.07776593837452172586                          
mvp2   21   26   70   78   26   21   70   78                       -0.02271476291469905207    0.29783395233430082216                          
