op     21   26   73   78   26   21   73   78                       -0.10959376864901905491                                                    
op     22   27   74   79   27   22   74   79                       -0.07413223528462770107                                                    
a_ia   78   80                                                      0.29101984642932043901                                                    
mvp2    1   49   73   78   49    1   73   78                        0.02869708681093924990    0.09703113246027739169                          
mvp2    1   32   73   78   32    1   73   78                        0.00795548325040300493    0.03583854332955810351                          
mvp2    1   49   74   79   49    1   74   79                        0.02210683393482533454    0.08471147184615759884                          
mvp2   21   26   73   83   26   21   73   83                        0.01818467266395515716   -0.17502516958123084945                          
mvp2    1   28   21   49    1   21   28   49                       -0.00425984889561668335   -1.12579558797018353111                          
mvp2    1   49   53  101   49    1   53  101                       -0.00688702634310549289    0.82724509936536771981                          
mvp2    1   27   53   79   27    1   53   79                       -0.00931518084594780069    0.03424963169833489945                          
mvp2    1   26   53   78   26    1   53   78                       -0.00709685278453905336   -0.00001528814077306468                          
