op     18   21   46   49   21   18   46   49                       -0.03618281343276225082                                                    
op     17   21   45   49   21   17   45   49                       -0.03022440823108436814                                                    
op     18   22   46   49   22   18   46   49                       -0.00979988643206167187                                                    
a_ia   45   49                                                      0.00205152855192779421                                                    
op     15   22   43   50   22   15   43   50                       -0.01196232178390375760                                                    
mvp2   18   21   32   50   21   18   32   50                       -0.00749879951737313869    0.00254832198649552382                          
a_ia   16   21                                                      0.00319655005408690622                                                    
mvp2   45   49   47   53   45   47   53   49                        0.00939657853765574896   -0.00245982207603599821                          
a_ia   43   53                                                     -0.00401328764821187907                                                    
a_ia   15   20                                                      0.00205014134933542138                                                    
