op     18   21   46   49   21   18   46   49                       -0.03619717947712711159                                                    
op     17   21   45   49   21   17   45   49                       -0.03033512858125108486                                                    
op     18   22   46   49   22   18   46   49                       -0.00974468728735176405                                                    
a_ia   45   49                                                      0.00194166083345426611                                                    
op     15   22   43   50   22   15   43   50                       -0.01199208519814470332                                                    
mvp2   18   21   32   50   21   18   32   50                       -0.00753443936079348925    0.00462857948940186958                          
a_ia   16   21                                                      0.00312390179727776432                                                    
mvp2   45   49   47   53   45   47   53   49                        0.00963556412398656331   -0.00532066090882312315                          
a_ia   43   53                                                     -0.00424394678759807287                                                    
a_ia   15   20                                                      0.00198019115454368608                                                    
a_ia   43   49                                                      0.00258261897757177837                                                    
mvp2   15   22   46   49   22   15   46   49                       -0.01409121339012432174   -0.00148011651878047893                          
a_ia   43   54                                                      0.00620153061108167768                                                    
a_ia   43   54                                                      0.00000000000000000000                                                    
a_ia   43   54                                                      0.00062751593386160777                                                    
mvp3   46   49   47   52   46   47   52   49   46   47   49   52   -0.01050690557922911127    0.33919329062479275372    0.06778928824677318832
