9.991562488731432490e-01
9.988973369163405280e-01
9.989243546747266222e-01
9.989584451335886683e-01
9.978907425652989716e-01
9.966227439380501707e-01
9.983750135133793169e-01
9.978940942598999442e-01
9.957387094705039132e-01
9.956367401771798464e-01
9.963381033080208615e-01
9.965059150172279612e-01
9.993664457065759565e-01
9.933292489959605343e-01
9.932484259277178928e-01
9.954494856888782550e-01
9.969874197697322152e-03
1.847707328549592215e-02
5.097182273304624173e-03
5.168900290209575699e-03
4.388365363017040013e-03
4.566550137066107545e-03
