9.992256428675849733e-01
9.990339871607718525e-01
9.990322594870681971e-01
9.990597803349282602e-01
9.981433511702570982e-01
9.970773345622268025e-01
9.985773850647667871e-01
9.982839275210169117e-01
9.960444080040129489e-01
9.960209659095972112e-01
9.969523147947134678e-01
9.970818014215419023e-01
9.994515689076629572e-01
9.942521346090560375e-01
9.935511711362008391e-01
9.960445792230347983e-01
9.104484982661018022e-03
1.694402546132264126e-02
4.106762597109070434e-03
4.395923125803349006e-03
3.783148419996339856e-03
3.833043239174369933e-03
