op     26   30   86   90   30   26   86   90                       -0.03601024393710035992                                                    
op     29   31   89   91   31   29   89   91                       -0.01509949586613862187                                                    
mvp2   25   32   86   90   32   25   86   90                        0.00469572415629875353    0.00046718236609480466                          
op     27   30   85   90   30   27   85   90                        0.00332999457948413924                                                    
op     26   34   86   94   34   26   86   94                       -0.00634297850902025909                                                    
op     24   32   84   92   32   24   84   92                       -0.00554205014033670382                                                    
op     16   35   76   95   35   16   76   95                       -0.01218776089132588870                                                    
op      1   35   61   95   35    1   61   95                       -0.00591586175976740406                                                    
op     26   39   29   41   26   29   41   39                        0.00784488720199297968                                                    
op     29   44   89  104   44   29   89  104                       -0.00794569268000236244                                                    
a_ia   29   44                                                     -0.00003059699649722292                                                    
a_ia   29   44                                                     -0.00043742858757206236                                                    
mvp2   29   41   89  104   41   29   89  104                        0.00481720978104125275   -0.63382587764041464773                          
a_ia   89   98                                                      0.00194533500755920486                                                    
mvp2   29   39   86  100   39   29   86  100                        0.00630372153353344570   -0.54152344749529091050                          
mvp2   26   40   29   44   26   29   44   40                       -0.00322751864409929904   -0.56255839731537460313                          
a_ia   89  104                                                     -0.00053473599216773539                                                    
op     16   37   76   95   37   16   76   95                        0.00829486331370681181                                                    
op     86   99   89  103   86   89  103   99                        0.00616856437855426570                                                    
mvp2   29   39   86   99   39   29   86   99                        0.00541978189358810654    0.11616997816961636969                          
om     26   38   86   98   38   26   86   98                       -0.00452926802081492046                                                    
op     23   37   83   95   37   23   83   95                       -0.00403299137660239216                                                    
mvp2   26   39   86  103   39   26   86  103                        0.00476153617357650411   -0.08032084595224892043                          
a_ia   26   39                                                     -0.00034174920809638721                                                    
mvp2   29   38   89  104   38   29   89  104                       -0.00422868673958824541   -0.51148294560464868663                          
mvp3   86   96   89   99   86   89   99   96   86   89   96   99   -0.00551037866501753824    2.59008398151338470328   -0.46577435538153250105
