op     26   30   86   90   30   26   86   90                       -0.03554404133654411047                                                    
op     29   31   89   91   31   29   89   91                       -0.01379855247917388152                                                    
mvp2   25   32   86   90   32   25   86   90                        0.00489678710859436841    0.00072055266603010776                          
op     27   30   85   90   30   27   85   90                        0.00329328602315668260                                                    
op     26   34   86   94   34   26   86   94                       -0.00630099037059142324                                                    
op     24   32   84   92   32   24   84   92                       -0.00542079602774528293                                                    
op     16   35   76   95   35   16   76   95                       -0.01219443445914613483                                                    
op      1   35   61   95   35    1   61   95                       -0.00590885948316266334                                                    
op     26   39   29   41   26   29   41   39                        0.00789899994769619439                                                    
op     29   44   89  104   44   29   89  104                       -0.01053269725608925456                                                    
a_ia   29   44                                                      0.00006992227000126696                                                    
a_ia   29   44                                                     -0.00033690932107357250                                                    
mvp2   29   41   89  104   41   29   89  104                        0.00506278936197051502   -0.63808432282775229272                          
a_ia   89   98                                                      0.00242329984388683526                                                    
mvp2   29   39   86  100   39   29   86  100                        0.00627748096088187081   -0.54146242921113874047                          
mvp2   26   40   29   44   26   29   44   40                       -0.00899466121844866295   -0.56255584956986159906                          
a_ia   89  104                                                     -0.00004522009700523756                                                    
op     16   37   76   95   37   16   76   95                        0.00832122384762209143                                                    
op     86   99   89  103   86   89  103   99                        0.00674599920124733902                                                    
mvp2   29   39   86   99   39   29   86   99                        0.00611484768746555808    0.11614305739903207915                          
om     26   38   86   98   38   26   86   98                       -0.00448853862584943156                                                    
op     23   37   83   95   37   23   83   95                       -0.00403239601793409230                                                    
mvp2   26   39   86  103   39   26   86  103                        0.00477486851867110155   -0.08072455383176062316                          
a_ia   26   39                                                     -0.00030032705210038664                                                    
mvp2   29   38   89  104   38   29   89  104                       -0.00516370755997308181   -0.51148820388665161563                          
mvp3   86   96   89   99   86   89   99   96   86   89   96   99   -0.00545887480553363530    2.59008437467703256374   -0.46577523903444123521
mvp2   29   40   89  100   40   29   89  100                       -0.00636871793687197700   -0.18401963364864526440                          
a_ia   26   38                                                     -0.00072505062976467116                                                    
mvp2   29   44   89   98   44   29   89   98                       -0.00522268188605547017    0.74383901791063600228                          
a_ia   29   44                                                      0.00108758089154705373                                                    
mvp2   25   32   85   92   32   25   85   92                       -0.00319925353771578335    0.29628840187246141546                          
a_ia   24   30                                                      0.00087550208316991660                                                    
mvp2   26   43   89  104   43   26   89  104                        0.00327322005003920745    0.52699566244026851969                          
op     25   30   88   90   30   25   88   90                        0.00741071248260811565                                                    
op     28   31   88   91   31   28   88   91                       -0.00861372355069902132                                                    
op     19   30   79   90   30   19   79   90                       -0.01077806019061384665                                                    
a_ia   79   90                                                      0.00167719326169154474                                                    
a_ia   19   30                                                      0.00175692061329841220                                                    
mvp2   29   44   86  100   44   29   86  100                       -0.00399195703906754778    0.66867762650492690302                          
mvp2   26   39   86  100   39   26   86  100                       -0.00533106628198669070    0.14710153956000610043                          
a_ia   89  104                                                     -0.00058931823143155353                                                    
op     29   45   89  105   45   29   89  105                       -0.00440202973387692018                                                    
a_ia   76   95                                                     -0.00356866932012011272                                                    
a_ia   95   97                                                     -0.57303767980053366138                                                    
a_ia   24   25                                                      0.46012660585183157158                                                    
a_ia   30   34                                                      0.21870145958730999314                                                    
a_ia   26   27                                                      0.29421207000444549173                                                    
