op     26   30   86   90   30   26   86   90                       -0.04313402541550643426                                                    
op     29   31   89   91   31   29   89   91                       -0.01401128757297698951                                                    
mvp2   25   32   86   90   32   25   86   90                        0.00994424016215378348    0.11484210669746323930                          
op     27   30   85   90   30   27   85   90                        0.00089619018620817686                                                    
op     26   34   86   94   34   26   86   94                       -0.00448175606890592170                                                    
op     24   32   84   92   32   24   84   92                       -0.00215147180615611090                                                    
op     16   35   76   95   35   16   76   95                       -0.01554181811811458126                                                    
op      1   35   61   95   35    1   61   95                       -0.00724879959747653461                                                    
op     26   39   29   41   26   29   41   39                        0.01572734526596664129                                                    
op     29   44   89  104   44   29   89  104                       -0.01066692693504437718                                                    
a_ia   29   44                                                     -0.00051787231968364203                                                    
a_ia   29   44                                                     -0.00092470391075843950                                                    
mvp2   29   41   89  104   41   29   89  104                        0.00484613732427275831   -0.95364423660098440738                          
a_ia   89   98                                                      0.00218478118586889342                                                    
mvp2   29   39   86  100   39   29   86  100                        0.00637189018438613815    0.02996470068411690238                          
mvp2   26   40   29   44   26   29   44   40                       -0.01017553071120962625   -0.56009549622840337779                          
a_ia   89  104                                                     -0.00051280681466099771                                                    
op     16   37   76   95   37   16   76   95                        0.01292834396387432076                                                    
op     86   99   89  103   86   89  103   99                        0.01083517225808866731                                                    
mvp2   29   39   86   99   39   29   86   99                        0.00664810383848434949    0.01027163592702973888                          
om     26   38   86   98   38   26   86   98                       -0.00414665536855462428                                                    
op     23   37   83   95   37   23   83   95                        0.00090803907725738378                                                    
mvp2   26   39   86  103   39   26   86  103                        0.00562633718267063244   -0.79272494819606220684                          
a_ia   26   39                                                     -0.00092879430558861435                                                    
mvp2   29   38   89  104   38   29   89  104                       -0.00460499730197790318   -0.49457194068927873287                          
mvp3   86   96   89   99   86   89   99   96   86   89   96   99   -0.00608862686589534911    2.74821903949242019038   -0.41434509324313700818
mvp2   29   40   89  100   40   29   89  100                       -0.00631397958135185722   -0.10193288881696517534                          
a_ia   26   38                                                     -0.00055056155790868689                                                    
mvp2   29   44   89   98   44   29   89   98                       -0.00344676031841869039    0.26912134480283184113                          
a_ia   29   44                                                      0.00151426175513252903                                                    
mvp2   25   32   85   92   32   25   85   92                       -0.00463650963447574411    0.32362018555638577544                          
a_ia   24   30                                                     -0.00106042783271233644                                                    
mvp2   26   43   89  104   43   26   89  104                        0.00332473889308845631    0.94954500657082718806                          
op     25   30   88   90   30   25   88   90                        0.01148818450559936297                                                    
op     28   31   88   91   31   28   88   91                       -0.00826344613447418420                                                    
op     19   30   79   90   30   19   79   90                       -0.01057682455478438366                                                    
a_ia   79   90                                                      0.00131335647068049990                                                    
a_ia   19   30                                                      0.00130957845966795869                                                    
mvp2   29   44   86  100   44   29   86  100                       -0.00365635412210986617    0.95377203753089934146                          
mvp2   26   39   86  100   39   26   86  100                       -0.00602175522732609735    0.30878097906216905866                          
a_ia   89  104                                                     -0.00029520043778022203                                                    
op     29   45   89  105   45   29   89  105                       -0.00452881634040465126                                                    
a_ia   76   95                                                     -0.00507782422669413470                                                    
a_ia   95   97                                                     -0.66962168908360475417                                                    
a_ia   24   25                                                      0.73997306708025578637                                                    
a_ia   30   34                                                      0.23134460745991650144                                                    
a_ia   26   27                                                      0.30956261939517876192                                                    
a_ia   86   87                                                      0.31494398233271186927                                                    
om     16   32   76   92   32   16   76   92                       -0.00337683770573860703                                                    
a_ia   90   95                                                     -0.10453127482931978687                                                    
mvp2   26   39   86   91   39   26   86   91                       -0.00562985382593124244    0.63605173850185892093                          
a_ia   30   32                                                     -0.15899034737995612621                                                    
a_ia   76   88                                                     -0.15377604197951302845                                                    
om     25   37   85   97   37   25   85   97                       -0.01111592234383334751                                                    
mvp2   26   43   86   99   43   26   86   99                        0.00488556335531517213    0.08223094038456747745                          
a_ia   16   26                                                      0.16017234379968864344                                                    
a_ia   86   95                                                     -0.00185238353846308096                                                    
mvp2   29   41   89   98   41   29   89   98                        0.00356200112280659256   -0.26001689007248390828                          
a_ia   86   90                                                      0.00240077616119068610                                                    
op     18   32   78   92   32   18   78   92                       -0.00631743724872297404                                                    
a_ia   90   99                                                      0.03732733278798356508                                                    
mvp2   24   30   79   90   30   24   79   90                       -0.00986278808725527846   -0.78491186290051606633                          
