op     26   30   86   90   30   26   86   90                       -0.03604715518115726020                                                    
op     29   31   89   91   31   29   89   91                       -0.01513107933386122379                                                    
mvp2   25   32   86   90   32   25   86   90                        0.00469657229066670293    0.00044047559520476754                          
op     27   30   85   90   30   27   85   90                        0.00333020626404393737                                                    
op     26   34   86   94   34   26   86   94                       -0.00637375612792221054                                                    
op     24   32   84   92   32   24   84   92                       -0.00554206728670686172                                                    
op     16   35   76   95   35   16   76   95                       -0.01186664564611693631                                                    
op      1   35   61   95   35    1   61   95                       -0.00591692232725821599                                                    
op     26   39   29   41   26   29   41   39                        0.00607916645325858995                                                    
op     29   44   89  104   44   29   89  104                       -0.00656254708726559163                                                    
a_ia   29   44                                                      0.00000000000000000000                                                    
a_ia   29   44                                                     -0.00040683159107483943                                                    
mvp2   29   41   89  104   41   29   89  104                        0.00482904264945793662   -0.63382815184699103916                          
a_ia   89   98                                                      0.00194294797194828725                                                    
mvp2   29   39   86  100   39   29   86  100                        0.00631361383712765543   -0.54152267783926932854                          
