op     26   30   86   90   30   26   86   90                       -0.04319992322770997706                                                    
op     29   31   89   91   31   29   89   91                       -0.01400526823603485960                                                    
mvp2   25   32   86   90   32   25   86   90                        0.00999392077118436105    0.11558010834510652753                          
op     27   30   85   90   30   27   85   90                        0.00090408228292482155                                                    
op     26   34   86   94   34   26   86   94                       -0.00452481306650593957                                                    
op     24   32   84   92   32   24   84   92                       -0.00216259548838350487                                                    
op     16   35   76   95   35   16   76   95                       -0.01552156033504458778                                                    
op      1   35   61   95   35    1   61   95                       -0.00721374390855341555                                                    
op     26   39   29   41   26   29   41   39                        0.01738434233727865347                                                    
op     29   44   89  104   44   29   89  104                       -0.01128083845177671983                                                    
a_ia   29   44                                                     -0.00054976964988935975                                                    
a_ia   29   44                                                     -0.00095660124096415722                                                    
mvp2   29   41   89  104   41   29   89  104                        0.00474613553122299817   -0.95451693058435937989                          
a_ia   89   98                                                      0.00222235697137925133                                                    
mvp2   29   39   86  100   39   29   86  100                        0.00635600207849185399    0.03013301749638766860                          
mvp2   26   40   29   44   26   29   44   40                       -0.01021141677133958862   -0.56035275633498971004                          
a_ia   89  104                                                     -0.00053793613340128322                                                    
op     16   37   76   95   37   16   76   95                        0.01273437195247775940                                                    
op     86   99   89  103   86   89  103   99                        0.01080966705410325683                                                    
mvp2   29   39   86   99   39   29   86   99                        0.00691826402556090445    0.01019803731455384485                          
om     26   38   86   98   38   26   86   98                       -0.00420629874817815032                                                    
op     23   37   83   95   37   23   83   95                        0.00100806804487706646                                                    
mvp2   26   39   86  103   39   26   86  103                        0.00557919744102181470   -0.79243873916717033623                          
a_ia   26   39                                                     -0.00091993229157512606                                                    
mvp2   29   38   89  104   38   29   89  104                       -0.00516767175210679306   -0.49356088501970002413                          
mvp3   86   96   89   99   86   89   99   96   86   89   96   99   -0.00613399578275630915    2.74825964876932626879   -0.41431348559523356601
mvp2   29   40   89  100   40   29   89  100                       -0.00634038917439768909   -0.10195901510159338654                          
a_ia   26   38                                                     -0.00057059298024087206                                                    
mvp2   29   44   89   98   44   29   89   98                       -0.00348164155142189789    0.26912716780130579997                          
a_ia   29   44                                                      0.00145522906942485036                                                    
mvp2   25   32   85   92   32   25   85   92                       -0.00463238503040495908    0.32354183489334820134                          
a_ia   24   30                                                     -0.00124878341029443065                                                    
mvp2   26   43   89  104   43   26   89  104                        0.00339247921116789036    0.94822612681261930767                          
op     25   30   88   90   30   25   88   90                        0.01150117336294133839                                                    
op     28   31   88   91   31   28   88   91                       -0.00824812602186546055                                                    
op     19   30   79   90   30   19   79   90                       -0.01064206724557928765                                                    
a_ia   79   90                                                      0.00121171229749539094                                                    
a_ia   19   30                                                      0.00129977965877809722                                                    
mvp2   29   44   86  100   44   29   86  100                       -0.00359815722538829466    0.95410901420410265672                          
mvp2   26   39   86  100   39   26   86  100                       -0.00603779759084500760    0.30864425134464690270                          
a_ia   89  104                                                     -0.00027401443830513903                                                    
op     29   45   89  105   45   29   89  105                       -0.00442836700603731290                                                    
a_ia   76   95                                                     -0.00501333889115245217                                                    
a_ia   95   97                                                     -0.66968406103626199055                                                    
a_ia   24   25                                                      0.74026136768241523889                                                    
a_ia   30   34                                                      0.23124992387820805795                                                    
a_ia   26   27                                                      0.30959791777634582122                                                    
a_ia   86   87                                                      0.31497463191619545775                                                    
om     16   32   76   92   32   16   76   92                       -0.00339327432176168928                                                    
a_ia   90   95                                                     -0.10454664220595118185                                                    
mvp2   26   39   86   91   39   26   86   91                       -0.00564969228716707874    0.63583552928394726500                          
a_ia   30   32                                                     -0.15903605040783116986                                                    
a_ia   76   88                                                     -0.15376972752518314191                                                    
om     25   37   85   97   37   25   85   97                       -0.01111286385300518965                                                    
mvp2   26   43   86   99   43   26   86   99                        0.00496608598850135311    0.08185360287088204456                          
a_ia   16   26                                                      0.16021249141827739737                                                    
a_ia   86   95                                                     -0.00186426612426308859                                                    
mvp2   29   41   89   98   41   29   89   98                        0.00353638382561748859   -0.26234335652829982033                          
a_ia   86   90                                                      0.00239583524658106006                                                    
op     18   32   78   92   32   18   78   92                       -0.00630104423686882360                                                    
a_ia   90   99                                                      0.03743158580257122114                                                    
mvp2   24   30   79   90   30   24   79   90                       -0.00985054352529420724   -0.78491076823237260207                          
mvp2   26   40   86   99   40   26   86   99                       -0.00526976969749312456   -0.04875045579160838805                          
a_ia   86   99                                                     -0.00024047221998038266                                                    
a_ia   84   97                                                      0.00131884729230895346                                                    
op     22   37   83   97   37   22   83   97                        0.00280116500793793719                                                    
a_ia   78   97                                                      0.00190131842964968555                                                    
mvp2   16   35   85   97   35   16   85   97                        0.00644195401296247111    0.00606452387614399378                          
a_ia   16   35                                                     -0.00317052450184307629                                                    
mvp2   28   43   89  104   43   28   89  104                        0.00406554032300111487    0.67801296265335853075                          
a_ia   29   41                                                     -0.00036629102025146878                                                    
a_ia   90   92                                                     -0.14911703612097360061                                                    
mvp2   26   40   86   98   40   26   86   98                        0.00311922656999244615   -0.27484240684310112801                          
