-9.821379488678657026e+02
-9.821540791602014906e+02
-9.821678082682864215e+02
-9.821834232832192129e+02
-9.821943624145022795e+02
-9.822019339241107900e+02
-9.822107071244964800e+02
-9.822163045740365988e+02
-9.822240067405583659e+02
-9.822277087631696304e+02
-9.822331033757093337e+02
-9.822357287781114792e+02
-9.822394179771229119e+02
-9.822414563024311747e+02
-9.822451713624637932e+02
-9.822474227482438209e+02
-9.822503870847865528e+02
-9.822529522199873782e+02
-9.822556969900180093e+02
-9.822567995559996916e+02
-9.822575653694217408e+02
-9.822613245780063380e+02
-9.822646564800764963e+02
-9.822652317309298269e+02
-9.822668095601835603e+02
-9.822703724252748998e+02
-9.822712874418680258e+02
-9.822721392819836410e+02
-9.822725774625448594e+02
-9.822733284067068098e+02
-9.822744092233227775e+02
-9.822746494606527676e+02
-9.822763255571869649e+02
-9.822768656250930235e+02
-9.822786523416049249e+02
-9.822791299141989612e+02
-9.822795656257164865e+02
-9.822797844894639638e+02
-9.822800245753485342e+02
-9.822810242056026482e+02
-9.822814942292900469e+02
-9.822816232371141041e+02
-9.822826988367387457e+02
-9.822830795397385373e+02
-9.822838032148606544e+02
-9.822838868248387598e+02
-9.822840599693467993e+02
-9.822844877293599666e+02
-9.822849455765663151e+02
-9.822880394423244752e+02
-9.822883575922088539e+02
-9.822891460130650785e+02
-9.822900373308638109e+02
-9.822901295476732457e+02
-9.822904342957332346e+02
-9.822905695977223104e+02
-9.822909875161853961e+02
-9.822910073179176607e+02
-9.822910449961507311e+02
-9.822910769754780631e+02
-9.822918827063574554e+02
-9.822919779099856896e+02
-9.822924980339988679e+02
-9.822925843481592665e+02
-9.822928412038643273e+02
-9.822929005169927450e+02
-9.822931471624636970e+02
-9.822931668901260309e+02
-9.822931965087813069e+02
-9.822932282289748400e+02
-9.822932544749402268e+02
-9.822943692339677000e+02
-9.822944302616464256e+02
-9.822944441225241690e+02
-9.822944801590167572e+02
-9.822945198898639774e+02
-9.822945543119196827e+02
-9.822945885302389115e+02
-9.822946504170432718e+02
-9.822946715584562298e+02
-9.822948200973187340e+02
-9.822950565810955368e+02
-9.822954852485829633e+02
-9.822965765021967854e+02
-9.822966004964935109e+02
-9.822968535369166148e+02
-9.822978714430824994e+02
-9.822978858225287695e+02
-9.822979168558289302e+02
-9.822979631221204500e+02
-9.822984847489833555e+02
-9.822988804802668028e+02
-9.822989077919074816e+02
-9.822989189755446660e+02
-9.822990045773137808e+02
-9.822990450910873506e+02
-9.822990607598866291e+02
-9.822991541344478037e+02
-9.822991660068931878e+02
-9.822992193599179700e+02
-9.822992459185197731e+02
-9.822992673423337919e+02
-9.822992898356718570e+02
-9.822993128116477237e+02
-9.822993309928003782e+02
-9.823004579622047459e+02
-9.823005004737520949e+02
-9.823005543077196080e+02
-9.823005684778723889e+02
-9.823006161128887470e+02
-9.823006714312199392e+02
-9.823006130556519793e+02
-9.823005633744123770e+02
-9.823009810542753257e+02
-9.823010099522196015e+02
-9.823010265744466096e+02
-9.823010437584612191e+02
-9.823010680252837119e+02
-9.823011218381678873e+02
-9.823011538023413323e+02
-9.823021054578398434e+02
-9.823021281028959493e+02
-9.823021633961442376e+02
-9.823021816047062202e+02
-9.823021957931915722e+02
-9.823022035729211439e+02
-9.823022269291828934e+02
-9.823022572471751346e+02
-9.823022763041989265e+02
-9.823022920152196775e+02
-9.823023026289361042e+02
-9.823023175189146059e+02
-9.823023554142245075e+02
-9.823023769757554646e+02
-9.823023844756193057e+02
-9.823024010803280817e+02
-9.823024161228686353e+02
-9.823024427726123804e+02
-9.823031736798878910e+02
-9.823047526878900726e+02
-9.823047766161263326e+02
-9.823048148964026041e+02
-9.823048330429546695e+02
-9.823048517268772457e+02
-9.823048748326692703e+02
-9.823049091400816906e+02
-9.823049171126575629e+02
-9.823049327803635151e+02
-9.823049532782414417e+02
-9.823049669796594117e+02
-9.823049983564258127e+02
-9.823050083609425656e+02
-9.823056607669649338e+02
-9.823056903371841599e+02
-9.823057014708971337e+02
-9.823057173216885758e+02
-9.823057427565647686e+02
