9.999999892823774328e-01
9.999988669898108862e-01
9.999989463338685436e-01
9.999990472048750911e-01
9.999991315470312392e-01
9.999878998934546015e-01
9.999727768696273777e-01
9.999707923034244494e-01
9.999701893972999800e-01
9.981519679705740389e-01
9.976964308328519770e-01
9.976750291618582400e-01
9.976228099995916310e-01
9.962204264318179625e-01
9.960866041428702022e-01
9.970765810797748152e-01
9.985274756609503477e-01
9.965657296605745508e-01
9.985266880960610436e-01
9.965272792214932007e-01
9.970189066945219780e-01
9.961154561927686446e-01
9.944607241848719692e-01
9.936876511068237772e-01
9.934581991913903343e-01
9.928379124730059013e-01
9.927974276175430823e-01
9.918110484557565165e-01
9.926167089526451992e-01
1.198357767993383539e-02
6.434094966047040551e-03
7.564025463728800414e-03
1.530475179643531495e-03
6.675178191294539598e-03
3.200423763692179357e-03
2.756400722515412512e-03
4.896405455404947635e-03
3.072310110629125623e-03
1.088014799904580936e-03
1.797798063383320485e-03
1.412551809290973383e-03
6.960401094091038304e-04
7.017716865242923981e-04
1.293234062257109067e-03
1.001036257529439900e-03
1.791397904904516898e-03
2.121983430900889651e-03
3.808417305865952496e-03
1.391037454009293184e-03
1.742711056030421491e-03
2.148197202041096654e-03
2.732362377267624591e-03
2.026685628112597816e-03
2.300491695844243331e-03
2.389736804819770667e-03
1.959953652537159245e-03
4.104989971207249899e-03
