9.999999913233632576e-01
9.999994197854429334e-01
9.999991320003553952e-01
9.999993680717669253e-01
9.999996395553463202e-01
9.999957448862193399e-01
9.999942805244054211e-01
9.999895137886408714e-01
9.999924270854758657e-01
9.987109100653662752e-01
9.980632357081209438e-01
9.984295536372727042e-01
9.989146404650881550e-01
9.972698113476519133e-01
9.974889029935293250e-01
9.985654595001273170e-01
9.991865158147803516e-01
9.983080338246943519e-01
9.992214883295014172e-01
9.969152971436836541e-01
9.969188602561296353e-01
9.958231656236720131e-01
9.945015978660936007e-01
9.937349828480686043e-01
9.939853332728225688e-01
9.936769859311401776e-01
9.932557421415484367e-01
9.923983214721521229e-01
9.917040824353368089e-01
1.136694103555438082e-02
6.786843978949583592e-03
8.114429403488573542e-03
1.658732272460080540e-03
6.997562850878678853e-03
1.977326430947788909e-03
1.875908953432805061e-03
3.777078594841323019e-03
1.698548885273646518e-03
9.985534783051377983e-04
1.549452285642653401e-03
1.054168434521826365e-03
4.683635610558062670e-04
4.709263203678854155e-04
1.159587383029756901e-03
6.965156433932388411e-04
1.287444002230608061e-03
1.775839186642802969e-03
3.459726251783676581e-03
1.165413512004075981e-03
1.426503021354075598e-03
1.474618396010823115e-03
2.140676407822419275e-03
1.613230011653863857e-03
1.945398747754808469e-03
1.448175689149283109e-03
1.214779769147157889e-03
3.354816552935338189e-03
