Energy (SCF): -406.417242963

--------------------------------------------------------------------------------
CEO-ADAPT-VQE iteration: 1
--------------------------------------------------------------------------------
    gate        derivative      name       op1       op2       op3        g_unscaled   penalty
  114364        0.00343740        op      2976      2977                  0.08593502        25
  114365        0.00343740        om      2976      2977                  0.08593502        25
  114366        0.00222575        op      2978      2979                  0.07344981        33
  114367        0.00222575        om      2978      2979                  0.07344981        33
    2976        0.00209598    a_iajb      2976                            0.08593502        41
  114368        0.00196224        op      2980      2981                  0.08045172        41
  114369        0.00196224        om      2980      2981                  0.08045172        41
  114168        0.00180650        op      2780      2781                  0.10297022        57
  114169        0.00180650        om      2780      2781                  0.10297022        57
  114096        0.00168237        op      2708      2709                  0.09589528        57

  ==> Add operator: op -1: 2976 2977
  ==> Current qubit order: 0  1  2  3  4  5  6  7  8  9  10  11  12  13  14  15  16  17  18  19  20  21  22  23  24  25  26  27  28  29  30  31  32  33  34  35  36  37  38  39  40  41  42  43  44  45  46  47  48  49  50  51  52  53  54  55  56  57  58  59  60  61  62  63  64  65  66  67  68  69  70  71  72  73  74  75  76  77  78  79  80  81  82  83  84  85  86  87  88  89  90  91  92  93  94  95  96  97  98  99  100  101  102  103  104  105  106  107  108  109  110  111  112  113  114  115  116  117  118  119  120  121  122  123  124  125  126  127  


  ==> Energy                -406.422018704
  ==> dE                       -4.78e-03
  ==> Gradient Norm             8.27e-01
  ==> Abs. Max. Deriv.          1.64e-01
  ==> Time-Grad. (s)             906.071
  ==> Time-Energy (s)             29.038
  ==> Time-Iter. (s)             935.374

--------------------------------------------------------------------------------
CEO-ADAPT-VQE iteration: 2
--------------------------------------------------------------------------------
    gate        derivative      name       op1       op2       op3        g_unscaled   penalty
  246173        0.00189562        op    103092    103093                  0.06255542        33
  246174        0.00189562        om    103092    103093                  0.06255542        33
  241805        0.00180650        op     99756     99757                  0.10297022        57
  241806        0.00180650        om     99756     99757                  0.10297022        57
  246177        0.00163739        op    103096    103097                  0.06713317        41
  246178        0.00163739        om    103096    103097                  0.06713317        41
  240165        0.00149327        op     98443     98444                  0.08511628        57
  240166        0.00149327        om     98443     98444                  0.08511628        57
   99756        0.00141055    a_iajb     99756                            0.10297022        73
  103092        0.00127664    a_iajb    103092                            0.06255542        49

  ==> Add operator: op -1: 103092 103093
  ==> Current qubit order: 0  1  2  3  4  5  6  7  8  9  10  11  12  13  14  15  16  17  18  19  20  21  22  23  24  25  26  27  28  29  30  31  32  33  34  35  36  37  38  39  40  41  42  43  44  45  46  47  48  49  50  51  52  53  54  55  56  57  58  59  60  61  62  63  66  67  64  65  68  69  70  71  72  73  74  75  76  77  78  79  80  81  82  83  84  85  86  87  88  89  90  91  92  93  94  95  96  97  98  99  100  101  102  103  104  105  106  107  108  109  110  111  112  113  114  115  116  117  118  119  120  121  122  123  124  125  126  127  


  ==> Energy                -406.423450709
  ==> dE                       -1.43e-03
  ==> Gradient Norm             7.99e-01
  ==> Abs. Max. Deriv.          1.64e-01
  ==> Time-Grad. (s)             903.098
  ==> Time-Energy (s)             39.720
  ==> Time-Iter. (s)             946.433

--------------------------------------------------------------------------------
CEO-ADAPT-VQE iteration: 3
--------------------------------------------------------------------------------
    gate        derivative      name       op1       op2       op3        g_unscaled   penalty
  111976        0.00029809        op       232       233                  0.08853226       297
  111977        0.00029809        om       232       233                  0.08853226       297
     232        0.00028285    a_iajb       232                            0.08853226       313
  193364        0.00022507        op     62087     62088                  0.05604363       249
  193365        0.00022507        om     62087     62088                  0.05604363       249
   62087        0.00021149    a_iajb     62087                            0.05604363       265
  112050        0.00020676        op       306       307                  0.10771940       521
  112051        0.00020676        om       306       307                  0.10771940       521
     306        0.00020059    a_iajb       306                            0.10771940       537
  183768        0.00015659        op     54771     54772                  0.03648452       233

  ==> Add operator: op -1: 232 233
  ==> Current qubit order: 2  3  4  5  6  7  8  9  10  11  12  13  14  15  16  17  18  19  20  21  22  23  24  25  26  27  28  29  30  31  32  33  34  35  36  0  1  70  71  37  38  39  40  41  42  43  44  45  46  47  48  49  50  51  52  53  54  55  56  57  58  59  60  61  62  63  66  67  64  65  68  69  72  73  74  75  76  77  78  79  80  81  82  83  84  85  86  87  88  89  90  91  92  93  94  95  96  97  98  99  100  101  102  103  104  105  106  107  108  109  110  111  112  113  114  115  116  117  118  119  120  121  122  123  124  125  126  127  


  ==> Energy                -406.424066185
  ==> dE                       -6.15e-04
  ==> Gradient Norm             5.38e-01
  ==> Abs. Max. Deriv.          1.08e-01
  ==> Time-Grad. (s)             917.869
  ==> Time-Energy (s)             29.732
  ==> Time-Iter. (s)             951.327

--------------------------------------------------------------------------------
CEO-ADAPT-VQE iteration: 4
--------------------------------------------------------------------------------
    gate        derivative      name       op1       op2       op3        g_unscaled   penalty
  116316        0.00029295        op      3611      3612                  0.10868390       371
  116317        0.00029295        om      3611      3612                  0.10868390       371
    3611        0.00028084    a_iajb      3611                            0.10868390       387
  111990        0.00028041        op       365       366                  0.10683589       381
  111991        0.00028041        om       365       366                  0.10683589       381
     365        0.00026911    a_iajb       365                            0.10683589       397
  111914        0.00022383        op       289       290                  0.03693137       165
  111915        0.00022383        om       289       290                  0.03693137       165
  111948        0.00021064        op       323       324                  0.05497637       261
  111949        0.00021064        om       323       324                  0.05497637       261

  ==> Add operator: op -1: 3611 3612
  ==> Current qubit order: 2  3  4  5  6  7  8  9  10  11  12  13  14  15  16  17  18  19  20  21  22  23  24  25  26  28  29  30  31  32  33  34  35  36  1  70  71  37  38  39  40  41  42  43  44  45  46  47  48  49  50  51  52  53  54  55  56  57  58  59  60  61  62  63  66  67  64  65  68  69  72  73  27  0  111  126  74  75  76  77  78  79  80  81  82  83  84  85  86  87  88  89  90  91  92  93  94  95  96  97  98  99  100  101  102  103  104  105  106  107  108  109  110  112  113  114  115  116  117  118  119  120  121  122  123  124  125  127  


  ==> Energy                -406.424685509
  ==> dE                       -6.19e-04
  ==> Gradient Norm             4.86e-01
  ==> Abs. Max. Deriv.          1.09e-01
  ==> Time-Grad. (s)             928.217
  ==> Time-Energy (s)             29.787
  ==> Time-Iter. (s)             961.795

--------------------------------------------------------------------------------
CEO-ADAPT-VQE iteration: 5
--------------------------------------------------------------------------------
    gate        derivative      name       op1       op2       op3        g_unscaled   penalty
  111914        0.00050159        om       426       427                  0.10784210       215
  111913        0.00049412        op       426       427                  0.10623500       215
     426        0.00046337    a_iajb       426                            0.10703855       231
  250965        0.00035771        op    106073    106074                  0.01895858        53
  250966        0.00035771        om    106073    106074                  0.01895858        53
  212163        0.00031537        op     76550     76551                  0.03437527       109
  212164        0.00031537        om     76550     76551                  0.03437527       109
  111893        0.00030976        op       406       407                  0.05420853       175
  111894        0.00030976        om       406       407                  0.05420853       175
     406        0.00028381    a_iajb       406                            0.05420853       191

  ==> Add operator: mvp2 -1: 426 427
  ==> Current qubit order: 2  3  4  5  6  7  8  9  10  11  12  13  14  15  16  17  18  19  20  21  22  23  24  25  26  28  29  30  31  32  33  34  35  36  70  71  37  38  39  40  41  42  43  44  45  46  47  48  49  50  51  52  53  54  55  56  57  58  59  60  61  62  63  66  67  64  65  68  69  72  73  27  111  74  75  1  0  126  127  76  77  78  79  80  81  82  83  84  85  86  87  88  89  90  91  92  93  94  95  96  97  98  99  100  101  102  103  104  105  106  107  108  109  110  112  113  114  115  116  117  118  119  120  121  122  123  124  125  


  ==> Energy                -406.425124835
  ==> dE                       -4.39e-04
  ==> Gradient Norm             4.29e-01
  ==> Abs. Max. Deriv.          1.08e-01
  ==> Time-Grad. (s)             962.503
  ==> Time-Energy (s)             31.792
  ==> Time-Iter. (s)             999.521

--------------------------------------------------------------------------------
CEO-ADAPT-VQE iteration: 6
--------------------------------------------------------------------------------
    gate        derivative      name       op1       op2       op3        g_unscaled   penalty
  111833        0.00089581        op       382       383                  0.03672828        41
  111834        0.00089581        om       382       383                  0.03672828        41
     382        0.00064436    a_iajb       382                            0.03672828        57
  111837        0.00050446        op       386       387                  0.01261160        25
  111838        0.00050446        om       386       387                  0.01261160        25
  111875        0.00048452        op       424       425                  0.05475059       113
  111876        0.00048452        om       424       425                  0.05475059       113
     424        0.00042442    a_iajb       424                            0.05475059       129
  111908        0.00036732        om       456       457                  0.05326095       145
  111907        0.00036732        op       456       457                  0.05326090       145

  ==> Add operator: op -1: 382 383
  ==> Current qubit order: 2  3  4  5  6  7  8  9  10  11  12  13  14  15  16  17  18  19  20  21  22  23  24  25  26  28  29  30  31  32  33  34  35  36  70  71  37  38  39  40  41  42  43  44  45  46  47  48  49  50  51  52  53  54  55  56  57  58  59  60  61  62  63  66  67  64  65  68  69  27  72  73  1  0  111  74  75  126  127  76  77  78  79  80  81  82  83  84  85  86  87  88  89  90  91  92  93  94  95  96  97  98  99  100  101  102  103  104  105  106  107  108  109  110  112  113  114  115  116  117  118  119  120  121  122  123  124  125  


  ==> Energy                -406.425223993
  ==> dE                       -9.92e-05
  ==> Gradient Norm             3.86e-01
  ==> Abs. Max. Deriv.          5.74e-02
  ==> Time-Grad. (s)             904.215
  ==> Time-Energy (s)             31.826
  ==> Time-Iter. (s)             941.222

--------------------------------------------------------------------------------
CEO-ADAPT-VQE iteration: 7
--------------------------------------------------------------------------------
    gate        derivative      name       op1       op2       op3        g_unscaled   penalty
  251340        0.00100074        op    106398    106399                  0.04503337        45
  251341        0.00100074        om    106398    106399                  0.04503337        45
  106398        0.00073825    a_iajb    106398                            0.04503337        61
  236826        0.00063802        op     95406     95407                  0.01850260        29
  236827        0.00063802        om     95406     95407                  0.01850260        29
  111884        0.00043656        op       470       471                  0.05456999       125
  111885        0.00043656        om       470       471                  0.05456999       125
  111840        0.00042899        op       426       427                  0.01244059        29
  111841        0.00042899        om       426       427                  0.01244059        29
   95406        0.00041117    a_iajb     95406                            0.01850260        45

  ==> Add operator: op -1: 106398 106399
  ==> Current qubit order: 2  3  4  5  6  7  8  9  10  11  12  13  14  15  16  17  18  19  20  21  22  23  24  25  26  28  29  30  31  32  33  34  35  36  70  71  37  38  39  40  41  42  43  44  45  46  47  48  49  50  51  52  53  54  55  56  58  59  60  61  57  62  67  68  63  66  64  65  69  27  72  73  1  0  111  74  75  126  127  76  77  78  79  80  81  82  83  84  85  86  87  88  89  90  91  92  93  94  95  96  97  98  99  100  101  102  103  104  105  106  107  108  109  110  112  113  114  115  116  117  118  119  120  121  122  123  124  125  


  ==> Energy                -406.425909767
  ==> dE                       -6.86e-04
  ==> Gradient Norm             3.66e-01
  ==> Abs. Max. Deriv.          5.72e-02
  ==> Time-Grad. (s)             901.831
  ==> Time-Energy (s)            119.504
  ==> Time-Iter. (s)            1025.567

--------------------------------------------------------------------------------
CEO-ADAPT-VQE iteration: 8
--------------------------------------------------------------------------------
    gate        derivative      name       op1       op2       op3        g_unscaled   penalty
     133       -0.00047466      a_ia       133                           -0.00189863         4
  112025        0.00043660        op       532       533                  0.05457561       125
  112026        0.00043660        om       532       533                  0.05457561       125
  111977        0.00042907        op       484       485                  0.01244308        29
  111978        0.00042907        om       484       485                  0.01244308        29
  112058        0.00038854        om       564       565                  0.05323037       137
  112057        0.00038853        op       564       565                  0.05322818       137
     532        0.00038706    a_iajb       532                            0.05457561       141
  111971        0.00035986        op       478       479                  0.05721767       159
  111972        0.00035986        om       478       479                  0.05721767       159

  ==> Add operator: a_ia 133
  ==> Current qubit order: 2  3  4  5  6  7  8  9  10  11  12  13  14  15  16  17  18  19  20  21  22  23  24  25  26  28  29  30  31  32  33  34  35  36  70  71  37  38  39  40  41  42  43  44  45  46  47  48  49  50  51  52  53  54  55  56  58  59  60  61  57  62  67  63  68  66  64  65  69  27  72  73  1  0  111  74  75  126  127  76  77  78  79  80  81  82  83  84  85  86  87  88  89  90  91  92  93  94  95  96  97  98  99  100  101  102  103  104  105  106  107  108  109  110  112  113  114  115  116  117  118  119  120  121  122  123  124  125  


  ==> Energy                -406.426507331
  ==> dE                       -5.98e-04
  ==> Gradient Norm             3.84e-01
  ==> Abs. Max. Deriv.          5.72e-02
  ==> Time-Grad. (s)             910.767
  ==> Time-Energy (s)            164.083
  ==> Time-Iter. (s)            1078.681

--------------------------------------------------------------------------------
CEO-ADAPT-VQE iteration: 9
--------------------------------------------------------------------------------
    gate        derivative      name       op1       op2       op3        g_unscaled   penalty
  112036        0.00043659        op       582       583                  0.05457382       125
  112037        0.00043659        om       582       583                  0.05457382       125
  111982        0.00042907        op       528       529                  0.01244304        29
  111983        0.00042907        om       528       529                  0.01244304        29
  112069        0.00039082        om       614       615                  0.05354188       137
  112068        0.00038940        op       614       615                  0.05334840       137
     582        0.00038705    a_iajb       582                            0.05457382       141
  111976        0.00035986        op       522       523                  0.05721719       159
  111977        0.00035986        om       522       523                  0.05721719       159
     614        0.00034931    a_iajb       614                            0.05344514       153

  ==> Add operator: op -1: 582 583
  ==> Current qubit order: 2  3  4  5  6  7  8  9  10  11  12  13  14  15  16  17  18  19  20  21  22  23  24  25  26  28  29  30  31  32  33  34  35  36  70  71  37  38  39  40  41  42  43  44  45  46  47  48  49  50  51  52  53  54  55  56  58  59  60  61  57  62  67  63  68  66  64  65  69  27  72  73  111  74  75  126  127  76  77  78  79  80  81  82  1  0  96  97  83  84  85  86  87  88  89  90  91  92  93  94  95  98  99  100  101  102  103  104  105  106  107  108  109  110  112  113  114  115  116  117  118  119  120  121  122  123  124  125  


  ==> Energy                -406.426685744
  ==> dE                       -1.78e-04
  ==> Gradient Norm             3.69e-01
  ==> Abs. Max. Deriv.          5.72e-02
  ==> Time-Grad. (s)             903.135
  ==> Time-Energy (s)             38.378
  ==> Time-Iter. (s)             945.470

--------------------------------------------------------------------------------
CEO-ADAPT-VQE iteration: 10
--------------------------------------------------------------------------------
    gate        derivative      name       op1       op2       op3        g_unscaled   penalty
  111998        0.00054752        op       603       604                  0.02025821        37
  111999        0.00054752        om       603       604                  0.02025821        37
  112055        0.00042750        om       659       660                  0.05343706       125
  112054        0.00042595        op       659       660                  0.05324362       125
  111986        0.00042554        op       591       592                  0.01404287        33
  111987        0.00042554        om       591       592                  0.01404287        33
  112010        0.00039505        op       615       616                  0.02409799        61
  112011        0.00039505        om       615       616                  0.02409799        61
     603        0.00038223    a_iajb       603                            0.02025821        53
     659        0.00037830    a_iajb       659                            0.05334034       141

  ==> Add operator: op -1: 603 604
  ==> Current qubit order: 2  3  4  5  6  7  8  9  10  11  12  13  14  15  16  17  18  19  20  21  22  23  24  25  26  28  29  30  31  32  33  34  35  36  70  71  37  38  39  40  41  42  43  44  45  46  47  48  49  50  51  52  53  54  55  56  58  59  60  61  57  62  67  63  68  66  64  65  69  27  72  73  111  74  75  126  127  76  77  78  79  80  81  82  96  1  0  84  85  97  83  86  87  88  89  90  91  92  93  94  95  98  99  100  101  102  103  104  105  106  107  108  109  110  112  113  114  115  116  117  118  119  120  121  122  123  124  125  


  ==> Energy                -406.426710498
  ==> dE                       -2.48e-05
  ==> Gradient Norm             3.59e-01
  ==> Abs. Max. Deriv.          5.87e-02
  ==> Time-Grad. (s)             907.104
  ==> Time-Energy (s)             39.696
  ==> Time-Iter. (s)             950.627

--------------------------------------------------------------------------------
CEO-ADAPT-VQE iteration: 11
--------------------------------------------------------------------------------
    gate        derivative      name       op1       op2       op3        g_unscaled   penalty
  250658        0.00104349        op    105623    105624                  0.06991373        67
  250659        0.00104349        om    105623    105624                  0.06991373        67
  105623        0.00084233    a_iajb    105623                            0.06991373        83
  112139        0.00042739        om       724       725                  0.05342418       125
  112138        0.00042585        op       724       725                  0.05323068       125
  112066        0.00042379        op       652       653                  0.01398504        33
  112067        0.00042379        om       652       653                  0.01398504        33
  112094        0.00042077        op       680       681                  0.02398374        57
  112095        0.00042077        om       680       681                  0.02398374        57
     724        0.00037821    a_iajb       724                            0.05332743       141

  ==> Add operator: op -1: 105623 105624
  ==> Current qubit order: 2  3  4  5  6  7  8  9  10  11  12  13  14  15  16  17  18  19  20  21  22  23  24  25  26  28  29  30  31  32  33  34  35  36  70  71  37  38  39  40  41  42  43  44  45  46  47  48  49  50  51  52  53  56  58  59  60  61  57  54  55  68  69  62  67  63  66  64  65  27  72  73  111  74  75  126  127  76  77  78  79  80  81  82  96  1  0  84  85  97  83  86  87  88  89  90  91  92  93  94  95  98  99  100  101  102  103  104  105  106  107  108  109  110  112  113  114  115  116  117  118  119  120  121  122  123  124  125  


  ==> Energy                -406.427990904
  ==> dE                       -1.28e-03
  ==> Gradient Norm             3.81e-01
  ==> Abs. Max. Deriv.          6.99e-02
  ==> Time-Grad. (s)             913.555
  ==> Time-Energy (s)             36.333
  ==> Time-Iter. (s)             953.590

--------------------------------------------------------------------------------
CEO-ADAPT-VQE iteration: 12
--------------------------------------------------------------------------------
    gate        derivative      name       op1       op2       op3        g_unscaled   penalty
  111972        0.00042741        om       778       779                  0.05342674       125
  111971        0.00042586        op       778       779                  0.05323293       125
  111897        0.00042422        op       704       705                  0.01399938        33
  111898        0.00042422        om       704       705                  0.01399938        33
  111927        0.00042096        op       734       735                  0.02399476        57
  111928        0.00042096        om       734       735                  0.02399476        57
     778        0.00037823    a_iajb       778                            0.05332984       141
  111917        0.00035617        op       724       725                  0.01460279        41
  111918        0.00035617        om       724       725                  0.01460279        41
  111865        0.00033863        op       672       673                  0.05858352       173

  ==> Add operator: mvp2 -1: 778 779
  ==> Current qubit order: 2  3  4  5  6  7  8  9  10  11  12  13  14  15  16  17  18  19  20  21  22  23  24  25  26  28  29  30  31  32  33  34  35  36  70  71  37  38  39  40  41  42  43  44  45  46  47  48  49  50  51  52  53  56  58  59  60  61  57  54  55  68  69  62  67  63  66  64  65  27  72  73  74  75  126  127  76  77  78  79  80  81  82  96  84  85  97  111  1  0  110  83  86  87  88  89  90  91  92  93  94  95  98  99  100  101  102  103  104  105  106  107  108  109  112  113  114  115  116  117  118  119  120  121  122  123  124  125  


  ==> Energy                -406.428143734
  ==> dE                       -1.53e-04
  ==> Gradient Norm             3.67e-01
  ==> Abs. Max. Deriv.          5.86e-02
  ==> Time-Grad. (s)             910.537
  ==> Time-Energy (s)             42.663
  ==> Time-Iter. (s)             958.678

--------------------------------------------------------------------------------
CEO-ADAPT-VQE iteration: 13
--------------------------------------------------------------------------------
    gate        derivative      name       op1       op2       op3        g_unscaled   penalty
  230802       -0.00051629        om     90737     90738                 -0.02736313        53
  230801       -0.00051628        op     90737     90738                 -0.02736299        53
  112031        0.00048868        op       779       780                  0.02394516        49
  112032        0.00048868        om       779       780                  0.02394516        49
  112021        0.00044075        op       769       770                  0.01454478        33
  112022        0.00044075        om       769       770                  0.01454478        33
   90737       -0.00039657    a_iajb     90737                           -0.02736306        69
     779        0.00036839    a_iajb       779                            0.02394516        65
  111969        0.00031345        op       717       718                  0.05861470       187
  111970        0.00031345        om       717       718                  0.05861470       187

  ==> Add operator: om -1: 90737 90738
  ==> Current qubit order: 2  3  4  5  6  7  8  9  10  11  12  13  14  15  16  17  18  19  20  21  22  23  24  25  26  28  29  30  31  32  33  34  35  36  70  71  37  38  39  40  41  42  43  44  45  46  47  48  49  50  51  52  53  56  58  59  60  61  57  55  68  69  62  67  63  54  66  65  27  64  72  73  74  75  126  127  76  77  78  79  80  81  82  96  84  85  97  111  1  0  110  83  86  87  88  89  90  91  92  93  94  95  98  99  100  101  102  103  104  105  106  107  108  109  112  113  114  115  116  117  118  119  120  121  122  123  124  125  


  ==> Energy                -406.428358455
  ==> dE                       -2.15e-04
  ==> Gradient Norm             3.73e-01
  ==> Abs. Max. Deriv.          5.86e-02
  ==> Time-Grad. (s)             924.236
  ==> Time-Energy (s)            131.527
  ==> Time-Iter. (s)            1059.445

--------------------------------------------------------------------------------
CEO-ADAPT-VQE iteration: 14
--------------------------------------------------------------------------------
    gate        derivative      name       op1       op2       op3        g_unscaled   penalty
  112089        0.00048863        op       832       833                  0.02394274        49
  112090        0.00048863        om       832       833                  0.02394274        49
  112077        0.00044069        op       820       821                  0.01454266        33
  112078        0.00044069        om       820       821                  0.01454266        33
     832        0.00036835    a_iajb       832                            0.02394274        65
  112017        0.00031366        op       760       761                  0.05865413       187
  112018        0.00031366        om       760       761                  0.05865413       187
  112073        0.00029965        op       816       817                  0.01348408        45
  112074        0.00029965        om       816       817                  0.01348408        45
     820        0.00029679    a_iajb       820                            0.01454266        49

  ==> Add operator: op -1: 832 833
  ==> Current qubit order: 2  3  4  5  6  7  8  9  10  11  12  13  14  15  16  17  18  19  20  21  22  23  24  25  26  28  29  30  31  32  33  34  35  36  70  71  37  38  39  40  41  42  43  44  45  46  47  48  49  50  51  52  53  56  58  59  60  61  57  55  68  69  62  67  63  54  66  65  27  64  72  73  74  75  126  127  76  77  78  79  80  81  82  96  84  85  97  111  110  83  1  0  90  91  86  87  88  89  92  93  94  95  98  99  100  101  102  103  104  105  106  107  108  109  112  113  114  115  116  117  118  119  120  121  122  123  124  125  


  ==> Energy                -406.428392032
  ==> dE                       -3.36e-05
  ==> Gradient Norm             3.80e-01
  ==> Abs. Max. Deriv.          5.87e-02
  ==> Time-Grad. (s)             942.197
  ==> Time-Energy (s)             38.728
  ==> Time-Iter. (s)             985.103

--------------------------------------------------------------------------------
CEO-ADAPT-VQE iteration: 15
--------------------------------------------------------------------------------
    gate        derivative      name       op1       op2       op3        g_unscaled   penalty
  112158        0.00043425        op       880       881                  0.01433037        33
  112159        0.00043425        om       880       881                  0.01433037        33
  229068        0.00032379        op     89311     89312                  0.05536748       171
  229069        0.00031859        om     89311     89312                  0.05447829       171
  112090        0.00030703        op       812       813                  0.05864329       191
  112091        0.00030703        om       812       813                  0.05864329       191
  112154        0.00029819        op       876       877                  0.01341849        45
  112155        0.00029819        om       876       877                  0.01341849        45
   89311        0.00029371    a_iajb     89311                            0.05492288       187
     880        0.00029246    a_iajb       880                            0.01433037        49

  ==> Add operator: op -1: 880 881
  ==> Current qubit order: 2  3  4  5  6  7  8  9  10  11  12  13  14  15  16  17  18  19  20  21  22  23  24  25  26  28  29  30  31  32  33  34  35  36  70  71  37  38  39  40  41  42  43  44  45  46  47  48  49  50  51  52  53  56  58  59  60  61  57  55  68  69  62  67  63  54  66  65  27  64  72  73  74  75  126  127  76  77  78  79  80  81  82  96  84  85  97  111  110  83  1  0  86  87  90  91  88  89  92  93  94  95  98  99  100  101  102  103  104  105  106  107  108  109  112  113  114  115  116  117  118  119  120  121  122  123  124  125  


  ==> Energy                -406.428404175
  ==> dE                       -1.21e-05
  ==> Gradient Norm             3.94e-01
  ==> Abs. Max. Deriv.          5.86e-02
  ==> Time-Grad. (s)             953.459
  ==> Time-Energy (s)             38.086
  ==> Time-Iter. (s)             995.432

--------------------------------------------------------------------------------
CEO-ADAPT-VQE iteration: 16
--------------------------------------------------------------------------------
    gate        derivative      name       op1       op2       op3        g_unscaled   penalty
  112036        0.00030699        op       862       863                  0.05863542       191
  112037        0.00030699        om       862       863                  0.05863542       191
  112104        0.00029850        op       930       931                  0.01343238        45
  112105        0.00029850        om       930       931                  0.01343238        45
     862        0.00028326    a_iajb       862                            0.05863542       207
  112100       -0.00027343        op       926       927                 -0.01066369        39
  112101       -0.00027343        om       926       927                 -0.01066369        39
  112056        0.00026885        op       882       883                  0.01586244        59
  112057        0.00026885        om       882       883                  0.01586244        59
  112066        0.00026885        op       892       893                  0.01586242        59

  ==> Add operator: op -1: 862 863
  ==> Current qubit order: 2  3  4  5  6  7  8  9  10  11  12  13  14  15  16  17  18  19  20  21  22  23  24  25  26  28  29  30  31  32  33  34  35  36  71  37  38  39  40  41  42  43  44  45  46  47  48  49  50  51  52  53  56  58  59  60  61  57  55  68  69  62  67  63  54  66  65  27  64  72  73  74  75  70  97  1  0  126  127  76  77  78  79  80  81  82  96  84  85  111  110  83  86  87  90  91  88  89  92  93  94  95  98  99  100  101  102  103  104  105  106  107  108  109  112  113  114  115  116  117  118  119  120  121  122  123  124  125  


  ==> Energy                -406.428639740
  ==> dE                       -2.36e-04
  ==> Gradient Norm             3.97e-01
  ==> Abs. Max. Deriv.          5.86e-02
  ==> Time-Grad. (s)             971.574
  ==> Time-Energy (s)             72.079
  ==> Time-Iter. (s)            1047.983

--------------------------------------------------------------------------------
CEO-ADAPT-VQE iteration: 17
--------------------------------------------------------------------------------
    gate        derivative      name       op1       op2       op3        g_unscaled   penalty
  112096        0.00070554        op       898       899                  0.02328287        33
  112097        0.00070554        om       898       899                  0.02328287        33
  142726       -0.00048780        op     23919     23921                 -0.03853629        79
  142727       -0.00048780        op     23919     23921                 -0.03853629        79
  142722       -0.00047739        op     23919     23920                 -0.03771348        79
  142723       -0.00047739        op     23919     23920                 -0.03771348        79
     898        0.00047516    a_iajb       898                            0.02328287        49
  112130       -0.00047299        op       932       933                 -0.01371666        29
  112131       -0.00046885        om       932       933                 -0.01359658        29
  112124        0.00041093        op       926       927                  0.01684831        41

  ==> Add operator: op -1: 898 899
  ==> Current qubit order: 2  3  4  5  6  7  8  9  10  11  12  13  14  15  16  17  18  19  20  21  22  23  24  25  26  28  29  30  31  32  33  34  35  36  71  37  38  39  40  41  42  43  44  45  46  47  48  49  50  51  52  53  56  58  59  60  61  57  55  68  69  62  67  63  54  66  65  27  64  72  73  74  75  97  70  1  0  77  126  127  76  78  79  80  81  82  96  84  85  111  110  83  86  87  90  91  88  89  92  93  94  95  98  99  100  101  102  103  104  105  106  107  108  109  112  113  114  115  116  117  118  119  120  121  122  123  124  125  


  ==> Energy                -406.428678069
  ==> dE                       -3.83e-05
  ==> Gradient Norm             3.87e-01
  ==> Abs. Max. Deriv.          3.85e-02
  ==> Time-Grad. (s)             926.066
  ==> Time-Energy (s)             41.721
  ==> Time-Iter. (s)             971.536

--------------------------------------------------------------------------------
CEO-ADAPT-VQE iteration: 18
--------------------------------------------------------------------------------
    gate        derivative      name       op1       op2       op3        g_unscaled   penalty
  144395       -0.00049988        op     25191     25193                 -0.03849038        77
  144396       -0.00049988        op     25191     25193                 -0.03849038        77
  144391       -0.00048860        op     25191     25192                 -0.03762251        77
  144392       -0.00048860        op     25191     25192                 -0.03762251        77
  112135       -0.00041532        op       969       970                 -0.01370543        33
   25191       -0.00041476    a_iajb     25191                           -0.03857270        93
  112136       -0.00041168        om       969       970                 -0.01358529        33
  112139        0.00040852        op       973       974                  0.01674947        41
  112140        0.00040852        om       973       974                  0.01674947        41
  230652       -0.00037633        om     90508     90509                 -0.03575148        95

  ==> Add operator: mvp3 -1: 25191 25192 25193
  ==> Current qubit order: 2  3  4  5  6  7  8  9  10  11  12  13  14  15  16  17  18  19  20  21  22  23  24  25  26  28  29  30  31  32  33  34  35  36  71  37  38  39  40  41  42  43  44  45  46  47  48  49  50  51  52  53  56  58  59  60  61  57  55  68  69  62  67  63  66  65  27  64  72  73  74  75  97  1  54  70  0  110  77  126  127  76  78  79  80  81  82  96  84  85  111  83  86  87  90  91  88  89  92  93  94  95  98  99  100  101  102  103  104  105  106  107  108  109  112  113  114  115  116  117  118  119  120  121  122  123  124  125  


  ==> Energy                -406.428811598
  ==> dE                       -1.34e-04
  ==> Gradient Norm             4.06e-01
  ==> Abs. Max. Deriv.          5.54e-02
  ==> Time-Grad. (s)             903.570
  ==> Time-Energy (s)             42.837
  ==> Time-Iter. (s)             950.220

--------------------------------------------------------------------------------
CEO-ADAPT-VQE iteration: 19
--------------------------------------------------------------------------------
    gate        derivative      name       op1       op2       op3        g_unscaled   penalty
  112088        0.00034175        op      1008      1009                  0.01674584        49
  112089        0.00034175        om      1008      1009                  0.01674583        49
  112084       -0.00033421        op      1004      1005                 -0.01370273        41
  112085       -0.00033128        om      1004      1005                 -0.01358254        41
  112066        0.00032499        op       986       987                  0.01202475        37
  112067        0.00032499        om       986       987                  0.01202475        37
  112078        0.00029538        op       998       999                  0.01683691        57
  112079        0.00029538        om       998       999                  0.01683688        57
  112076        0.00028031        op       996       997                  0.01037164        37
  112077        0.00028031        om       996       997                  0.01037163        37

  ==> Add operator: op -1: 1008 1009
  ==> Current qubit order: 2  3  4  5  6  7  8  9  10  11  12  13  14  15  16  17  18  19  20  21  22  23  24  25  26  28  29  30  31  32  33  34  35  36  71  37  38  39  40  41  42  43  44  45  46  47  48  49  50  51  52  53  56  58  59  60  61  57  55  68  69  62  67  63  66  65  27  64  72  73  74  75  97  54  70  110  1  0  77  96  126  127  76  78  79  80  81  82  84  85  111  83  86  87  90  91  88  89  92  93  94  95  98  99  100  101  102  103  104  105  106  107  108  109  112  113  114  115  116  117  118  119  120  121  122  123  124  125  


  ==> Energy                -406.428829168
  ==> dE                       -1.76e-05
  ==> Gradient Norm             3.92e-01
  ==> Abs. Max. Deriv.          3.61e-02
  ==> Time-Grad. (s)             904.878
  ==> Time-Energy (s)             39.655
  ==> Time-Iter. (s)             948.832

--------------------------------------------------------------------------------
CEO-ADAPT-VQE iteration: 20
--------------------------------------------------------------------------------
    gate        derivative      name       op1       op2       op3        g_unscaled   penalty
  112180       -0.00037044        op      1057      1058                 -0.01370612        37
  112181       -0.00036719        om      1057      1058                 -0.01358589        37
  112172        0.00034095        op      1049      1050                  0.01056933        31
  112173        0.00034095        om      1049      1050                  0.01056931        31
  112174        0.00032927        op      1051      1052                  0.01679259        51
  112175        0.00032927        om      1051      1052                  0.01679254        51
  112160        0.00029293        op      1037      1038                  0.01201017        41
  112161        0.00029293        om      1037      1038                  0.01201017        41
  112143       -0.00027157        om      1019      1020                 -0.01873818        69
  112142       -0.00026873        op      1019      1020                 -0.01854227        69

  ==> Add operator: mvp2 -1: 1057 1058
  ==> Current qubit order: 2  3  4  5  6  7  8  9  10  11  12  13  14  15  16  17  18  19  20  21  22  23  24  25  26  28  29  30  31  32  33  34  35  36  71  37  38  39  40  41  42  43  44  45  46  47  48  49  50  51  52  53  56  58  59  60  61  57  55  68  69  62  67  63  66  65  27  64  72  73  74  75  97  54  70  110  77  1  0  127  76  96  126  78  79  80  81  82  84  85  111  83  86  87  90  91  88  89  92  93  94  95  98  99  100  101  102  103  104  105  106  107  108  109  112  113  114  115  116  117  118  119  120  121  122  123  124  125  


  ==> Energy                -406.428838425
  ==> dE                       -9.26e-06
  ==> Gradient Norm             3.74e-01
  ==> Abs. Max. Deriv.          2.90e-02
  ==> Time-Grad. (s)             919.016
  ==> Time-Energy (s)             38.867
  ==> Time-Iter. (s)             962.141

--------------------------------------------------------------------------------

--------------------------------------------------------------------------------
RESTART
--------------------------------------------------------------------------------

Last Energy: -406.428838425

--------------------------------------------------------------------------------
CEO-ADAPT-VQE iteration: 21
--------------------------------------------------------------------------------
    gate        derivative      name       op1       op2       op3        g_unscaled   penalty
     296        0.00047017      a_ia       296                            0.00470171        10
      11        0.00040864      a_ia        11                            0.00081729         2
  112100        0.00035878        op      1153      1154                  0.01686283        47
  112101        0.00035878        om      1153      1154                  0.01686277        47
  112065       -0.00028813        om      1117      1118                 -0.01872827        65
  112064       -0.00028511        op      1117      1118                 -0.01853236        65
  112126        0.00028414        op      1179      1180                  0.01392266        49
  112127        0.00028414        om      1179      1180                  0.01392266        49
  112098        0.00027306        op      1151      1152                  0.01064924        39
  112099        0.00027306        om      1151      1152                  0.01064922        39

  ==> Add operator: a_ia 296
  ==> Current qubit order: 2  3  4  5  6  7  8  9  10  11  12  13  14  15  16  17  18  19  20  21  22  23  24  25  26  28  29  30  31  32  33  34  35  36  71  37  38  39  40  41  42  43  44  45  46  47  48  49  50  51  52  53  56  58  59  60  61  55  68  69  62  57  67  63  66  65  27  64  72  73  74  75  97  54  70  110  77  1  0  127  76  96  126  78  79  80  81  82  84  85  111  83  86  87  90  91  88  89  92  93  94  95  98  99  100  101  102  103  104  105  106  107  108  109  112  113  114  115  116  117  118  119  120  121  122  123  124  125  


  ==> Energy                -406.428852990
  ==> dE                       -1.46e-05
  ==> Gradient Norm             3.88e-01
  ==> Abs. Max. Deriv.          3.70e-02
  ==> Time-Grad. (s)             837.303
  ==> Time-Energy (s)             24.592
  ==> Time-Iter. (s)             866.437

--------------------------------------------------------------------------------
CEO-ADAPT-VQE iteration: 22
--------------------------------------------------------------------------------
    gate        derivative      name       op1       op2       op3        g_unscaled   penalty
  250697       -0.00098458        om    105998    105999                 -0.05415173        55
  250696       -0.00095804        op    105998    105999                 -0.05269217        55
  105998       -0.00075242    a_iajb    105998                           -0.05342195        71
      11        0.00040982      a_ia        11                            0.00081965         2
  112112        0.00035872        op      1191      1192                  0.01685985        47
  112113        0.00035872        om      1191      1192                  0.01685979        47
  112075       -0.00028810        om      1153      1154                 -0.01872669        65
  112074       -0.00028509        op      1153      1154                 -0.01853078        65
  112140        0.00028414        op      1219      1220                  0.01392266        49
  112141        0.00028414        om      1219      1220                  0.01392266        49

  ==> Add operator: mvp2 -1: 105998 105999
  ==> Current qubit order: 2  3  4  5  6  7  8  9  10  11  12  13  14  15  16  17  18  19  20  21  22  23  24  25  26  28  29  30  31  32  33  34  35  36  71  37  38  39  40  41  42  43  44  45  46  47  48  49  50  51  52  53  58  59  60  61  55  68  56  67  63  66  69  62  57  65  27  64  72  73  74  75  97  54  70  110  77  1  0  127  76  96  126  78  79  80  81  82  84  85  111  83  86  87  90  91  88  89  92  93  94  95  98  99  100  101  102  103  104  105  106  107  108  109  112  113  114  115  116  117  118  119  120  121  122  123  124  125  


  ==> Energy                -406.430544450
  ==> dE                       -1.69e-03
  ==> Gradient Norm             3.87e-01
  ==> Abs. Max. Deriv.          5.42e-02
  ==> Time-Grad. (s)             916.954
  ==> Time-Energy (s)             33.987
  ==> Time-Iter. (s)             954.558

--------------------------------------------------------------------------------
CEO-ADAPT-VQE iteration: 23
--------------------------------------------------------------------------------
    gate        derivative      name       op1       op2       op3        g_unscaled   penalty
     342       -0.00077868      a_ia       342                           -0.00311471         4
      11        0.00041255      a_ia        11                            0.00082510         2
     180       -0.00041044      a_ia       180                           -0.00164174         4
  112183        0.00035873        op      1240      1241                  0.01686037        47
  112184        0.00035873        om      1240      1241                  0.01686031        47
  155485       -0.00028943        op     33768     33770                 -0.02402231        83
  155486       -0.00028943        op     33768     33770                 -0.02402231        83
  112146       -0.00028811        om      1202      1203                 -0.01872694        65
  112145       -0.00028509        op      1202      1203                 -0.01853103        65
  112211        0.00028414        op      1268      1269                  0.01392266        49

  ==> Add operator: a_ia 342
  ==> Current qubit order: 2  3  4  5  6  7  8  9  10  11  12  13  14  15  16  17  18  19  20  21  22  23  24  25  26  28  29  30  31  32  33  34  35  36  71  37  38  39  40  41  42  43  44  45  46  47  48  49  50  51  52  53  58  59  60  61  55  68  56  67  66  63  69  62  57  65  27  64  72  73  74  75  97  54  70  110  77  1  0  127  76  96  126  78  79  80  81  82  84  85  111  83  86  87  90  91  88  89  92  93  94  95  98  99  100  101  102  103  104  105  106  107  108  109  112  113  114  115  116  117  118  119  120  121  122  123  124  125  


  ==> Energy                -406.430550941
  ==> dE                       -6.49e-06
  ==> Gradient Norm             3.71e-01
  ==> Abs. Max. Deriv.          2.84e-02
  ==> Time-Grad. (s)             902.346
  ==> Time-Energy (s)             21.784
  ==> Time-Iter. (s)             927.758

--------------------------------------------------------------------------------
CEO-ADAPT-VQE iteration: 24
--------------------------------------------------------------------------------
    gate        derivative      name       op1       op2       op3        g_unscaled   penalty
      11        0.00041295      a_ia        11                            0.00082589         2
     182       -0.00041020      a_ia       182                           -0.00164081         4
  112140        0.00035878        op      1287      1288                  0.01686246        47
  112141        0.00035877        om      1287      1288                  0.01686241        47
  157188       -0.00028945        op     35165     35167                 -0.02402416        83
  157189       -0.00028945        op     35165     35167                 -0.02402416        83
  112101       -0.00028810        om      1247      1248                 -0.01872665        65
  112100       -0.00028509        op      1247      1248                 -0.01853075        65
  112168        0.00028414        op      1315      1316                  0.01392266        49
  112169        0.00028414        om      1315      1316                  0.01392266        49

  ==> Add operator: a_ia 11
  ==> Current qubit order: 2  3  4  5  6  7  8  9  10  11  12  13  14  15  16  17  18  19  20  21  22  23  24  25  26  28  29  30  31  32  33  34  35  36  71  37  38  39  40  41  42  43  44  45  46  47  48  49  50  51  52  53  58  59  60  61  55  68  56  67  66  63  69  62  57  65  27  64  72  73  74  75  97  54  70  110  77  1  0  127  76  96  126  78  79  80  81  82  84  85  111  83  86  87  90  91  88  89  92  93  94  95  98  99  100  101  102  103  104  105  106  107  108  109  112  113  114  115  116  117  118  119  120  121  122  123  124  125  


  ==> Energy                -406.430551038
  ==> dE                       -9.64e-08
  ==> Gradient Norm             3.64e-01
  ==> Abs. Max. Deriv.          2.97e-02
  ==> Time-Grad. (s)             963.668
  ==> Time-Energy (s)             24.231
  ==> Time-Iter. (s)             991.516

--------------------------------------------------------------------------------
CEO-ADAPT-VQE iteration: 25
--------------------------------------------------------------------------------
    gate        derivative      name       op1       op2       op3        g_unscaled   penalty
  249734       -0.00063861        op    105447    105448                 -0.03129210        49
  249735       -0.00050636        om    105447    105448                 -0.02481170        49
  105447       -0.00043157    a_iajb    105447                           -0.02805190        65
     191       -0.00041020      a_ia       191                           -0.00164080         4
  112152        0.00035877        op      1336      1337                  0.01686239        47
  112153        0.00035877        om      1336      1337                  0.01686233        47
  158756       -0.00028945        op     36374     36376                 -0.02402408        83
  158757       -0.00028945        op     36374     36376                 -0.02402408        83
  112111       -0.00028809        om      1294      1295                 -0.01872578        65
  112110       -0.00028507        op      1294      1295                 -0.01852986        65

  ==> Add operator: mvp2 -1: 105447 105448
  ==> Current qubit order: 2  3  4  5  6  7  8  9  10  11  12  13  14  15  16  17  18  19  20  21  22  23  24  25  26  28  29  30  31  32  33  34  35  36  71  37  38  39  40  41  42  43  44  45  46  47  48  49  50  51  52  53  58  59  60  61  68  56  67  66  63  55  69  62  64  57  65  27  72  73  74  75  97  54  70  110  77  1  0  127  76  96  126  78  79  80  81  82  84  85  111  83  86  87  90  91  88  89  92  93  94  95  98  99  100  101  102  103  104  105  106  107  108  109  112  113  114  115  116  117  118  119  120  121  122  123  124  125  


  ==> Energy                -406.431224568
  ==> dE                       -6.74e-04
  ==> Gradient Norm             3.82e-01
  ==> Abs. Max. Deriv.          4.79e-02
  ==> Time-Grad. (s)             948.343
  ==> Time-Energy (s)             36.738
  ==> Time-Iter. (s)             988.750

--------------------------------------------------------------------------------
CEO-ADAPT-VQE iteration: 26
--------------------------------------------------------------------------------
    gate        derivative      name       op1       op2       op3        g_unscaled   penalty
     201       -0.00040826      a_ia       201                           -0.00163304         4
  112195        0.00035878        op      1391      1392                  0.01686244        47
  112196        0.00035877        om      1391      1392                  0.01686238        47
  112152       -0.00028809        om      1347      1348                 -0.01872591        65
  112151       -0.00028508        op      1347      1348                 -0.01852999        65
  112223        0.00028415        op      1419      1420                  0.01392340        49
  112224        0.00028415        om      1419      1420                  0.01392340        49
  160477       -0.00028263        op     37681     37683                 -0.02402392        85
  160478       -0.00028263        op     37681     37683                 -0.02402392        85
  160473       -0.00027617        op     37681     37682                 -0.02347449        85

  ==> Add operator: a_ia 201
  ==> Current qubit order: 2  3  4  5  6  7  8  9  10  11  12  13  14  15  16  17  18  19  20  21  22  23  24  25  26  28  29  30  31  32  33  34  35  36  71  37  38  39  40  41  42  43  44  45  46  47  48  49  50  51  52  53  58  59  60  61  68  56  67  66  63  55  69  62  64  65  57  27  72  73  74  75  97  54  70  110  77  1  0  127  76  96  126  78  79  80  81  82  84  85  111  83  86  87  90  91  88  89  92  93  94  95  98  99  100  101  102  103  104  105  106  107  108  109  112  113  114  115  116  117  118  119  120  121  122  123  124  125  


  ==> Energy                -406.431469449
  ==> dE                       -2.45e-04
  ==> Gradient Norm             3.79e-01
  ==> Abs. Max. Deriv.          4.02e-02
  ==> Time-Grad. (s)             954.558
  ==> Time-Energy (s)             20.684
  ==> Time-Iter. (s)             978.899

--------------------------------------------------------------------------------
CEO-ADAPT-VQE iteration: 27
--------------------------------------------------------------------------------
    gate        derivative      name       op1       op2       op3        g_unscaled   penalty
     205        0.00069192      a_ia       205                            0.00276769         4
  230151        0.00045054        op     90572     90573                  0.02658211        59
  230152        0.00044951        om     90572     90573                  0.02652085        59
  112205        0.00035878        op      1426      1427                  0.01686272        47
  112206        0.00035878        om      1426      1427                  0.01686266        47
   90572        0.00035402    a_iajb     90572                            0.02655148        75
  112158       -0.00028810        om      1378      1379                 -0.01872662        65
  112157       -0.00028509        op      1378      1379                 -0.01853070        65
  112233        0.00028415        op      1454      1455                  0.01392340        49
  112234        0.00028415        om      1454      1455                  0.01392340        49

  ==> Add operator: a_ia 205
  ==> Current qubit order: 2  3  4  5  6  7  8  9  10  11  12  13  14  15  16  17  18  19  20  21  22  23  24  25  26  28  29  30  31  32  33  34  35  36  71  37  38  39  40  41  42  43  44  45  46  47  48  49  50  51  52  53  58  59  60  61  68  56  67  66  63  55  69  62  64  57  65  27  72  73  74  75  97  54  70  110  77  1  0  127  76  96  126  78  79  80  81  82  84  85  111  83  86  87  90  91  88  89  92  93  94  95  98  99  100  101  102  103  104  105  106  107  108  109  112  113  114  115  116  117  118  119  120  121  122  123  124  125  


  ==> Energy                -406.431473371
  ==> dE                       -3.92e-06
  ==> Gradient Norm             3.72e-01
  ==> Abs. Max. Deriv.          3.41e-02
  ==> Time-Grad. (s)             965.667
  ==> Time-Energy (s)             27.804
  ==> Time-Iter. (s)             997.097

--------------------------------------------------------------------------------
CEO-ADAPT-VQE iteration: 28
--------------------------------------------------------------------------------
    gate        derivative      name       op1       op2       op3        g_unscaled   penalty
  112274        0.00035878        op      1467      1468                  0.01686284        47
  112275        0.00035878        om      1467      1468                  0.01686278        47
  241470        0.00031527        op     98947     98948                  0.03058116        97
  241471        0.00031123        om     98947     98948                  0.03018887        97
  112225       -0.00028812        om      1417      1418                 -0.01872752        65
  112224       -0.00028510        op      1417      1418                 -0.01853161        65
  112302        0.00028415        op      1495      1496                  0.01392340        49
  112303        0.00028415        om      1495      1496                  0.01392340        49
  163890       -0.00028260        op     40224     40226                 -0.02402139        85
  163891       -0.00028260        op     40224     40226                 -0.02402139        85

  ==> Add operator: op -1: 1467 1468
  ==> Current qubit order: 2  3  4  5  6  7  8  9  10  11  12  13  14  15  16  17  18  19  20  21  22  23  24  25  26  28  29  30  31  32  33  34  35  36  71  37  38  39  40  41  42  43  44  45  46  47  48  49  50  51  52  53  58  59  60  61  68  56  67  66  63  55  69  62  64  57  65  27  72  73  74  75  54  70  110  77  97  1  0  76  127  96  126  78  79  80  81  82  84  85  111  83  86  87  90  91  88  89  92  93  94  95  98  99  100  101  102  103  104  105  106  107  108  109  112  113  114  115  116  117  118  119  120  121  122  123  124  125  


  ==> Energy                -406.431491005
  ==> dE                       -1.76e-05
  ==> Gradient Norm             3.73e-01
  ==> Abs. Max. Deriv.          3.06e-02
  ==> Time-Grad. (s)             993.578
  ==> Time-Energy (s)             21.480
  ==> Time-Iter. (s)            1018.681

--------------------------------------------------------------------------------
CEO-ADAPT-VQE iteration: 29
--------------------------------------------------------------------------------
    gate        derivative      name       op1       op2       op3        g_unscaled   penalty
  112261        0.00028533        op      1538      1539                  0.01398140        49
  112262        0.00028533        om      1538      1539                  0.01398140        49
  165545       -0.00028260        op     41549     41551                 -0.02402129        85
  165546       -0.00028260        op     41549     41551                 -0.02402129        85
  112184       -0.00027963        om      1460      1461                 -0.01873513        67
  112231        0.00027837        op      1508      1509                  0.01085653        39
  112232        0.00027837        om      1508      1509                  0.01085643        39
  112183       -0.00027670        op      1460      1461                 -0.01853922        67
  165541       -0.00027614        op     41549     41550                 -0.02347190        85
  165542       -0.00027614        op     41549     41550                 -0.02347190        85

  ==> Add operator: op -1: 1538 1539
  ==> Current qubit order: 2  3  4  5  6  7  8  9  10  11  12  13  14  15  16  17  18  19  20  21  22  23  24  25  26  28  29  30  31  32  33  34  35  36  71  37  38  39  40  41  42  43  44  45  46  47  48  49  50  51  52  53  58  59  60  61  68  56  67  66  63  55  69  62  64  57  65  27  72  73  74  75  54  70  110  77  97  76  127  96  126  1  0  80  81  78  79  82  84  85  111  83  86  87  90  91  88  89  92  93  94  95  98  99  100  101  102  103  104  105  106  107  108  109  112  113  114  115  116  117  118  119  120  121  122  123  124  125  


  ==> Energy                -406.431502957
  ==> dE                       -1.20e-05
  ==> Gradient Norm             3.66e-01
  ==> Abs. Max. Deriv.          2.97e-02
  ==> Time-Grad. (s)            1007.886
  ==> Time-Energy (s)             26.567
  ==> Time-Iter. (s)            1038.080

--------------------------------------------------------------------------------
CEO-ADAPT-VQE iteration: 30
--------------------------------------------------------------------------------
    gate        derivative      name       op1       op2       op3        g_unscaled   penalty
  112242       -0.00031815        om      1492      1493                 -0.01877091        59
  112241       -0.00031483        op      1492      1493                 -0.01857499        59
  145725       -0.00029644        op     26702     26703                 -0.02578991        87
  145726       -0.00029584        om     26702     26703                 -0.02573830        87
  167203       -0.00028260        op     42794     42796                 -0.02402122        85
  167204       -0.00028260        op     42794     42796                 -0.02402122        85
  112311        0.00027822        op      1562      1563                  0.00918124        33
  112312        0.00027822        om      1562      1563                  0.00918124        33
  167199       -0.00027614        op     42794     42795                 -0.02347183        85
  167200       -0.00027614        op     42794     42795                 -0.02347183        85

  ==> Add operator: mvp2 -1: 1492 1493
  ==> Current qubit order: 2  3  4  5  6  7  8  9  10  11  12  13  14  15  16  17  18  19  20  21  22  23  24  25  26  28  29  30  31  32  33  34  35  36  71  37  38  39  40  41  42  43  44  45  46  47  48  49  50  51  52  53  58  59  60  61  68  56  67  66  63  55  69  62  64  57  65  27  72  73  74  75  54  110  77  97  76  127  96  126  70  1  0  87  80  81  78  79  82  84  85  111  83  86  90  91  88  89  92  93  94  95  98  99  100  101  102  103  104  105  106  107  108  109  112  113  114  115  116  117  118  119  120  121  122  123  124  125  


  ==> Energy                -406.432200197
  ==> dE                       -6.97e-04
  ==> Gradient Norm             3.68e-01
  ==> Abs. Max. Deriv.          2.97e-02
  ==> Time-Grad. (s)            1030.065
  ==> Time-Energy (s)            652.057
  ==> Time-Iter. (s)            1685.496

--------------------------------------------------------------------------------
CEO-ADAPT-VQE iteration: 31
--------------------------------------------------------------------------------
    gate        derivative      name       op1       op2       op3        g_unscaled   penalty
  248689        0.00078047        om    104971    104972                  0.06165686        79
  248688        0.00076148        op    104971    104972                  0.06015727        79
  104971        0.00064113    a_iajb    104971                            0.06090706        95
  146640       -0.00028978        op     27544     27545                 -0.02579002        89
  146641       -0.00028644        om     27544     27545                 -0.02549328        89
  112118        0.00024928        op      1581      1582                  0.01071883        43
  112119        0.00024872        om      1581      1582                  0.01069499        43
  112140        0.00024779        op      1603      1604                  0.00916811        37
  112141        0.00024779        om      1603      1604                  0.00916811        37
  168724       -0.00024685        op     44092     44094                 -0.02394430        97

  ==> Add operator: mvp2 -1: 104971 104972
  ==> Current qubit order: 2  3  4  5  6  7  8  9  10  11  12  13  14  15  16  17  18  19  20  21  22  23  24  25  26  28  29  30  31  32  33  34  35  36  71  37  38  39  40  41  42  43  44  45  46  47  48  49  50  51  52  53  58  59  60  61  68  56  67  66  63  69  62  64  57  65  27  72  73  74  75  55  54  110  111  77  97  76  127  96  126  70  1  0  87  80  81  78  79  82  84  85  83  86  90  91  88  89  92  93  94  95  98  99  100  101  102  103  104  105  106  107  108  109  112  113  114  115  116  117  118  119  120  121  122  123  124  125  


  ==> Energy                -406.432789478
  ==> dE                       -5.89e-04
  ==> Gradient Norm             3.90e-01
  ==> Abs. Max. Deriv.          6.17e-02
  ==> Time-Grad. (s)            1063.064
  ==> Time-Energy (s)             46.065
  ==> Time-Iter. (s)            1112.908

--------------------------------------------------------------------------------
CEO-ADAPT-VQE iteration: 32
--------------------------------------------------------------------------------
    gate        derivative      name       op1       op2       op3        g_unscaled   penalty
  112345       -0.00087084        op      1763      1764                 -0.02873786        33
  112346       -0.00085360        om      1763      1764                 -0.02816880        33
    1763       -0.00058068    a_iajb      1763                           -0.02845333        49
  186297       -0.00039078        op     57529     57530                 -0.08870801       227
  186298       -0.00037944        om     57529     57530                 -0.08613245       227
  147117       -0.00037534        op     27714     27716                 -0.07244028       193
  147118       -0.00037534        op     27714     27716                 -0.07244028       193
  147113       -0.00036122        op     27714     27715                 -0.06971582       193
  147114       -0.00036122        op     27714     27715                 -0.06971582       193
   57529       -0.00035975    a_iajb     57529                           -0.08742023       243

  ==> Add operator: mvp2 -1: 1763 1764
  ==> Current qubit order: 2  3  4  5  6  7  8  9  10  11  12  13  14  15  16  17  18  19  20  21  22  23  24  25  26  28  29  30  31  32  33  34  35  36  71  37  38  39  40  41  42  43  44  45  46  47  48  49  50  51  52  53  58  59  60  61  68  56  67  66  63  69  62  64  57  65  27  72  73  74  75  55  54  110  111  77  97  76  127  96  1  0  126  70  87  80  81  78  79  82  84  85  83  86  90  91  88  89  92  93  94  95  98  99  100  101  102  103  104  105  106  107  108  109  112  113  114  115  116  117  118  119  120  121  122  123  124  125  


  ==> Energy                -406.432914066
  ==> dE                       -1.25e-04
  ==> Gradient Norm             4.26e-01
  ==> Abs. Max. Deriv.          8.87e-02
  ==> Time-Grad. (s)            1081.771
  ==> Time-Energy (s)             42.803
  ==> Time-Iter. (s)            1128.219

--------------------------------------------------------------------------------
CEO-ADAPT-VQE iteration: 33
--------------------------------------------------------------------------------
    gate        derivative      name       op1       op2       op3        g_unscaled   penalty
  250141        0.00043546        om    105732    105733                  0.02569233        59
  250140        0.00040508        op    105732    105733                  0.02389961        59
  148268       -0.00037531        op     28558     28560                 -0.07243563       193
  148269       -0.00037531        op     28558     28560                 -0.07243563       193
  148264       -0.00036119        op     28558     28559                 -0.06971007       193
  148265       -0.00036119        op     28558     28559                 -0.06971007       193
   28558       -0.00033214    a_iajb     28558                           -0.06941766       209
  105732        0.00033061    a_iajb    105732                            0.02479597        75
  112262        0.00030628        op      1661      1662                  0.01071986        35
  171679        0.00030626        om     46191     46192                  0.02235682        73

  ==> Add operator: mvp2 -1: 105732 105733
  ==> Current qubit order: 2  3  4  5  6  7  8  9  10  11  12  13  14  15  16  17  18  19  20  21  22  23  24  25  26  28  29  30  31  32  33  34  35  36  71  37  38  39  40  41  42  43  44  45  46  47  48  49  50  51  52  53  58  59  60  61  56  66  63  69  64  68  67  62  55  57  65  27  72  73  74  75  54  110  111  77  97  76  127  96  1  0  126  70  87  80  81  78  79  82  84  85  83  86  90  91  88  89  92  93  94  95  98  99  100  101  102  103  104  105  106  107  108  109  112  113  114  115  116  117  118  119  120  121  122  123  124  125  


  ==> Energy                -406.433411717
  ==> dE                       -4.98e-04
  ==> Gradient Norm             3.97e-01
  ==> Abs. Max. Deriv.          7.24e-02
  ==> Time-Grad. (s)            1061.898
  ==> Time-Energy (s)             49.938
  ==> Time-Iter. (s)            1115.433

--------------------------------------------------------------------------------
CEO-ADAPT-VQE iteration: 34
--------------------------------------------------------------------------------
    gate        derivative      name       op1       op2       op3        g_unscaled   penalty
     454        0.00038637      a_ia       454                            0.00231823         6
  149337       -0.00037531        op     29322     29324                 -0.07243562       193
  149338       -0.00037531        op     29322     29324                 -0.07243562       193
  149333       -0.00036119        op     29322     29323                 -0.06971006       193
  149334       -0.00036119        op     29322     29323                 -0.06971006       193
  249474        0.00035900        om    105150    105151                  0.01974497        55
  249473        0.00034980        op    105150    105151                  0.01923878        55
   29322       -0.00033214    a_iajb     29322                           -0.06941765       209
  149828        0.00031207        om     29801     29802                  0.02590152        83
  149827        0.00030888        op     29801     29802                  0.02563734        83

  ==> Add operator: a_ia 454
  ==> Current qubit order: 2  3  4  5  6  7  8  9  10  11  12  13  14  15  16  17  18  19  20  21  22  23  24  25  26  28  29  30  31  32  33  34  35  36  71  37  38  39  40  41  42  43  44  45  46  47  48  49  50  51  52  53  58  59  60  61  56  66  63  69  64  68  62  55  67  57  65  27  72  73  74  75  54  110  111  77  97  76  127  96  1  0  126  70  87  80  81  78  79  82  84  85  83  86  90  91  88  89  92  93  94  95  98  99  100  101  102  103  104  105  106  107  108  109  112  113  114  115  116  117  118  119  120  121  122  123  124  125  


  ==> Energy                -406.433415247
  ==> dE                       -3.53e-06
  ==> Gradient Norm             4.06e-01
  ==> Abs. Max. Deriv.          7.24e-02
  ==> Time-Grad. (s)            1118.541
  ==> Time-Energy (s)             29.346
  ==> Time-Iter. (s)            1151.497

--------------------------------------------------------------------------------
CEO-ADAPT-VQE iteration: 35
--------------------------------------------------------------------------------
    gate        derivative      name       op1       op2       op3        g_unscaled   penalty
  150365       -0.00037531        op     30124     30126                 -0.07243562       193
  150366       -0.00037531        op     30124     30126                 -0.07243562       193
  150361       -0.00036119        op     30124     30125                 -0.06970931       193
  150362       -0.00036119        op     30124     30125                 -0.06970931       193
   30124       -0.00033214    a_iajb     30124                           -0.06941690       209
  150872        0.00031206        om     30616     30617                  0.02590134        83
  150871        0.00030888        op     30616     30617                  0.02563723        83
  112339        0.00030626        op      1747      1748                  0.01071897        35
  112340        0.00030491        om      1747      1748                  0.01067200        35
  228411       -0.00028102        op     89229     89230                 -0.03737504       133

  ==> Add operator: mvp3 -1: 30124 30125 30126
  ==> Current qubit order: 2  3  4  5  6  7  8  9  10  11  12  13  14  15  16  17  18  19  20  21  22  23  24  25  28  29  30  31  32  33  34  35  36  71  37  38  39  40  41  42  43  44  45  46  47  48  49  50  51  52  53  58  59  60  61  56  66  63  69  64  68  62  55  26  110  0  126  67  57  65  27  72  73  74  75  54  111  77  97  76  127  96  1  70  87  80  81  78  79  82  84  85  83  86  90  91  88  89  92  93  94  95  98  99  100  101  102  103  104  105  106  107  108  109  112  113  114  115  116  117  118  119  120  121  122  123  124  125  


  ==> Energy                -406.435504198
  ==> dE                       -2.09e-03
  ==> Gradient Norm             4.28e-01
  ==> Abs. Max. Deriv.          7.24e-02
  ==> Time-Grad. (s)            1124.483
  ==> Time-Energy (s)             78.980
  ==> Time-Iter. (s)            1207.064

--------------------------------------------------------------------------------
CEO-ADAPT-VQE iteration: 36
--------------------------------------------------------------------------------
    gate        derivative      name       op1       op2       op3        g_unscaled   penalty
  152132        0.00093667        om     31668     31669                  0.04777027        51
  152131        0.00091717        op     31668     31669                  0.04677564        51
  150709        0.00073042        op     30491     30493                  0.02848627        39
  150710        0.00073042        op     30491     30493                  0.02848627        39
  150705        0.00071542        op     30491     30492                  0.02790131        39
  150706        0.00071542        op     30491     30492                  0.02790131        39
   31668        0.00070557    a_iajb     31668                            0.04727296        67
  176796       -0.00064137        om     50038     50039                 -0.02116537        33
  176795       -0.00062759        op     50038     50039                 -0.02071032        33
  112594        0.00056672        om      2048      2049                  0.04930496        87

  ==> Add operator: mvp2 -1: 31668 31669
  ==> Current qubit order: 2  3  4  5  6  7  8  9  10  11  12  13  14  15  16  17  18  19  20  21  22  23  24  25  28  29  30  31  32  33  34  35  36  71  37  38  39  40  41  42  43  44  45  46  47  48  49  50  51  52  53  58  59  60  61  56  66  63  69  64  68  62  55  26  110  67  57  0  126  27  111  65  72  73  74  75  54  77  97  76  127  96  1  70  87  80  81  78  79  82  84  85  83  86  90  91  88  89  92  93  94  95  98  99  100  101  102  103  104  105  106  107  108  109  112  113  114  115  116  117  118  119  120  121  122  123  124  125  


  ==> Energy                -406.435660181
  ==> dE                       -1.56e-04
  ==> Gradient Norm             3.97e-01
  ==> Abs. Max. Deriv.          4.93e-02
  ==> Time-Grad. (s)            1177.391
  ==> Time-Energy (s)             56.447
  ==> Time-Iter. (s)            1237.473

--------------------------------------------------------------------------------
CEO-ADAPT-VQE iteration: 37
--------------------------------------------------------------------------------
    gate        derivative      name       op1       op2       op3        g_unscaled   penalty
  112682        0.00078417        om      2090      2091                  0.06194913        79
  112681        0.00077866        op      2090      2091                  0.06151420        79
  151803        0.00066036        op     31293     31295                  0.02839554        43
  151804        0.00066036        op     31293     31295                  0.02839554        43
    2090        0.00064981    a_iajb      2090                            0.06173166        95
  151799        0.00064156        op     31293     31294                  0.02758724        43
  151800        0.00064156        op     31293     31294                  0.02758724        43
  178508       -0.00057345        om     51302     51303                 -0.02121754        37
  178507       -0.00056567        op     51302     51303                 -0.02092972        37
  152964        0.00048882        om     32205     32206                  0.02590750        53

  ==> Add operator: mvp2 -1: 2090 2091
  ==> Current qubit order: 2  3  4  5  6  7  8  9  10  11  12  13  14  15  16  17  18  19  20  21  22  23  24  25  28  29  30  31  32  33  34  35  36  71  37  38  39  40  41  42  43  44  45  46  47  48  49  50  51  52  53  58  59  60  61  56  66  63  69  64  68  62  55  26  110  67  57  27  111  65  72  73  0  126  127  1  74  75  54  77  97  76  96  70  87  80  81  78  79  82  84  85  83  86  90  91  88  89  92  93  94  95  98  99  100  101  102  103  104  105  106  107  108  109  112  113  114  115  116  117  118  119  120  121  122  123  124  125  


  ==> Energy                -406.435814252
  ==> dE                       -1.54e-04
  ==> Gradient Norm             4.02e-01
  ==> Abs. Max. Deriv.          6.19e-02
  ==> Time-Grad. (s)            1177.425
  ==> Time-Energy (s)             56.938
  ==> Time-Iter. (s)            1238.025

--------------------------------------------------------------------------------
CEO-ADAPT-VQE iteration: 38
--------------------------------------------------------------------------------
    gate        derivative      name       op1       op2       op3        g_unscaled   penalty
  229353        0.00100810        op     90252     90253                  0.05746168        57
  229354        0.00098852        om     90252     90253                  0.05634554        57
   90252        0.00077950    a_iajb     90252                            0.05690361        73
      15       -0.00049620      a_ia        15                           -0.00198481         4
  153780        0.00045461        om     33020     33021                  0.02591249        57
  152591        0.00045028        op     32086     32088                  0.02836733        63
  152592        0.00045028        op     32086     32088                  0.02836733        63
  153779        0.00045001        op     33020     33021                  0.02565033        57
  152587        0.00043568        op     32086     32087                  0.02744760        63
  152588        0.00043568        op     32086     32087                  0.02744760        63

  ==> Add operator: mvp2 -1: 90252 90253
  ==> Current qubit order: 2  3  4  5  6  7  8  9  10  11  12  13  14  15  16  17  18  19  20  21  22  23  24  25  28  29  30  31  32  33  34  35  36  71  37  38  39  40  41  42  43  44  45  46  47  48  49  50  51  52  53  58  59  60  61  66  63  69  64  68  62  55  26  56  110  27  111  67  57  65  72  73  0  126  127  1  74  75  54  77  97  76  96  70  87  80  81  78  79  82  84  85  83  86  90  91  88  89  92  93  94  95  98  99  100  101  102  103  104  105  106  107  108  109  112  113  114  115  116  117  118  119  120  121  122  123  124  125  


  ==> Energy                -406.436161456
  ==> dE                       -3.47e-04
  ==> Gradient Norm             4.17e-01
  ==> Abs. Max. Deriv.          5.78e-02
  ==> Time-Grad. (s)            1174.547
  ==> Time-Energy (s)             64.414
  ==> Time-Iter. (s)            1242.534

--------------------------------------------------------------------------------
CEO-ADAPT-VQE iteration: 39
--------------------------------------------------------------------------------
    gate        derivative      name       op1       op2       op3        g_unscaled   penalty
     278        0.00052591      a_ia       278                            0.00210365         4
      18       -0.00049613      a_ia        18                           -0.00198453         4
  112267       -0.00047155        om      1898      1899                 -0.07309075       155
  112266       -0.00046364        op      1898      1899                 -0.07186444       155
  154877        0.00042452        om     33816     33817                  0.02589568        61
  153670        0.00042390        op     32864     32866                  0.02840107        67
  153671        0.00042390        op     32864     32866                  0.02840107        67
    1898       -0.00042385    a_iajb      1898                           -0.07247760       171
  154876        0.00041941        op     33816     33817                  0.02558420        61
      17        0.00041897      a_ia        17                            0.00335177         8

  ==> Add operator: a_ia 278
  ==> Current qubit order: 2  3  4  5  6  7  8  9  10  11  12  13  14  15  16  17  18  19  20  21  22  23  24  25  28  29  30  31  32  33  34  35  36  71  37  38  39  40  41  42  43  44  45  46  47  48  49  50  51  52  53  58  59  60  61  66  63  69  64  68  62  55  26  56  110  111  27  67  57  65  72  73  0  126  127  1  74  75  54  77  97  76  96  70  87  80  81  78  79  82  84  85  83  86  90  91  88  89  92  93  94  95  98  99  100  101  102  103  104  105  106  107  108  109  112  113  114  115  116  117  118  119  120  121  122  123  124  125  


  ==> Energy                -406.436163341
  ==> dE                       -1.88e-06
  ==> Gradient Norm             4.17e-01
  ==> Abs. Max. Deriv.          7.31e-02
  ==> Time-Grad. (s)            1228.258
  ==> Time-Energy (s)             45.658
  ==> Time-Iter. (s)            1277.493

--------------------------------------------------------------------------------
CEO-ADAPT-VQE iteration: 40
--------------------------------------------------------------------------------
    gate        derivative      name       op1       op2       op3        g_unscaled   penalty
      18       -0.00049454      a_ia        18                           -0.00197818         4
  112242       -0.00047153        om      1954      1955                 -0.07308791       155
  112241       -0.00046362        op      1954      1955                 -0.07186040       155
  155920        0.00043892        om     34631     34632                  0.02589610        59
  155919        0.00043364        op     34631     34632                  0.02558479        59
  154679        0.00042389        op     33654     33656                  0.02840060        67
  154680        0.00042389        op     33654     33656                  0.02840060        67
    1954       -0.00042383    a_iajb      1954                           -0.07247416       171
      17        0.00041982      a_ia        17                            0.00335857         8
  112253        0.00041040        op      1966      1967                  0.01190170        29

  ==> Add operator: a_ia 18
  ==> Current qubit order: 2  3  4  5  6  7  8  9  10  11  12  13  14  15  16  17  18  19  20  21  22  23  24  25  28  29  30  31  32  33  34  35  36  71  37  38  39  40  41  42  43  44  45  46  47  48  49  50  51  52  53  58  59  60  61  66  63  69  64  68  62  55  26  56  110  111  27  67  57  65  72  73  0  126  127  74  1  75  54  77  97  76  96  70  87  80  81  78  79  82  84  85  83  86  90  91  88  89  92  93  94  95  98  99  100  101  102  103  104  105  106  107  108  109  112  113  114  115  116  117  118  119  120  121  122  123  124  125  


  ==> Energy                -406.437347786
  ==> dE                       -1.18e-03
  ==> Gradient Norm             4.33e-01
  ==> Abs. Max. Deriv.          7.31e-02
  ==> Time-Grad. (s)            1268.945
  ==> Time-Energy (s)            812.196
  ==> Time-Iter. (s)            2084.788

--------------------------------------------------------------------------------
CEO-ADAPT-VQE iteration: 41
--------------------------------------------------------------------------------
    gate        derivative      name       op1       op2       op3        g_unscaled   penalty
  112432       -0.00048940        om      2000      2001                 -0.07291988       149
  112431       -0.00047989        op      2000      2001                 -0.07150392       149
  157072        0.00043897        om     35390     35391                  0.02589916        59
    2000       -0.00043765    a_iajb      2000                           -0.07221190       165
  157071        0.00043335        op     35390     35391                  0.02556787        59
  155821        0.00042533        op     34403     34405                  0.02849700        67
  155822        0.00042533        op     34403     34405                  0.02849700        67
  155817        0.00040974        op     34403     34404                  0.02745228        67
  155818        0.00040974        op     34403     34404                  0.02745228        67
  112445        0.00040965        op      2014      2015                  0.01187989        29

  ==> Add operator: mvp2 -1: 2000 2001
  ==> Current qubit order: 2  3  4  5  6  7  8  9  10  11  12  13  14  15  16  17  18  19  20  21  22  23  24  25  28  29  30  31  32  33  34  35  36  37  38  39  40  41  42  43  44  45  46  47  48  49  50  51  52  53  58  59  60  61  66  63  69  64  68  62  55  26  56  71  0  126  1  110  111  27  67  57  65  72  73  127  74  75  54  77  97  76  96  70  87  80  81  78  79  82  84  85  83  86  90  91  88  89  92  93  94  95  98  99  100  101  102  103  104  105  106  107  108  109  112  113  114  115  116  117  118  119  120  121  122  123  124  125  


  ==> Energy                -406.437731903
  ==> dE                       -3.84e-04
  ==> Gradient Norm             4.14e-01
  ==> Abs. Max. Deriv.          7.29e-02
  ==> Time-Grad. (s)            1292.214
  ==> Time-Energy (s)             87.751
  ==> Time-Iter. (s)            1383.727

--------------------------------------------------------------------------------
CEO-ADAPT-VQE iteration: 42
--------------------------------------------------------------------------------
    gate        derivative      name       op1       op2       op3        g_unscaled   penalty
  156665        0.00072915        op     35051     35053                  0.02843698        39
  156666        0.00072915        op     35051     35053                  0.02843698        39
  158011       -0.00071553        op     36122     36123                 -0.03649209        51
  158012       -0.00070292        om     36122     36123                 -0.03584894        51
  156661        0.00069705        op     35051     35052                  0.02718495        39
  156662        0.00069705        op     35051     35052                  0.02718495        39
   36122       -0.00053986    a_iajb     36122                           -0.03617051        67
   35051        0.00049652    a_iajb     35051                            0.02730880        55
  157954        0.00041116        om     36064     36065                  0.02590311        63
  157953        0.00040593        op     36064     36065                  0.02557331        63

  ==> Add operator: mvp3 -1: 35051 35052 35053
  ==> Current qubit order: 2  3  4  5  6  7  8  9  10  11  12  13  14  15  16  17  18  19  20  21  22  23  24  25  28  29  30  31  32  33  34  35  36  37  38  39  40  41  42  43  44  45  46  47  48  49  50  51  52  53  58  59  60  61  66  63  69  68  62  55  56  64  26  0  126  71  1  110  111  27  67  57  65  72  73  127  74  75  54  77  97  76  96  70  87  80  81  78  79  82  84  85  83  86  90  91  88  89  92  93  94  95  98  99  100  101  102  103  104  105  106  107  108  109  112  113  114  115  116  117  118  119  120  121  122  123  124  125  


  ==> Energy                -406.438223914
  ==> dE                       -4.92e-04
  ==> Gradient Norm             3.95e-01
  ==> Abs. Max. Deriv.          3.65e-02
  ==> Time-Grad. (s)            1327.487
  ==> Time-Energy (s)            144.525
  ==> Time-Iter. (s)            1475.667

--------------------------------------------------------------------------------
CEO-ADAPT-VQE iteration: 43
--------------------------------------------------------------------------------
    gate        derivative      name       op1       op2       op3        g_unscaled   penalty
  158842       -0.00088785        op     36896     36897                 -0.03640202        41
  158843       -0.00087215        om     36896     36897                 -0.03575830        41
  159128        0.00077379        op     37182     37183                  0.02863037        37
  159129        0.00075996        om     37182     37183                  0.02811837        37
   36896       -0.00063299    a_iajb     36896                           -0.03608016        57
  112346       -0.00056662        op      2079      2080                 -0.01416561        25
  112347       -0.00056419        om      2079      2080                 -0.01410479        25
   37182        0.00053537    a_iajb     37182                            0.02837437        53
  112664        0.00046523        op      2397      2398                  0.02279645        49
  112665        0.00044748        om      2397      2398                  0.02192650        49

  ==> Add operator: mvp2 -1: 36896 36897
  ==> Current qubit order: 2  3  4  5  6  7  8  9  10  11  12  13  14  15  16  17  18  19  20  21  22  23  24  25  28  29  30  31  32  33  34  35  36  37  38  39  40  41  42  43  44  45  46  47  48  49  50  51  52  53  58  59  60  61  66  63  69  68  62  55  56  64  26  126  0  71  110  27  1  111  67  57  65  72  73  127  74  75  54  77  97  76  96  70  87  80  81  78  79  82  84  85  83  86  90  91  88  89  92  93  94  95  98  99  100  101  102  103  104  105  106  107  108  109  112  113  114  115  116  117  118  119  120  121  122  123  124  125  


  ==> Energy                -406.438398905
  ==> dE                       -1.75e-04
  ==> Gradient Norm             4.09e-01
  ==> Abs. Max. Deriv.          3.64e-02
  ==> Time-Grad. (s)            1623.236
  ==> Time-Energy (s)            130.376
  ==> Time-Iter. (s)            1757.187

--------------------------------------------------------------------------------
CEO-ADAPT-VQE iteration: 44
--------------------------------------------------------------------------------
    gate        derivative      name       op1       op2       op3        g_unscaled   penalty
  249360        0.00076547        op    105111    105112                  0.03750805        49
  249361        0.00076285        om    105111    105112                  0.03737944        49
  105111        0.00057606    a_iajb    105111                            0.03744374        65
  160196        0.00055589        op     37961     37962                  0.02835046        51
      13        0.00055293      a_ia        13                            0.04091661        74
  160197        0.00053750        om     37961     37962                  0.02741235        51
      12        0.00044254      a_ia        12                            0.03451787        78
   37961        0.00041614    a_iajb     37961                            0.02788141        67
  159841        0.00041156        om     37605     37606                  0.02592820        63
  159840        0.00040642        op     37605     37606                  0.02560467        63

  ==> Add operator: mvp2 -1: 105111 105112
  ==> Current qubit order: 2  3  4  5  6  7  8  9  10  11  12  13  14  15  16  17  18  19  20  21  22  23  24  25  28  29  30  31  32  33  34  35  36  37  38  39  40  41  42  43  44  45  46  47  48  49  50  51  52  53  58  59  60  61  66  63  69  68  62  55  56  64  26  126  0  71  27  1  67  110  111  57  54  65  72  73  127  74  75  77  97  76  96  70  87  80  81  78  79  82  84  85  83  86  90  91  88  89  92  93  94  95  98  99  100  101  102  103  104  105  106  107  108  109  112  113  114  115  116  117  118  119  120  121  122  123  124  125  


  ==> Energy                -406.438511630
  ==> dE                       -1.13e-04
  ==> Gradient Norm             4.11e-01
  ==> Abs. Max. Deriv.          4.09e-02
  ==> Time-Grad. (s)            1871.780
  ==> Time-Energy (s)            158.310
  ==> Time-Iter. (s)            2033.733

--------------------------------------------------------------------------------
CEO-ADAPT-VQE iteration: 45
--------------------------------------------------------------------------------
    gate        derivative      name       op1       op2       op3        g_unscaled   penalty
      13        0.00056613      a_ia        13                            0.04076148        72
  160986        0.00055477        op     38639     38640                  0.02829347        51
  160987        0.00053714        om     38639     38640                  0.02739425        51
      12        0.00045303      a_ia        12                            0.03442993        76
     423        0.00043878      a_ia       423                            0.02106164        48
   38639        0.00041558    a_iajb     38639                            0.02784386        67
  112740        0.00040442        op      2483      2484                  0.02305203        57
  112741        0.00038795        om      2483      2484                  0.02211293        57
  160621        0.00038699        om     38273     38274                  0.02592805        67
  160620        0.00038204        op     38273     38274                  0.02559656        67

  ==> Add operator: a_ia 13
  ==> Current qubit order: 2  3  4  5  6  7  8  9  10  11  12  13  14  15  16  17  18  19  20  21  22  23  24  25  28  29  30  31  32  33  34  36  37  38  39  40  41  42  43  44  45  46  47  48  49  50  51  52  53  58  59  60  61  66  63  69  68  62  55  56  64  26  126  0  71  27  35  1  67  110  111  57  54  65  72  73  127  74  75  77  97  76  96  70  87  80  81  78  79  82  84  85  83  86  90  91  88  89  92  93  94  95  98  99  100  101  102  103  104  105  106  107  108  109  112  113  114  115  116  117  118  119  120  121  122  123  124  125  


  ==> Energy                -406.438630953
  ==> dE                       -1.19e-04
  ==> Gradient Norm             4.07e-01
  ==> Abs. Max. Deriv.          4.08e-02
  ==> Time-Grad. (s)            2083.188
  ==> Time-Energy (s)            116.734
  ==> Time-Iter. (s)            2203.515

--------------------------------------------------------------------------------
CEO-ADAPT-VQE iteration: 46
--------------------------------------------------------------------------------
