op     31   32   95   96   32   31   95   96                       -0.10392733714870192041                                                    
op     31   33   95   97   33   31   95   97                       -0.04615080340331708525                                                    
op      0   35   64   99   35    0   64   99                       -0.01367121431817941608                                                    
op      0   63   77  119   63    0   77  119                       -0.01275456959508382629                                                    
mvp2    0   63   64  127   63    0   64  127                       -0.00811358322842831853    0.21339112947026339651                          
op      0   36   64  100   36    0   64  100                       -0.00530102054048279744                                                    
op     31   34   92   97   34   31   92   97                       -0.04211185032044193616                                                    
a_ia   33   34                                                      0.48722250140550671382                                                    
op      0   48   64  112   48    0   64  112                       -0.00650523129447324027                                                    
op      0   42   64  106   42    0   64  106                       -0.00243184872732337548                                                    
op     27   34   91   98   34   27   91   98                       -0.03659268167790057091                                                    
mvp2    0   55   64  119   55    0   64  119                       -0.00572354603481810536    0.00037933946474465001                          
om     27   33   77   96   33   27   77   96                        0.01546728027706260888                                                    
op      0   45   64  109   45    0   64  109                       -0.00279050952803372573                                                    
