op     31   32   95   96   32   31   95   96                       -0.10392481451779547741                                                    
op     31   33   95   97   33   31   95   97                       -0.04615559718611396411                                                    
op      0   35   64   99   35    0   64   99                       -0.01393823476000872509                                                    
op      0   63   77  119   63    0   77  119                       -0.01275679961998557599                                                    
mvp2    0   63   64  127   63    0   64  127                       -0.00809501543151791743    0.21388267245247852277                          
op      0   36   64  100   36    0   64  100                       -0.00528937099384298691                                                    
op     31   34   92   97   34   31   92   97                       -0.04210914306128674123                                                    
a_ia   33   34                                                      0.48700648348993580417                                                    
op      0   48   64  112   48    0   64  112                       -0.00669456245363728598                                                    
op      0   42   64  106   42    0   64  106                       -0.00238927924775404754                                                    
op     27   34   91   98   34   27   91   98                       -0.03659251512646902182                                                    
mvp2    0   55   64  119   55    0   64  119                       -0.00573326572049583094    0.00046372124051606881                          
om     27   33   77   96   33   27   77   96                        0.01557007045099013595                                                    
op      0   45   64  109   45    0   64  109                       -0.00277725785236791929                                                    
op      0   43   64  107   43    0   64  107                       -0.00168742653599456547                                                    
op      0   35   64  112   35    0   64  112                       -0.00805016185265283214                                                    
op      0   35   64  102   35    0   64  102                       -0.00327593160950752187                                                    
mvp3    0   35   27   55    0   27   55   35    0   27   35   55    0.00691202169925731261   -0.00028776762098272366   -0.00002526794209087367
op      0   48   64  102   48    0   64  102                       -0.00208639915072966406                                                    
