op     31   32   95   96   32   31   95   96                       -0.10392552107544178464                                                    
op     31   33   95   97   33   31   95   97                       -0.04615394594062399714                                                    
op      0   35   64   99   35    0   64   99                       -0.01391508221131013655                                                    
op      0   63   77  119   63    0   77  119                       -0.01275704277118686579                                                    
mvp2    0   63   64  127   63    0   64  127                       -0.00809860141668020117    0.21370579891081808999                          
op      0   36   64  100   36    0   64  100                       -0.00528424955454021884                                                    
op     31   34   92   97   34   31   92   97                       -0.04211012888072095811                                                    
a_ia   33   34                                                      0.48708413617846829657                                                    
op      0   48   64  112   48    0   64  112                       -0.00669270365817049764                                                    
op      0   42   64  106   42    0   64  106                       -0.00238905884020617623                                                    
op     27   34   91   98   34   27   91   98                       -0.03659378944103442582                                                    
mvp2    0   55   64  119   55    0   64  119                       -0.00572459205387140443    0.00043332125987300644                          
om     27   33   77   96   33   27   77   96                        0.01555084766007111714                                                    
op      0   45   64  109   45    0   64  109                       -0.00277491634496860023                                                    
op      0   43   64  107   43    0   64  107                       -0.00168641736232059318                                                    
op      0   35   64  112   35    0   64  112                       -0.00803262366658304659                                                    
op      0   35   64  102   35    0   64  102                       -0.00328823724212705349                                                    
