op     31   32   95   96   32   31   95   96                       -0.10406547543407622392                                                    
op     31   33   95   97   33   31   95   97                       -0.04615130019122982985                                                    
op      0   35   64   99   35    0   64   99                       -0.01359423715654734487                                                    
op      0   63   77  119   63    0   77  119                       -0.01266862166299455306                                                    
mvp2    0   63   64  127   63    0   64  127                       -0.00819098321023794401    0.21115705916752339211                          
op      0   36   64  100   36    0   64  100                       -0.00526626734720751690                                                    
op     31   34   92   97   34   31   92   97                       -0.04217228642632568636                                                    
a_ia   33   34                                                      0.48821441583736441272                                                    
op      0   48   64  112   48    0   64  112                       -0.00645194811872871078                                                    
op      0   42   64  106   42    0   64  106                       -0.00242526105024015292                                                    
op     27   34   91   98   34   27   91   98                       -0.03660531809870953140                                                    
