op     31   32   95   96   32   31   95   96                       -0.10392786130866177308                                                    
op     31   33   95   97   33   31   95   97                       -0.04615009519580969000                                                    
op      0   35   64   99   35    0   64   99                       -0.01378734461184563317                                                    
op      0   63   77  119   63    0   77  119                       -0.01278344263968542865                                                    
mvp2    0   63   64  127   63    0   64  127                       -0.00810188815061206255    0.21332307308367670640                          
op      0   36   64  100   36    0   64  100                       -0.00519144661797542838                                                    
op     31   34   92   97   34   31   92   97                       -0.04211220830276550531                                                    
a_ia   33   34                                                      0.48725239785983304186                                                    
op      0   48   64  112   48    0   64  112                       -0.00650361771510377541                                                    
op      0   42   64  106   42    0   64  106                       -0.00243489446387298164                                                    
op     27   34   91   98   34   27   91   98                       -0.03659213540424908345                                                    
mvp2    0   55   64  119   55    0   64  119                       -0.00579727041492317588    0.00036767739793578671                          
om     27   33   77   96   33   27   77   96                        0.01543478252265983140                                                    
