op     18   21   46   49   21   18   46   49                       -0.03851106656561058272                                                    
op     17   21   45   49   21   17   45   49                       -0.02555503357853098831                                                    
a_ia   17   21                                                      0.01281484470142989565                                                    
mvp2   19   25   46   49   25   19   46   49                       -0.01284718172221041739   -0.34681220935634166080                          
mvp2   17   21   45   50   21   17   45   50                       -0.00909437581535585057    0.00680386505196916083                          
a_ia   18   22                                                      0.00140585336329411732                                                    
a_ia   10   21                                                     -0.00891184922075394237                                                    
a_ia   46   49                                                      0.00395290294979473537                                                    
mvp2   18   21   19   22   18   19   22   21                       -0.00737146779022064980    0.26752375610779088877                          
mvp2   19   25   47   52   25   19   47   52                        0.00764120987948857348   -0.11262154941894828020                          
op     19   24   47   52   24   19   47   52                       -0.01225611798030600517                                                    
a_ia   47   52                                                     -0.00333023679982543579                                                    
a_ia   19   22                                                      0.00131323394093755749                                                    
a_ia   46   52                                                      0.00209457490461380843                                                    
a_ia   19   24                                                     -0.00298455738928299482                                                    
op     17   22   45   50   22   17   45   50                       -0.01023110714193159118                                                    
a_ia   18   24                                                      0.00186152094772917311                                                    
