op     18   21   46   49   21   18   46   49                       -0.03628824086151063305                                                    
op     17   21   45   49   21   17   45   49                       -0.02538939021618304148                                                    
a_ia   17   21                                                      0.01268195337898696089                                                    
mvp2   19   25   46   49   25   19   46   49                       -0.01222147530078380485   -0.00955919391963552627                          
mvp2   17   21   45   50   21   17   45   50                       -0.00910454589776526872    0.00016665588734009754                          
a_ia   18   22                                                      0.00143606287365493713                                                    
a_ia   10   21                                                     -0.00887830607028312208                                                    
a_ia   46   49                                                      0.00421204086936270532                                                    
mvp2   18   21   19   22   18   19   22   21                       -0.00762865861624983325    0.00234351903247356601                          
mvp2   19   25   47   52   25   19   47   52                        0.00773985727854856892   -0.00077912256524465722                          
op     19   24   47   52   24   19   47   52                       -0.01229710718692141568                                                    
