-2.617630732694556741e+02
-2.617819473465552278e+02
-2.617926565681382272e+02
-2.618025932950396850e+02
-2.618124254127570794e+02
-2.618185982684648820e+02
-2.618241458428087753e+02
-2.618271829493297105e+02
-2.618360710985759852e+02
-2.618396700298354745e+02
-2.618438380228200799e+02
-2.618458386380572733e+02
-2.618488103484302201e+02
-2.618509988824670245e+02
-2.618528050257503992e+02
-2.618546243686590174e+02
-2.618560422521392184e+02
-2.618561888221511822e+02
-2.618573027947110177e+02
-2.618586274959466778e+02
-2.618604392487728205e+02
-2.618619935873639974e+02
-2.618634335978857735e+02
-2.618639399048465179e+02
-2.618654085341735254e+02
-2.618661667390582011e+02
-2.618668519635062921e+02
-2.618677231193939861e+02
-2.618712778968741759e+02
-2.618714507425514739e+02
-2.618724460183465226e+02
-2.618724693716254137e+02
-2.618725349174176245e+02
-2.618726655625910098e+02
-2.618727949834175206e+02
-2.618732658442664274e+02
-2.618748339699153007e+02
-2.618748498002880183e+02
-2.618748798037051984e+02
-2.618748834971923998e+02
-2.618749297317597780e+02
-2.618774775718791261e+02
-2.618774926611515070e+02
-2.618785668889062208e+02
-2.618785799161403816e+02
-2.618787595145852265e+02
-2.618787944965608858e+02
-2.618788528704719738e+02
-2.618795683326029007e+02
-2.618801669656140803e+02
-2.618801942505245961e+02
-2.618804394285572812e+02
-2.618804631135679983e+02
-2.618805351916665245e+02
-2.618805700845580873e+02
-2.618805745383099861e+02
-2.618806147864988247e+02
-2.618806728740353833e+02
-2.618806861649139819e+02
-2.618807104773973151e+02
-2.618807970210954181e+02
-2.618812190282189931e+02
-2.618812550464261903e+02
-2.618819617459055280e+02
-2.618819642615848124e+02
-2.618821868112116817e+02
-2.618821916887729913e+02
-2.618822416583764152e+02
-2.618822480820209080e+02
-2.618822508688604103e+02
-2.618822637265622006e+02
-2.618822700944695043e+02
-2.618836024688411044e+02
-2.618836054102276876e+02
-2.618836093817071173e+02
-2.618836107434585188e+02
-2.618836871556800929e+02
-2.618837729983890199e+02
-2.618838330339924028e+02
-2.618840579182257216e+02
-2.618841982899019740e+02
-2.618841995764520902e+02
-2.618842041512679089e+02
-2.618842042342844820e+02
-2.618842051449892097e+02
-2.618842075699258771e+02
-2.618844018048225735e+02
-2.618844132219975904e+02
-2.618844403864562196e+02
-2.618857612987126231e+02
-2.618857838378044107e+02
-2.618858311422226279e+02
-2.618858316623698101e+02
-2.618858461588591808e+02
-2.618858462533008264e+02
-2.618858503591151248e+02
-2.618858607360584188e+02
-2.618858742711793752e+02
-2.618858779156188916e+02
-2.618858847850361826e+02
-2.618858850627372021e+02
-2.618858855322482100e+02
-2.618858858238431253e+02
-2.618858908574566726e+02
-2.618858983406356060e+02
-2.618859020476418777e+02
-2.618859088108679884e+02
-2.618859088147967213e+02
