-1.896083044339436867e+02
-2.551793520935476920e+02
-2.565329604586733012e+02
-2.565329674845809791e+02
-2.565331828615395011e+02
-2.565332027369154844e+02
-2.565332242401227063e+02
-2.565332263426512895e+02
-2.565332316676443725e+02
-2.565334105099740896e+02
-2.565334266240845977e+02
-2.566925722677887052e+02
-2.566927543219085237e+02
-2.574058527608324880e+02
-2.567147510976126910e+02
-2.579525773001773814e+02
-2.227751567396717860e+02
-2.556304692268907957e+02
-2.586831238247277156e+02
-2.586856846532614895e+02
-2.586857323963944850e+02
-2.586869646705944206e+02
-2.586869755870785070e+02
-2.586870422491890054e+02
-2.586871325170719160e+02
-2.586871404572506208e+02
-2.586878005611691265e+02
-2.586878290188258234e+02
-2.586880277946680167e+02
-2.586880287753409107e+02
-2.586880572069857180e+02
-2.604289238711925236e+02
-2.604289741294484770e+02
-2.604289786182483795e+02
-2.604289869981449215e+02
-2.604289885427527906e+02
-2.604290912040813168e+02
-2.604291151332997742e+02
-2.604291173660839718e+02
-2.604291562147361105e+02
-2.604291590784662844e+02
-2.604291736705158087e+02
-2.604291739574189819e+02
-2.604309372393316266e+02
-2.604309782712073229e+02
-2.604309785690584818e+02
-2.604309790997135110e+02
-2.604309855488339167e+02
-2.604310751656161074e+02
-2.604310802065265875e+02
-2.604310887948997788e+02
-2.604315789516722930e+02
-2.604331197181318771e+02
-2.604335787085726110e+02
-2.604335804779909722e+02
-2.604335922693787779e+02
-2.604336116926561999e+02
-2.604336370436865877e+02
-2.604336411134851801e+02
-2.604336553482834233e+02
-2.604340489327270802e+02
-2.604340524714601202e+02
-2.604341553414250257e+02
-2.604341820545711244e+02
-2.604343818811902906e+02
-2.604344123283951831e+02
-2.604345467219305874e+02
-2.604459201459538917e+02
-2.604459244989295144e+02
-2.604459263130452200e+02
-2.604461578533794750e+02
-2.604461580145563175e+02
-2.604461764894014095e+02
-2.604461893859211727e+02
-2.604461896062331903e+02
-2.604461938338632763e+02
-2.604464203742443260e+02
-2.604468521055101178e+02
-2.604468682287736101e+02
-2.604468835893169967e+02
-2.604468841841269864e+02
-2.604484127171419914e+02
-2.604485409117879726e+02
-2.604506654517771267e+02
-2.604512202668856276e+02
-2.604512211730327067e+02
-2.604512239296918210e+02
-2.604512241338507010e+02
-2.604514531897041252e+02
-2.604514539447396260e+02
-2.604514818889371099e+02
-2.604514928022072127e+02
-2.604515694535487000e+02
-2.604515798568206719e+02
-2.604520198641873776e+02
-2.604520200555637075e+02
-2.604520260679120156e+02
-2.604520273862910926e+02
-2.604520536070409094e+02
-2.604520537854489248e+02
-2.604522328001992832e+02
-2.604522892561852245e+02
-2.604522998974612733e+02
-2.604523081749392759e+02
-2.604529603119499939e+02
-2.604529610449968118e+02
-2.604529901729547987e+02
-2.604534019339814108e+02
-2.604534708430912815e+02
-2.607239668083569768e+02
-2.607239983032969803e+02
-2.607240119978221742e+02
-2.607240645830386256e+02
-2.607240881579573966e+02
-2.607242230576641759e+02
-2.607250577713001007e+02
-2.607250744366867252e+02
-2.607250780760518865e+02
-2.607251121455158795e+02
-2.607267553679081971e+02
-2.607267582042779850e+02
-2.607268117240968195e+02
-2.607391642259676132e+02
-2.607391808430107858e+02
-2.607393118677144912e+02
-2.607393454363470937e+02
-2.607400844451302078e+02
-2.607408893436943913e+02
-2.607548696308169838e+02
-2.607551466112327034e+02
-2.607551525215354786e+02
-2.607553510183657863e+02
-2.607562066987014191e+02
-2.607576451110592757e+02
-2.607576553578934977e+02
-2.607576711637773883e+02
-2.607674587332339797e+02
-2.607675318585579021e+02
-2.607678387781369906e+02
-2.607679737927899168e+02
-2.607679956456171908e+02
-2.607682256781503725e+02
-2.607682343581055875e+02
-2.607685130497962973e+02
-2.607686405136435042e+02
-2.607688008384856175e+02
-2.607688910808523133e+02
-2.607689764329410878e+02
-2.607693853607581786e+02
-2.607697921592969124e+02
-2.607699881676102791e+02
-2.607701092811067838e+02
-2.607702045390374224e+02
-2.607702679311557858e+02
-2.607745477590123073e+02
-2.607775087704332009e+02
-2.607776210573093749e+02
-2.617015000888467853e+02
-2.617015760152880830e+02
-2.617016169212520253e+02
-2.617016188406773836e+02
-2.617016225767829951e+02
-2.617017820372386723e+02
-2.617018675724941090e+02
-2.617019785579586824e+02
-2.617019795550621097e+02
-2.617019872411067922e+02
-2.617020010686392766e+02
-2.617021149121911776e+02
-2.617021869788962931e+02
-2.617024432070322177e+02
-2.617024481824554982e+02
-2.617024500235833102e+02
-2.617024574055701009e+02
-2.617024606223498040e+02
-2.617024853657314907e+02
-2.617028148854461733e+02
-2.617028150825516946e+02
-2.617028177694209035e+02
-2.617028468421505067e+02
-2.617035527481995132e+02
-2.617035622342452257e+02
-2.617035757560769866e+02
-2.617041504622757770e+02
-2.617041530040585258e+02
-2.617041911093244835e+02
-2.617042219042241982e+02
-2.617043196255244197e+02
-2.617043312304692790e+02
-2.617047904363831776e+02
-2.617048395250342878e+02
-2.617048430919679731e+02
-2.617048462506112969e+02
-2.617053068089398948e+02
-2.617053720741685083e+02
-2.617059396009959755e+02
-2.617065940758761826e+02
-2.617065946244031238e+02
-2.617066110961537220e+02
-2.617066130664928778e+02
-2.617066390375936180e+02
-2.617070855831278777e+02
-2.617070875668363215e+02
-2.617072270414265063e+02
-2.617072611303029248e+02
-2.617072660994577973e+02
-2.617072676240562146e+02
-2.617072857237860148e+02
-2.617072978235025857e+02
-2.617073087984973085e+02
-2.617144983268394753e+02
-2.617145009945525089e+02
-2.617145047340939072e+02
-2.617145047395300139e+02
