op     20   25   68   73   25   20   68   73                       -0.16139619118446113522                                                    
op     23   27   71   75   27   23   71   75                       -0.04580234320555546385                                                    
a_ia   68   73                                                     -0.04563191172976335114                                                    
op     23   29   71   75   29   23   71   75                        0.01459322606109041305                                                    
a_ia   72   73                                                     -0.12939092103431085179                                                    
op     21   25   67   72   25   21   67   72                        0.00007414422969834247                                                    
mvp2   15   24   68   73   24   15   68   73                       -0.01740695622079827670   -0.04484989914685962725                          
mvp2   68   73   71   75   68   71   75   73                       -0.02914388245706931932    0.14886831670917149983                          
mvp2   18   25   68   73   25   18   68   73                        0.01678323458347111274    0.09234229920744858877                          
mvp2   16   45   68   73   45   16   68   73                        0.01320875012741143731    0.07479630691601121817                          
mvp2   20   34   68   73   34   20   68   73                        0.01741225339051783935    0.03130243056807758412                          
mvp2   17   25   68   73   25   17   68   73                        0.02154209142126930349    0.08820767632647127932                          
mvp2   16   34   68   73   34   16   68   73                        0.05488072054635945857    0.54454479206048744810                          
a_ia   21   25                                                     -0.00020405057374090114                                                    
mvp3   68   72   71   73   68   71   73   72   68   71   72   73   -0.03467058193138820160    0.50299309530834035442   -0.31994624849425445934
a_ia   71   75                                                      0.00659671511185990541                                                    
mvp2   20   32   68   73   32   20   68   73                       -0.02364947592377268648   -0.19973740095082845314                          
mvp2   16   34   67   75   34   16   67   75                       -0.00386445096908371666    0.50239805011871585538                          
a_ia   68   73                                                      0.03469106143670797060                                                    
a_ia   67   75                                                     -0.00474223488915386827                                                    
mvp2   20   43   68   73   43   20   68   73                       -0.01974647223866866572   -0.17774774352562977553                          
a_ia   20   43                                                      0.00148984270091564682                                                    
a_ia   73   76                                                      0.13394339936550236914                                                    
a_ia   73   79                                                      0.10552685915506081205                                                    
a_ia   73   82                                                     -0.14636937886398454500                                                    
mvp2   23   24   71   72   24   23   71   72                       -0.04520864690242920592   -0.77247048873554513548                          
a_ia   73   81                                                      0.03451209736219776336                                                    
a_ia   23   24                                                     -0.00013077041997623258                                                    
a_ia   67   72                                                      0.00128580622277963720                                                    
mvp2   16   34   67   72   34   16   67   72                        0.00729426757942716174   -1.39618312757038709471                          
a_ia   73   83                                                      0.07457850826484838103                                                    
a_ia   20   39                                                     -0.00727696597393593519                                                    
mvp3   19   24   20   25   19   20   25   24   19   20   24   25   -0.03708737768637859755   -0.53127226852839926075    0.08021908551763463902
a_ia   19   27                                                     -0.00414538373266482886                                                    
a_ia   25   28                                                      0.14160750809739150458                                                    
a_ia   24   28                                                     -0.11708052324779401332                                                    
a_ia   20   21                                                      0.14032686192191437535                                                    
a_ia   20   32                                                      0.00615234658242251164                                                    
a_ia   70   71                                                      0.06135470838243384933                                                    
a_ia   68   78                                                     -0.00429209692138355411                                                    
a_ia   19   20                                                      0.12910449495636494577                                                    
a_ia   67   72                                                      0.00704790063286070325                                                    
a_ia   65   68                                                      0.15295199953341195864                                                    
a_ia   68   69                                                      0.13991722306563619815                                                    
a_ia   25   26                                                      0.05233504306267327405                                                    
a_ia   68   80                                                      0.00251473085861859263                                                    
a_ia   68   81                                                      0.00370015026689858063                                                    
a_ia   68   87                                                     -0.00704364273430962192                                                    
a_ia   68   86                                                      0.00262280820558751394                                                    
a_ia   24   26                                                      0.08354764975235721980                                                    
