op     20   25   68   73   25   20   68   73                       -0.15508057276205675090                                                    
op     23   27   71   75   27   23   71   75                       -0.04167933232909400154                                                    
a_ia   68   73                                                     -0.05094529743171438002                                                    
op     23   29   71   75   29   23   71   75                        0.01368442163461542314                                                    
a_ia   72   73                                                     -0.12951213079011753004                                                    
op     21   25   67   72   25   21   67   72                        0.00011689037791576335                                                    
mvp2   15   24   68   73   24   15   68   73                       -0.04022489818437564868   -0.14070388458465646342                          
mvp2   68   73   71   75   68   71   75   73                       -0.03444323134442022621    0.13444264319924723039                          
mvp2   18   25   68   73   25   18   68   73                        0.01798881948266495279    0.07025314309164995552                          
mvp2   16   45   68   73   45   16   68   73                        0.01368306052356767742    0.06931656335524111201                          
mvp2   20   34   68   73   34   20   68   73                        0.01786286100215463829    0.02698537198964698347                          
mvp2   17   25   68   73   25   17   68   73                        0.02231125558707873144    0.07071935487755466598                          
mvp2   16   34   68   73   34   16   68   73                        0.06966210411724851892    0.55966590619189016120                          
a_ia   21   25                                                     -0.00028088695271938553                                                    
mvp3   68   72   71   73   68   71   73   72   68   71   72   73   -0.02869992025762985177    0.56520034739334401586   -0.26148693474509587809
a_ia   71   75                                                      0.00688424692452856927                                                    
mvp2   20   32   68   73   32   20   68   73                       -0.02421534782345185696   -0.18363958764624530029                          
mvp2   16   34   67   75   34   16   67   75                       -0.00409458356078690015    0.44595545186049551090                          
a_ia   68   73                                                      0.04389597606838772231                                                    
a_ia   67   75                                                     -0.00219054162020932992                                                    
mvp2   20   43   68   73   43   20   68   73                       -0.02077245695908560424   -0.16069353307139841447                          
a_ia   20   43                                                      0.00048242206145825215                                                    
a_ia   73   76                                                      0.13123540526964180830                                                    
a_ia   73   79                                                      0.10215711906664183550                                                    
a_ia   73   82                                                     -0.14503167567702415774                                                    
mvp2   23   24   71   72   24   23   71   72                       -0.03089906432844529913   -0.53691223739366467083                          
a_ia   73   81                                                      0.03436218161617251438                                                    
a_ia   23   24                                                      0.00223456510669117585                                                    
a_ia   67   72                                                      0.00194016602864628121                                                    
mvp2   16   34   67   72   34   16   67   72                        0.00890910923759007448   -1.42299210888391725049                          
a_ia   73   83                                                      0.07593082692122762878                                                    
a_ia   20   39                                                     -0.00792076117969191598                                                    
mvp3   19   24   20   25   19   20   25   24   19   20   24   25   -0.02606705419611264965   -0.40661778724692498876    0.05526942556649284966
a_ia   19   27                                                     -0.00906149537915684582                                                    
a_ia   25   28                                                      0.14643174060128141822                                                    
a_ia   24   28                                                     -0.16646515246759849282                                                    
a_ia   20   21                                                      0.13986358563577919178                                                    
a_ia   20   32                                                      0.00576329662405115125                                                    
a_ia   70   71                                                      0.06782003557888749423                                                    
a_ia   68   78                                                     -0.00542044275594582691                                                    
a_ia   19   20                                                      0.12254208847478872957                                                    
a_ia   67   72                                                     -0.00659872153693962567                                                    
a_ia   65   68                                                      0.15676487276815032068                                                    
a_ia   68   69                                                      0.13742514273574740757                                                    
a_ia   25   26                                                      0.04527627520403445377                                                    
a_ia   68   80                                                      0.00321305301270370831                                                    
a_ia   68   81                                                      0.00432909139045579722                                                    
a_ia   68   87                                                     -0.00892264591949474932                                                    
a_ia   68   86                                                      0.00301640960443643000                                                    
a_ia   24   26                                                      0.12105760189812096728                                                    
a_ia   68   85                                                      0.00269287606815200604                                                    
mvp2   19   27   67   75   27   19   67   75                       -0.02120328262237468342    0.31226826799658735645                          
mvp2   19   26   67   74   26   19   67   74                       -0.00959515792437622313    0.19552007703654597504                          
a_ia   73   91                                                      0.17715841937441814680                                                    
a_ia   73   89                                                     -0.08224628022495505952                                                    
a_ia   73   92                                                     -0.04727689943893540608                                                    
mvp2   19   27   67   72   27   19   67   72                        0.02528767533117965913    0.54089035164916166032                          
mvp2   19   24   67   72   24   19   67   72                       -0.02331581301177596335   -0.24634090892265073092                          
a_ia   68   88                                                     -0.00026538216297949187                                                    
mvp2   15   27   67   72   27   15   67   72                        0.02062292554107250653    0.32613433587782147960                          
a_ia   15   23                                                     -0.61036094369025462036                                                    
a_ia   68   88                                                      0.00187421803120433315                                                    
a_ia   15   27                                                     -0.00445891600619473857                                                    
a_ia   67   72                                                      0.01728746377516683988                                                    
a_ia   73   93                                                     -0.02917741153409500118                                                    
a_ia   20   30                                                     -0.00583869960433307938                                                    
