op     20   25   68   73   25   20   68   73                       -0.14109005155925116726                                                    
op     23   27   71   75   27   23   71   75                       -0.04859334114107758534                                                    
a_ia   68   73                                                     -0.02517368079139047435                                                    
op     23   29   71   75   29   23   71   75                        0.01482976222764716828                                                    
a_ia   72   73                                                     -0.14556621450756215830                                                    
op     21   25   67   72   25   21   67   72                        0.00067126705111452995                                                    
mvp2   15   24   68   73   24   15   68   73                       -0.01518761595205305077   -0.05512998121880684915                          
mvp2   68   73   71   75   68   71   75   73                       -0.03230753619520179004    0.07445787991319570420                          
mvp2   18   25   68   73   25   18   68   73                        0.01825886628113892324    0.12045236262709328734                          
mvp2   16   45   68   73   45   16   68   73                        0.01324890927425384675    0.07358907826662447471                          
mvp2   20   34   68   73   34   20   68   73                        0.01706233801095619756    0.02835912597960050033                          
mvp2   17   25   68   73   25   17   68   73                        0.02196612366651605822    0.08851121183922376623                          
mvp2   16   34   68   73   34   16   68   73                        0.06009228241218609462    0.49930580060786505792                          
a_ia   21   25                                                     -0.00247577983740478701                                                    
mvp3   68   72   71   73   68   71   73   72   68   71   72   73   -0.03497475400847311483    0.37496371701668507193   -0.30215606564245084398
a_ia   71   75                                                      0.00383203753670315582                                                    
mvp2   20   32   68   73   32   20   68   73                       -0.02364290398015364558   -0.17603493559208885366                          
mvp2   16   34   67   75   34   16   67   75                       -0.00426046776316581482    0.51325164186164484725                          
a_ia   68   73                                                      0.01986402230474029057                                                    
a_ia   67   75                                                     -0.00145214211239457110                                                    
mvp2   20   43   68   73   43   20   68   73                       -0.01917901581205895545   -0.16844336773763432524                          
a_ia   20   43                                                      0.00088597926222064663                                                    
a_ia   73   76                                                      0.12677154477684701717                                                    
a_ia   73   79                                                      0.10374714384172471771                                                    
a_ia   73   82                                                     -0.14734964884728510293                                                    
mvp2   23   24   71   72   24   23   71   72                       -0.04819546284958153154   -0.80531924433680879272                          
a_ia   73   81                                                      0.03716287368760537446                                                    
a_ia   23   24                                                     -0.01242751398282327877                                                    
a_ia   67   72                                                      0.00245795186217291021                                                    
mvp2   16   34   67   72   34   16   67   72                        0.00766811338040154691   -1.38682974838612627089                          
a_ia   73   83                                                      0.07141671203931820866                                                    
a_ia   20   39                                                     -0.00657078979065241209                                                    
