op     20   25   68   73   25   20   68   73                       -0.12986468863924241490                                                    
op     23   27   71   75   27   23   71   75                       -0.05287803389705225676                                                    
a_ia   68   73                                                     -0.00455588686161212050                                                    
op     23   29   71   75   29   23   71   75                        0.01502543498288598164                                                    
a_ia   72   73                                                     -0.16884653314671255186                                                    
op     21   25   67   72   25   21   67   72                       -0.00791433077062423003                                                    
mvp2   15   24   68   73   24   15   68   73                       -0.01102790648973935549   -0.07692888598392244592                          
mvp2   68   73   71   75   68   71   75   73                       -0.02493439121485031482    0.09227649441446697520                          
mvp2   18   25   68   73   25   18   68   73                        0.01844364011321591654    0.01218268221928142311                          
mvp2   16   45   68   73   45   16   68   73                        0.01116257505629381433    0.08521652299593297786                          
mvp2   20   34   68   73   34   20   68   73                        0.01798416513229424141    0.00348041847542766760                          
mvp2   17   25   68   73   25   17   68   73                        0.02111733891295449611    0.00953908525454971214                          
mvp2   16   34   68   73   34   16   68   73                        0.01220049857338328415    0.07257691022793417990                          
