op     20   25   68   73   25   20   68   73                       -0.15578333402041413813                                                    
op     23   27   71   75   27   23   71   75                       -0.04558400762322505767                                                    
a_ia   68   73                                                     -0.02848850606935209376                                                    
op     23   29   71   75   29   23   71   75                        0.01446959015109483375                                                    
a_ia   72   73                                                     -0.14013673359299688714                                                    
op     21   25   67   72   25   21   67   72                        0.00074132305858941999                                                    
mvp2   15   24   68   73   24   15   68   73                       -0.01680574298157516341   -0.05035384015817898073                          
mvp2   68   73   71   75   68   71   75   73                       -0.02925743686288986498    0.14877817665333106789                          
mvp2   18   25   68   73   25   18   68   73                        0.01711218531413732577    0.13226662338944664143                          
mvp2   16   45   68   73   45   16   68   73                        0.01290954348940053474    0.07762478747759843367                          
mvp2   20   34   68   73   34   20   68   73                        0.01646427844952921132    0.02528555525600240106                          
mvp2   17   25   68   73   25   17   68   73                        0.02068479585677975366    0.10409389274310490436                          
mvp2   16   34   68   73   34   16   68   73                        0.05451411454763646636    0.56307003566479496559                          
a_ia   21   25                                                     -0.00228100807930182005                                                    
mvp3   68   72   71   73   68   71   73   72   68   71   72   73   -0.03457371684314561322    0.37828858241858770439   -0.33922393427773106511
a_ia   71   75                                                      0.00462657455173078741                                                    
mvp2   20   32   68   73   32   20   68   73                       -0.02240691223681376756   -0.19600824890896115238                          
mvp2   16   34   67   75   34   16   67   75                       -0.00386691782212401783    0.50278660344218517597                          
a_ia   68   73                                                      0.02290927322189298398                                                    
a_ia   67   75                                                     -0.00163964974870297003                                                    
mvp2   20   43   68   73   43   20   68   73                       -0.01835273565905241183   -0.18424777228815869545                          
a_ia   20   43                                                      0.00114289364337278048                                                    
a_ia   73   76                                                      0.13306325540511940164                                                    
a_ia   73   79                                                      0.10697877207011535772                                                    
a_ia   73   82                                                     -0.14802367971829141768                                                    
mvp2   23   24   71   72   24   23   71   72                       -0.04550198353310164895   -0.78116289238149683172                          
a_ia   73   81                                                      0.03748225287645303577                                                    
a_ia   23   24                                                      0.00196104374190531842                                                    
a_ia   67   72                                                      0.00222922285087109829                                                    
mvp2   16   34   67   72   34   16   67   72                        0.00724396687342735400   -1.39603307117206854038                          
a_ia   73   83                                                      0.07296556652062138881                                                    
a_ia   20   39                                                     -0.00754254657416419949                                                    
mvp3   19   24   20   25   19   20   25   24   19   20   24   25   -0.03769991966311936338   -0.53413339094897926973    0.00092339817371883909
a_ia   19   27                                                     -0.00410262535819090526                                                    
a_ia   25   28                                                      0.14372373856770034872                                                    
a_ia   24   28                                                     -0.13904118528466755111                                                    
