op     20   25   68   73   25   20   68   73                       -0.13002960786667544513                                                    
op     23   27   71   75   27   23   71   75                       -0.05295577262548245567                                                    
a_ia   68   73                                                     -0.00427865809434059378                                                    
op     23   29   71   75   29   23   71   75                        0.01503072124764904399                                                    
a_ia   72   73                                                     -0.17000983440519212841                                                    
op     21   25   67   72   25   21   67   72                       -0.00791847624218043784                                                    
mvp2   15   24   68   73   24   15   68   73                       -0.01105994758835653242   -0.07786114590661628865                          
mvp2   68   73   71   75   68   71   75   73                       -0.02489401781244119510    0.09271511719564282106                          
mvp2   18   25   68   73   25   18   68   73                        0.01822408310448605032    0.00668318266789103433                          
mvp2   16   45   68   73   45   16   68   73                        0.01122557151784500142    0.08524660195499780824                          
mvp2   20   34   68   73   34   20   68   73                        0.01790750591095075991    0.00051433674722014286                          
mvp2   17   25   68   73   25   17   68   73                        0.02122140252045191106    0.00128814549620534470                          
