op     20   25   68   73   25   20   68   73                       -0.13232608809260654192                                                    
op     23   27   71   75   27   23   71   75                       -0.05295192662967548175                                                    
a_ia   68   73                                                     -0.00398280467738037960                                                    
op     23   29   71   75   29   23   71   75                        0.01505035197369989849                                                    
a_ia   72   73                                                     -0.16435288896560401595                                                    
op     21   25   67   72   25   21   67   72                       -0.00735524106123001346                                                    
mvp2   15   24   68   73   24   15   68   73                       -0.01096963217864211151   -0.07634117533008329126                          
mvp2   68   73   71   75   68   71   75   73                       -0.02568155705716569995    0.08993444105364011010                          
mvp2   18   25   68   73   25   18   68   73                        0.01780120610708908063    0.02969042456419207499                          
mvp2   16   45   68   73   45   16   68   73                        0.01177640397934253715    0.08697305183646462934                          
mvp2   20   34   68   73   34   20   68   73                        0.01688947048411652482    0.01233502028031351061                          
mvp2   17   25   68   73   25   17   68   73                        0.02127352178225017099    0.03380074188771966387                          
mvp2   16   34   68   73   34   16   68   73                        0.01286290183704608125    0.09037407157710379557                          
a_ia   21   25                                                     -0.00230015699091563408                                                    
mvp3   68   72   71   73   68   71   73   72   68   71   72   73   -0.02767941798459330055    0.01452194676235355787   -0.23780503500503877290
a_ia   71   75                                                      0.00296310131777725860                                                    
mvp2   20   32   68   73   32   20   68   73                       -0.02448204340183494226   -0.00273409025934821977                          
