op     20   25   68   73   25   20   68   73                       -0.15751027647407694898                                                    
op     23   27   71   75   27   23   71   75                       -0.04586955063749402484                                                    
a_ia   68   73                                                     -0.03219845998406974108                                                    
op     23   29   71   75   29   23   71   75                        0.01457415575968665916                                                    
a_ia   72   73                                                     -0.14097251313237249559                                                    
op     21   25   67   72   25   21   67   72                        0.00008480100993971373                                                    
mvp2   15   24   68   73   24   15   68   73                       -0.01681388887811156516   -0.04956886838462704059                          
mvp2   68   73   71   75   68   71   75   73                       -0.02918654731778189473    0.14869816615338515842                          
mvp2   18   25   68   73   25   18   68   73                        0.01717058180853473295    0.12916704511521076570                          
mvp2   16   45   68   73   45   16   68   73                        0.01297705384868676898    0.07707411728402752127                          
mvp2   20   34   68   73   34   20   68   73                        0.01672211297383457626    0.02882915677684549233                          
mvp2   17   25   68   73   25   17   68   73                        0.02062589347217174199    0.10169332732073933789                          
mvp2   16   34   68   73   34   16   68   73                        0.05425970035682949749    0.56031274886261561718                          
a_ia   21   25                                                     -0.00014957573759854826                                                    
mvp3   68   72   71   73   68   71   73   72   68   71   72   73   -0.03411789345900483744    0.37996593004452017261   -0.34172753220981277877
a_ia   71   75                                                      0.00514233230372395864                                                    
mvp2   20   32   68   73   32   20   68   73                       -0.02253429182454958282   -0.20855568176616645637                          
mvp2   16   34   67   75   34   16   67   75                       -0.00401873070960845433    0.50332537719866454751                          
a_ia   68   73                                                      0.02525507883503206805                                                    
a_ia   67   75                                                     -0.00220267262438107909                                                    
mvp2   20   43   68   73   43   20   68   73                       -0.01888114941912547029   -0.18771457200875615867                          
a_ia   20   43                                                      0.00144835310245838389                                                    
a_ia   73   76                                                      0.13300468305959564641                                                    
a_ia   73   79                                                      0.10668428051529560419                                                    
a_ia   73   82                                                     -0.14798941384005886990                                                    
mvp2   23   24   71   72   24   23   71   72                       -0.04535645182027624872   -0.78089418495100826334                          
a_ia   73   81                                                      0.03747011316146287019                                                    
a_ia   23   24                                                      0.00108018332939116362                                                    
a_ia   67   72                                                      0.00206417510919069958                                                    
mvp2   16   34   67   72   34   16   67   72                        0.00729134136008380979   -1.39977886553443719997                          
a_ia   73   83                                                      0.07338087389180342202                                                    
a_ia   20   39                                                     -0.00765821576732556367                                                    
mvp3   19   24   20   25   19   20   25   24   19   20   24   25   -0.03804879469867522568   -0.52592373721136009834    0.02497956807259213083
a_ia   19   27                                                     -0.00426166901389707104                                                    
a_ia   25   28                                                      0.14498641945938578468                                                    
a_ia   24   28                                                     -0.14299840066693200735                                                    
a_ia   20   21                                                      0.14128083897467597074                                                    
a_ia   20   32                                                      0.00456081362747923214                                                    
a_ia   70   71                                                      0.06102294414760429248                                                    
a_ia   68   78                                                     -0.00358532736503079522                                                    
