op     20   25   68   73   25   20   68   73                       -0.12908458417114299088                                                    
op     23   27   71   75   27   23   71   75                       -0.05288393701860506085                                                    
a_ia   68   73                                                     -0.00438323747825639272                                                    
op     23   29   71   75   29   23   71   75                        0.01523057480721366416                                                    
a_ia   72   73                                                     -0.17022916815445843230                                                    
op     21   25   67   72   25   21   67   72                       -0.00792488622903384649                                                    
mvp2   15   24   68   73   24   15   68   73                       -0.01091471543038734920   -0.07804770947675014614                          
mvp2   68   73   71   75   68   71   75   73                       -0.02480143731489366579    0.09283865687123608879                          
mvp2   18   25   68   73   25   18   68   73                        0.01827828454761785265    0.00573736520632424189                          
mvp2   16   45   68   73   45   16   68   73                        0.01127912266826665809    0.08525943541913140467                          
