op     20   25   68   73   25   20   68   73                       -0.15624187911128603612                                                    
op     23   27   71   75   27   23   71   75                       -0.03794130322666144223                                                    
a_ia   68   73                                                     -0.05056350322852289081                                                    
op     23   29   71   75   29   23   71   75                        0.01258230989810696365                                                    
a_ia   72   73                                                     -0.12922484435710640538                                                    
op     21   25   67   72   25   21   67   72                        0.00016017279182620322                                                    
mvp2   15   24   68   73   24   15   68   73                       -0.04314098766682594038   -0.15131801685740831065                          
mvp2   68   73   71   75   68   71   75   73                       -0.03397978465653478386    0.15397789866579475460                          
mvp2   18   25   68   73   25   18   68   73                        0.01774336964814518525    0.06872945815563183403                          
mvp2   16   45   68   73   45   16   68   73                        0.01365761248805692253    0.07151811487111418841                          
mvp2   20   34   68   73   34   20   68   73                        0.01788425501575309148    0.02021699261296235409                          
mvp2   17   25   68   73   25   17   68   73                        0.02216996850718506301    0.07157834157973921863                          
mvp2   16   34   68   73   34   16   68   73                        0.06588950122177360258    0.55192781280499847441                          
a_ia   21   25                                                     -0.00025453546071873271                                                    
mvp3   68   72   71   73   68   71   73   72   68   71   72   73   -0.02704711404480994799    0.56515166967670482645   -0.25903389830259931914
a_ia   71   75                                                      0.00642845068216922350                                                    
mvp2   20   32   68   73   32   20   68   73                       -0.02419447321383761187   -0.18019309942289471471                          
mvp2   16   34   67   75   34   16   67   75                       -0.00392450384986086677    0.45172476934434679929                          
a_ia   68   73                                                      0.04261711057852293066                                                    
a_ia   67   75                                                     -0.00419892807368268429                                                    
mvp2   20   43   68   73   43   20   68   73                       -0.02081746550227068712   -0.15902066551873700329                          
a_ia   20   43                                                      0.00086118678783085557                                                    
a_ia   73   76                                                      0.13154430212922008092                                                    
a_ia   73   79                                                      0.10266380853896267533                                                    
a_ia   73   82                                                     -0.14513651111223632717                                                    
mvp2   23   24   71   72   24   23   71   72                       -0.02706452033121689582   -0.42191147647131799214                          
a_ia   73   81                                                      0.03450353892613636925                                                    
a_ia   23   24                                                      0.00203899579616051256                                                    
a_ia   67   72                                                      0.00184218778585501963                                                    
mvp2   16   34   67   72   34   16   67   72                        0.00859257330569910931   -1.41626364283327954574                          
a_ia   73   83                                                      0.07610976454830507831                                                    
a_ia   20   39                                                     -0.00776385403767723865                                                    
mvp3   19   24   20   25   19   20   25   24   19   20   24   25   -0.03203105253783333772   -0.45238558716230620194    0.05790536331925649760
a_ia   19   27                                                     -0.00162620044328289429                                                    
a_ia   25   28                                                      0.14457336214808677588                                                    
a_ia   24   28                                                     -0.15357953799034079756                                                    
a_ia   20   21                                                      0.13964065601372874226                                                    
a_ia   20   32                                                      0.00566824371451052616                                                    
a_ia   70   71                                                      0.06874515235605843655                                                    
a_ia   68   78                                                     -0.00547656150242434824                                                    
a_ia   19   20                                                      0.12203705964455703603                                                    
a_ia   67   72                                                      0.00817592053171340392                                                    
a_ia   65   68                                                      0.15744769519864662555                                                    
a_ia   68   69                                                      0.13776132021992532062                                                    
a_ia   25   26                                                      0.04730955752115019453                                                    
a_ia   68   80                                                      0.00319690311548092220                                                    
a_ia   68   81                                                      0.00443852688331207099                                                    
a_ia   68   87                                                     -0.00886383996977568520                                                    
a_ia   68   86                                                      0.00298630953177762143                                                    
a_ia   24   26                                                      0.11370117991546896397                                                    
a_ia   68   85                                                      0.00272796972175411590                                                    
mvp2   19   27   67   75   27   19   67   75                       -0.02172755504706248147    0.23257899371249438070                          
mvp2   19   26   67   74   26   19   67   74                       -0.00959084526089263104    0.02823922787835019682                          
a_ia   73   91                                                      0.17706285646365477193                                                    
a_ia   73   89                                                     -0.08286655202525161634                                                    
a_ia   73   92                                                     -0.04826567197837947770                                                    
mvp2   19   27   67   72   27   19   67   72                        0.02538057448239546335    0.53313281745486562624                          
mvp2   19   24   67   72   24   19   67   72                       -0.02070365597085615031   -0.13039719022314785746                          
a_ia   68   88                                                     -0.00000408471183673828                                                    
mvp2   15   27   67   72   27   15   67   72                        0.02333955422575005254    0.39288309834785350994                          
a_ia   15   23                                                     -0.73572018571421093913                                                    
a_ia   68   88                                                      0.00135794323996998065                                                    
