op     20   25   68   73   25   20   68   73                       -0.16112304731885526698                                                    
op     23   27   71   75   27   23   71   75                       -0.04577344207489407457                                                    
a_ia   68   73                                                     -0.04322653109495575019                                                    
op     23   29   71   75   29   23   71   75                        0.01457444795862046331                                                    
a_ia   72   73                                                     -0.12906369502733047727                                                    
op     21   25   67   72   25   21   67   72                        0.00007151978978474348                                                    
mvp2   15   24   68   73   24   15   68   73                       -0.01702724398396551764   -0.04435776107431321780                          
mvp2   68   73   71   75   68   71   75   73                       -0.02914247821909296196    0.14923168335041472887                          
mvp2   18   25   68   73   25   18   68   73                        0.01682821390091928868    0.09446406899268305901                          
mvp2   16   45   68   73   45   16   68   73                        0.01319080359773541246    0.07502489491791065890                          
mvp2   20   34   68   73   34   20   68   73                        0.01718494465529113099    0.03296712911465662227                          
mvp2   17   25   68   73   25   17   68   73                        0.02145542466597012352    0.08809077918428920295                          
mvp2   16   34   68   73   34   16   68   73                        0.05476455532525675157    0.54801456241134671732                          
a_ia   21   25                                                     -0.00019091900634076510                                                    
mvp3   68   72   71   73   68   71   73   72   68   71   72   73   -0.03432187089526031465    0.49222004650545869708   -0.32404252856916948566
a_ia   71   75                                                      0.00655646915711058462                                                    
mvp2   20   32   68   73   32   20   68   73                       -0.02343166643775560290   -0.20354139521272482383                          
mvp2   16   34   67   75   34   16   67   75                       -0.00411666618934413298    0.50293910929435392543                          
a_ia   68   73                                                      0.03240369401489003737                                                    
a_ia   67   75                                                     -0.00448385234588941778                                                    
mvp2   20   43   68   73   43   20   68   73                       -0.01946527412611108107   -0.18182430616308578597                          
a_ia   20   43                                                      0.00174377201826826688                                                    
a_ia   73   76                                                      0.13312912846803390265                                                    
a_ia   73   79                                                      0.10573220180221948317                                                    
a_ia   73   82                                                     -0.14712648742932987744                                                    
mvp2   23   24   71   72   24   23   71   72                       -0.04542662510903676398   -0.77268837423528335950                          
a_ia   73   81                                                      0.03664734904176437241                                                    
a_ia   23   24                                                     -0.00072364822251773137                                                    
a_ia   67   72                                                      0.00123782727062193149                                                    
mvp2   16   34   67   72   34   16   67   72                        0.00695890707274175822   -1.39769472353557522304                          
a_ia   73   83                                                      0.07441485275272771704                                                    
a_ia   20   39                                                     -0.00794217884896804803                                                    
mvp3   19   24   20   25   19   20   25   24   19   20   24   25   -0.03698769870049689601   -0.52857983890886461875    0.07384916711628927710
a_ia   19   27                                                     -0.00445155508829696463                                                    
a_ia   25   28                                                      0.14112638492645215860                                                    
a_ia   24   28                                                     -0.11734732299086783613                                                    
a_ia   20   21                                                      0.14041798693657270292                                                    
a_ia   20   32                                                      0.00604151446907291202                                                    
a_ia   70   71                                                      0.06103799504797197822                                                    
a_ia   68   78                                                     -0.00398863714091705207                                                    
a_ia   19   20                                                      0.12596120685455255983                                                    
a_ia   67   72                                                      0.00657789387799003009                                                    
a_ia   65   68                                                      0.15399647631053675623                                                    
a_ia   68   69                                                      0.13823555286792363339                                                    
a_ia   25   26                                                      0.06234058759280644568                                                    
