op     20   25   68   73   25   20   68   73                       -0.16201435735805025384                                                    
op     23   27   71   75   27   23   71   75                       -0.04417722196194713569                                                    
a_ia   68   73                                                     -0.04331137197512336529                                                    
op     23   29   71   75   29   23   71   75                        0.01445731646305379973                                                    
a_ia   72   73                                                     -0.12725918981107359196                                                    
op     21   25   67   72   25   21   67   72                        0.00008535091138002543                                                    
mvp2   15   24   68   73   24   15   68   73                       -0.01815281868177873181   -0.04665596064901358225                          
mvp2   68   73   71   75   68   71   75   73                       -0.02282807122714166151    0.15570416102013540094                          
mvp2   18   25   68   73   25   18   68   73                        0.01675909468212817208    0.08894735979009656124                          
mvp2   16   45   68   73   45   16   68   73                        0.01387698949155821357    0.07339085436615054581                          
mvp2   20   34   68   73   34   20   68   73                        0.01788057285240514729    0.03586863331583455689                          
mvp2   17   25   68   73   25   17   68   73                        0.02188649018891939552    0.08805093888446827166                          
mvp2   16   34   68   73   34   16   68   73                        0.06093185347744029673    0.52913828701099863139                          
a_ia   21   25                                                     -0.00024973802051883056                                                    
mvp3   68   72   71   73   68   71   73   72   68   71   72   73   -0.03612104117053999836    0.53781734728517538446   -0.29483283517217451219
a_ia   71   75                                                      0.00531588772974755843                                                    
mvp2   20   32   68   73   32   20   68   73                       -0.02436958248454048487   -0.19170316648804022752                          
mvp2   16   34   67   75   34   16   67   75                       -0.00524565254812413978    0.59825373039817419940                          
a_ia   68   73                                                      0.03638816090015527943                                                    
a_ia   67   75                                                     -0.00551160394082610399                                                    
mvp2   20   43   68   73   43   20   68   73                       -0.02089761202364361081   -0.17370245335996958858                          
a_ia   20   43                                                      0.00102050357611483799                                                    
a_ia   73   76                                                      0.13115098397128771568                                                    
a_ia   73   79                                                      0.10269653862131349065                                                    
a_ia   73   82                                                     -0.14635934805524936086                                                    
mvp2   23   24   71   72   24   23   71   72                       -0.04464563354722238947   -0.76749777054420287303                          
a_ia   73   81                                                      0.03368118741003366112                                                    
a_ia   23   24                                                      0.00366847728325319592                                                    
a_ia   67   72                                                      0.00172949634757639092                                                    
mvp2   16   34   67   72   34   16   67   72                        0.00705062723842124657   -1.37916879379042689457                          
a_ia   73   83                                                      0.07634308001319972670                                                    
a_ia   20   39                                                     -0.00780133208166869895                                                    
mvp3   19   24   20   25   19   20   25   24   19   20   24   25   -0.03775649108576489138   -0.53563184656410367523    0.08667584589872935619
a_ia   19   27                                                     -0.00306469467555819334                                                    
a_ia   25   28                                                      0.14139514600903915764                                                    
a_ia   24   28                                                     -0.11841834524392795547                                                    
a_ia   20   21                                                      0.13987194477994208119                                                    
a_ia   20   32                                                      0.00535626705438901288                                                    
a_ia   70   71                                                      0.06240675110409672766                                                    
a_ia   68   78                                                     -0.00544957314918909086                                                    
a_ia   19   20                                                      0.12862604290506654547                                                    
a_ia   67   72                                                      0.00491358619149079995                                                    
a_ia   65   68                                                      0.15722106592300666428                                                    
a_ia   68   69                                                      0.13824682996000781099                                                    
a_ia   25   26                                                      0.05191291138301167701                                                    
a_ia   68   80                                                      0.00293044257066336911                                                    
a_ia   68   81                                                      0.00441906794131925827                                                    
a_ia   68   87                                                     -0.00869223361048655253                                                    
a_ia   68   86                                                      0.00310300996528254215                                                    
a_ia   24   26                                                      0.08960293547244430057                                                    
a_ia   68   85                                                      0.00269144546726088991                                                    
mvp2   19   27   67   75   27   19   67   75                       -0.02101330039886711853   -0.65995261685924755390                          
mvp2   19   26   67   74   26   19   67   74                       -0.00970192230901232959    0.00372090638246570750                          
a_ia   73   91                                                      0.17771079532302860859                                                    
a_ia   73   89                                                     -0.08183599077235440000                                                    
a_ia   73   92                                                     -0.04997030219263179363                                                    
mvp2   19   27   67   72   27   19   67   72                        0.02373531327814126443    0.00300852715034738731                          
