op     20   25   68   73   25   20   68   73                       -0.16190138791638924998                                                    
op     23   27   71   75   27   23   71   75                       -0.04438612392515659671                                                    
a_ia   68   73                                                     -0.04291216220358316791                                                    
op     23   29   71   75   29   23   71   75                        0.01442438328519627874                                                    
a_ia   72   73                                                     -0.12764375658741253239                                                    
op     21   25   67   72   25   21   67   72                        0.00008536105846345008                                                    
mvp2   15   24   68   73   24   15   68   73                       -0.01797838424991768033   -0.04680192769003420350                          
mvp2   68   73   71   75   68   71   75   73                       -0.02281946038807750043    0.15558183879785786319                          
mvp2   18   25   68   73   25   18   68   73                        0.01684862325358568724    0.08943518372184576515                          
mvp2   16   45   68   73   45   16   68   73                        0.01372952904198120397    0.07348418981000300054                          
mvp2   20   34   68   73   34   20   68   73                        0.01789216679899094734    0.03585565279640515191                          
mvp2   17   25   68   73   25   17   68   73                        0.02189512911475026413    0.08878771531247056648                          
mvp2   16   34   68   73   34   16   68   73                        0.06210780288903019336    0.53337024099631724638                          
a_ia   21   25                                                     -0.00024089163860329239                                                    
mvp3   68   72   71   73   68   71   73   72   68   71   72   73   -0.03618087518676717934    0.51505145617720327067   -0.29210543288178725252
a_ia   71   75                                                      0.00525011002571912095                                                    
mvp2   20   32   68   73   32   20   68   73                       -0.02427092544242739902   -0.19282180106238328010                          
mvp2   16   34   67   75   34   16   67   75                       -0.00536306305814939453    0.60523760652746105837                          
a_ia   68   73                                                      0.03579512748943070033                                                    
a_ia   67   75                                                     -0.00670298595580824923                                                    
mvp2   20   43   68   73   43   20   68   73                       -0.02049669663094629002   -0.17480210523298267411                          
a_ia   20   43                                                      0.00098495396232982976                                                    
a_ia   73   76                                                      0.13116155603022713882                                                    
a_ia   73   79                                                      0.10257299075007772493                                                    
a_ia   73   82                                                     -0.14756867601661952105                                                    
mvp2   23   24   71   72   24   23   71   72                       -0.04474588487785689794   -0.76854784057451996926                          
a_ia   73   81                                                      0.03375575601209974963                                                    
a_ia   23   24                                                      0.00323227566869225798                                                    
a_ia   67   72                                                      0.00178322642235566819                                                    
mvp2   16   34   67   72   34   16   67   72                        0.00721032410688386780   -1.38017529316762121994                          
a_ia   73   83                                                      0.07610760351605315444                                                    
a_ia   20   39                                                     -0.00785472176198961057                                                    
mvp3   19   24   20   25   19   20   25   24   19   20   24   25   -0.03792065396853706166   -0.53360474170769356395    0.08783584367894323175
a_ia   19   27                                                     -0.00442263363054326390                                                    
a_ia   25   28                                                      0.14129919763230636143                                                    
a_ia   24   28                                                     -0.11860848074403566865                                                    
a_ia   20   21                                                      0.13988345667888554824                                                    
a_ia   20   32                                                      0.00527672301292788151                                                    
a_ia   70   71                                                      0.06209677088803160216                                                    
a_ia   68   78                                                     -0.00560942072537186625                                                    
a_ia   19   20                                                      0.12885307377992946676                                                    
a_ia   67   72                                                      0.00431225089459590441                                                    
a_ia   65   68                                                      0.15658449653999231832                                                    
a_ia   68   69                                                      0.13859519422135579969                                                    
a_ia   25   26                                                      0.05225779242817836512                                                    
a_ia   68   80                                                      0.00270023666832896981                                                    
a_ia   68   81                                                      0.00427220651793885214                                                    
a_ia   68   87                                                     -0.00863751524470282236                                                    
a_ia   68   86                                                      0.00297937756708069584                                                    
a_ia   24   26                                                      0.08952651211480673610                                                    
a_ia   68   85                                                      0.00276159406427503671                                                    
mvp2   19   27   67   75   27   19   67   75                       -0.01918086001804238799   -0.65999965095625423572                          
mvp2   19   26   67   74   26   19   67   74                       -0.00991801266743978956    0.00244449317717132563                          
a_ia   73   91                                                      0.17778461621797500558                                                    
a_ia   73   89                                                     -0.08146013935850786314                                                    
