op     20   25   68   73   25   20   68   73                       -0.16102097358657491144                                                    
op     23   27   71   75   27   23   71   75                       -0.04577527496009147628                                                    
a_ia   68   73                                                     -0.04338450202688459711                                                    
op     23   29   71   75   29   23   71   75                        0.01457359438309912235                                                    
a_ia   72   73                                                     -0.12910535759436522762                                                    
op     21   25   67   72   25   21   67   72                        0.00007029123314744953                                                    
mvp2   15   24   68   73   24   15   68   73                       -0.01702421840670855641   -0.04437468752613642903                          
mvp2   68   73   71   75   68   71   75   73                       -0.02912734669642259855    0.14913855494800948298                          
mvp2   18   25   68   73   25   18   68   73                        0.01680848475904034300    0.09393034073489778257                          
mvp2   16   45   68   73   45   16   68   73                        0.01331101091157425691    0.07504187668216311113                          
mvp2   20   34   68   73   34   20   68   73                        0.01746513471357371422    0.03359746886117394998                          
mvp2   17   25   68   73   25   17   68   73                        0.02143627104558516044    0.08822994534541164779                          
mvp2   16   34   68   73   34   16   68   73                        0.05474446784210821454    0.54770491077671890068                          
a_ia   21   25                                                     -0.00018697236308936005                                                    
mvp3   68   72   71   73   68   71   73   72   68   71   72   73   -0.03438418048361505108    0.49400781091008999502   -0.32360606303047761978
a_ia   71   75                                                      0.00649349991016972238                                                    
mvp2   20   32   68   73   32   20   68   73                       -0.02364114372919048912   -0.20352636822324990384                          
mvp2   16   34   67   75   34   16   67   75                       -0.00392416534331252020    0.50292075727541196706                          
a_ia   68   73                                                      0.03274861050118803296                                                    
a_ia   67   75                                                     -0.00441420791362767684                                                    
mvp2   20   43   68   73   43   20   68   73                       -0.01961315763812057980   -0.18167548141706296727                          
a_ia   20   43                                                      0.00165550973724014447                                                    
a_ia   73   76                                                      0.13335119425255109737                                                    
a_ia   73   79                                                      0.10554338913801694644                                                    
a_ia   73   82                                                     -0.14681946517838947996                                                    
mvp2   23   24   71   72   24   23   71   72                       -0.04542201102018673248   -0.77263638824242142356                          
a_ia   73   81                                                      0.03674789951260677007                                                    
a_ia   23   24                                                     -0.00066191222219792961                                                    
a_ia   67   72                                                      0.00119622549302844249                                                    
mvp2   16   34   67   72   34   16   67   72                        0.00738573094002669892   -1.39756365455177866686                          
a_ia   73   83                                                      0.07472528414367764216                                                    
a_ia   20   39                                                     -0.00785285240392949446                                                    
mvp3   19   24   20   25   19   20   25   24   19   20   24   25   -0.03693314886824760473   -0.52843886589364763573    0.07460228881202128626
a_ia   19   27                                                     -0.00436690369927360093                                                    
a_ia   25   28                                                      0.14119747205423083258                                                    
a_ia   24   28                                                     -0.11755700850698558302                                                    
a_ia   20   21                                                      0.14041132124724717278                                                    
a_ia   20   32                                                      0.00603935853608226179                                                    
a_ia   70   71                                                      0.06103086160124428922                                                    
a_ia   68   78                                                     -0.00398570572267755840                                                    
a_ia   19   20                                                      0.12580742167200348325                                                    
a_ia   67   72                                                      0.00644327644312478291                                                    
a_ia   65   68                                                      0.15395502150762147009                                                    
a_ia   68   69                                                      0.14076425069552878089                                                    
a_ia   25   26                                                      0.05906271638249174089                                                    
a_ia   68   80                                                      0.00248465373128257602                                                    
a_ia   68   81                                                      0.00323351051671905577                                                    
