op     20   25   68   73   25   20   68   73                       -0.15511271559118969265                                                    
op     23   27   71   75   27   23   71   75                       -0.04160516844729605229                                                    
a_ia   68   73                                                     -0.05245486797451430483                                                    
op     23   29   71   75   29   23   71   75                        0.01365746932415795416                                                    
a_ia   72   73                                                     -0.12989686842821737689                                                    
op     21   25   67   72   25   21   67   72                        0.00011495175979977875                                                    
mvp2   15   24   68   73   24   15   68   73                       -0.04017086874965219989   -0.14162235770565992365                          
mvp2   68   73   71   75   68   71   75   73                       -0.03445557231954752414    0.13508586944319186940                          
mvp2   18   25   68   73   25   18   68   73                        0.01801602091970803607    0.07009099094686351006                          
mvp2   16   45   68   73   45   16   68   73                        0.01375629067520753486    0.06918118390817801222                          
mvp2   20   34   68   73   34   20   68   73                        0.01784849363563273394    0.02608709627376331816                          
mvp2   17   25   68   73   25   17   68   73                        0.02231916172313132274    0.06981310411855774778                          
mvp2   16   34   68   73   34   16   68   73                        0.06960347227516304469    0.56182187376732850570                          
a_ia   21   25                                                     -0.00026854394326829002                                                    
mvp3   68   72   71   73   68   71   73   72   68   71   72   73   -0.02859618436837637126    0.56449678671515168826   -0.26137956033643860998
a_ia   71   75                                                      0.00673743422008739323                                                    
mvp2   20   32   68   73   32   20   68   73                       -0.02414183096549531518   -0.18412526185946395674                          
mvp2   16   34   67   75   34   16   67   75                       -0.00420955769534918540    0.44831225201659885560                          
a_ia   68   73                                                      0.04452704477738674699                                                    
a_ia   67   75                                                     -0.00318889874785086447                                                    
mvp2   20   43   68   73   43   20   68   73                       -0.02052177007706203898   -0.16127910223115199395                          
a_ia   20   43                                                      0.00039961477821422728                                                    
a_ia   73   76                                                      0.13123487186360244250                                                    
a_ia   73   79                                                      0.10259503092547142544                                                    
a_ia   73   82                                                     -0.14552289946310753566                                                    
mvp2   23   24   71   72   24   23   71   72                       -0.03076441189474934598   -0.54006205532607509667                          
a_ia   73   81                                                      0.03421893707459932460                                                    
a_ia   23   24                                                      0.00193408325435809954                                                    
a_ia   67   72                                                      0.00185646516583426111                                                    
mvp2   16   34   67   72   34   16   67   72                        0.00877999592047160916   -1.42326761271404000908                          
a_ia   73   83                                                      0.07623292436533661565                                                    
a_ia   20   39                                                     -0.00792525264727044106                                                    
mvp3   19   24   20   25   19   20   25   24   19   20   24   25   -0.02587836892656073320   -0.40606604536744161926    0.05406535637306938286
a_ia   19   27                                                     -0.00714156210828660425                                                    
a_ia   25   28                                                      0.14646577311574968117                                                    
a_ia   24   28                                                     -0.16807668644174117434                                                    
a_ia   20   21                                                      0.13964597824953189908                                                    
a_ia   20   32                                                      0.00603173327467129532                                                    
a_ia   70   71                                                      0.06804419628230397310                                                    
a_ia   68   78                                                     -0.00542538717296005626                                                    
a_ia   19   20                                                      0.11984251173166700355                                                    
a_ia   67   72                                                     -0.00203979847646504689                                                    
a_ia   65   68                                                      0.15754924986573384804                                                    
a_ia   68   69                                                      0.13771271026043482855                                                    
a_ia   25   26                                                      0.04547790197833305459                                                    
a_ia   68   80                                                      0.00329363486705544625                                                    
a_ia   68   81                                                      0.00443754894287012609                                                    
a_ia   68   87                                                     -0.00890605099155732625                                                    
a_ia   68   86                                                      0.00303128645045751656                                                    
a_ia   24   26                                                      0.11884848962897728852                                                    
a_ia   68   85                                                      0.00272917787561716271                                                    
mvp2   19   27   67   75   27   19   67   75                       -0.02124754391055257152    0.31175452856985291783                          
mvp2   19   26   67   74   26   19   67   74                       -0.00961147613598411880    0.03857062853069846697                          
a_ia   73   91                                                      0.17698115660983704256                                                    
a_ia   73   89                                                     -0.08268260251680265016                                                    
a_ia   73   92                                                     -0.04822916839206043554                                                    
mvp2   19   27   67   72   27   19   67   72                        0.02532620263472006722    0.53885825437932033388                          
mvp2   19   24   67   72   24   19   67   72                       -0.02351183214636999932   -0.24737473661095307764                          
a_ia   68   88                                                      0.00032719044643524678                                                    
mvp2   15   27   67   72   27   15   67   72                        0.02075763623454813037    0.31812516112284267011                          
a_ia   15   23                                                     -0.61321773981011917787                                                    
a_ia   68   88                                                      0.00108585266155342315                                                    
a_ia   15   27                                                     -0.00327245479478720149                                                    
a_ia   67   72                                                      0.01275838766964945865                                                    
