op     20   25   68   73   25   20   68   73                       -0.13484956530987773915                                                    
op     23   27   71   75   27   23   71   75                       -0.05243536226589119026                                                    
a_ia   68   73                                                     -0.00377475950382876726                                                    
op     23   29   71   75   29   23   71   75                        0.01494151555179163045                                                    
a_ia   72   73                                                     -0.16169415296182892972                                                    
op     21   25   67   72   25   21   67   72                       -0.00785467057328446266                                                    
mvp2   15   24   68   73   24   15   68   73                       -0.01363465744494134560   -0.06983198299425634470                          
mvp2   68   73   71   75   68   71   75   73                       -0.02687747715720365665    0.09119975218229811609                          
mvp2   18   25   68   73   25   18   68   73                        0.01612487959987570288    0.24295398570185111620                          
mvp2   16   45   68   73   45   16   68   73                        0.01260327581192734019    0.08129716285105247076                          
mvp2   20   34   68   73   34   20   68   73                        0.01685991966278083121    0.05420772836464932826                          
mvp2   17   25   68   73   25   17   68   73                        0.02039849645147117849    0.19524754572251978857                          
mvp2   16   34   68   73   34   16   68   73                        0.02462637871772651796    0.23816017573827155673                          
a_ia   21   25                                                     -0.00220159886829552265                                                    
mvp3   68   72   71   73   68   71   73   72   68   71   72   73   -0.02912513535405494153    0.24913903448730209678   -0.20388691105144576832
a_ia   71   75                                                     -0.00125153264601945697                                                    
mvp2   20   32   68   73   32   20   68   73                       -0.02440125449419458178   -0.16592266428123061961                          
mvp2   16   34   67   75   34   16   67   75                       -0.00371590094428351668    1.16194499045072596743                          
a_ia   68   73                                                      0.00128381105787225185                                                    
a_ia   67   75                                                      0.00462209938796984826                                                    
mvp2   20   43   68   73   43   20   68   73                       -0.01980390279695119771   -0.15533984159386296509                          
a_ia   20   43                                                      0.00091502946070327407                                                    
a_ia   73   76                                                      0.12083974903891765706                                                    
