op     20   25   68   73   25   20   68   73                       -0.13422135156047160232                                                    
op     23   27   71   75   27   23   71   75                       -0.05268717451374336364                                                    
a_ia   68   73                                                     -0.00932842151874861691                                                    
op     23   29   71   75   29   23   71   75                        0.01497714649521092976                                                    
a_ia   72   73                                                     -0.15572771452460745789                                                    
op     21   25   67   72   25   21   67   72                       -0.00783985639889209218                                                    
mvp2   15   24   68   73   24   15   68   73                       -0.01366801470455187087   -0.06972478479089558312                          
mvp2   68   73   71   75   68   71   75   73                       -0.02657422581742861778    0.08493243825452434503                          
mvp2   18   25   68   73   25   18   68   73                        0.01591908596027574382    0.24415003704659038464                          
mvp2   16   45   68   73   45   16   68   73                        0.01235996295861443127    0.08393774222861463685                          
mvp2   20   34   68   73   34   20   68   73                        0.01722216473832469813    0.05581652291253500625                          
mvp2   17   25   68   73   25   17   68   73                        0.02022192725056896900    0.19977662213245392375                          
mvp2   16   34   68   73   34   16   68   73                        0.02461817305162417036    0.23277921376912930063                          
a_ia   21   25                                                     -0.00217456035057549471                                                    
mvp3   68   72   71   73   68   71   73   72   68   71   72   73   -0.02854596074367928699    0.24596537131759302341   -0.20819573340648345194
a_ia   71   75                                                     -0.00081156059790210545                                                    
mvp2   20   32   68   73   32   20   68   73                       -0.02485436081703995201   -0.16450469791152949606                          
mvp2   16   34   67   75   34   16   67   75                       -0.00349393941381919348    1.16204708556736946434                          
a_ia   68   73                                                      0.00683576908652519261                                                    
a_ia   67   75                                                      0.00355479912401765160                                                    
mvp2   20   43   68   73   43   20   68   73                       -0.01965285049282456536   -0.15396638902492978951                          
