op     20   25   68   73   25   20   68   73                       -0.13715441441890033336                                                    
op     23   27   71   75   27   23   71   75                       -0.04923596454394051081                                                    
a_ia   68   73                                                     -0.00164429067011093925                                                    
op     23   29   71   75   29   23   71   75                        0.01456915570733424356                                                    
a_ia   72   73                                                     -0.16328871564538804950                                                    
op     21   25   67   72   25   21   67   72                       -0.00785518497873212256                                                    
mvp2   15   24   68   73   24   15   68   73                       -0.01407682303971364776   -0.06420420490032367755                          
mvp2   68   73   71   75   68   71   75   73                       -0.02672887975882676237    0.09268725429239302316                          
mvp2   18   25   68   73   25   18   68   73                        0.01672532034465246467    0.22132082629363561410                          
mvp2   16   45   68   73   45   16   68   73                        0.01344630124139183786    0.07737718516588686091                          
mvp2   20   34   68   73   34   20   68   73                        0.01776697923266646814    0.03108597496601460744                          
mvp2   17   25   68   73   25   17   68   73                        0.02097938180032140124    0.12700487513659625138                          
mvp2   16   34   68   73   34   16   68   73                        0.02793509362763262754    0.22865754743499844270                          
a_ia   21   25                                                     -0.00242886861745872677                                                    
mvp3   68   72   71   73   68   71   73   72   68   71   72   73   -0.03480895214286921363    0.31306583011734290256   -0.26039794223691858921
a_ia   71   75                                                      0.00165692716308748589                                                    
mvp2   20   32   68   73   32   20   68   73                       -0.02489484220836197040   -0.16606502570218120707                          
mvp2   16   34   67   75   34   16   67   75                       -0.00358579750194895977    1.16820620378397510564                          
a_ia   68   73                                                     -0.00092942186976386319                                                    
a_ia   67   75                                                      0.00498321721620719610                                                    
mvp2   20   43   68   73   43   20   68   73                       -0.02016117274446984839   -0.15340126646311869063                          
a_ia   20   43                                                      0.00126249595446306477                                                    
a_ia   73   76                                                      0.12213075814176928280                                                    
a_ia   73   79                                                      0.09831762227654324005                                                    
a_ia   73   82                                                     -0.14758502613183852037                                                    
mvp2   23   24   71   72   24   23   71   72                       -0.04776598222200093002   -0.82989055758377583416                          
