-2.617795645442416799e+02
-2.617801598463071855e+02
-2.617817900920014722e+02
-2.617847129763189855e+02
-2.617853500607578781e+02
-2.617931103559936901e+02
-2.617949079011921185e+02
-2.617949124772467258e+02
-2.617956295582014832e+02
-2.617971414517783160e+02
-2.617974563079421841e+02
-2.617983727879250750e+02
-2.618000378769502845e+02
-2.618000878056143961e+02
-2.618005405408072193e+02
-2.618019188468247194e+02
-2.618022198323621978e+02
-2.618022290916055113e+02
-2.618058979654405789e+02
-2.618060511774780821e+02
-2.618083772123986250e+02
-2.618097447353056282e+02
-2.618108321036455095e+02
-2.618134107458195103e+02
-2.618149657789605271e+02
-2.618149816560937779e+02
-2.618150562349978259e+02
-2.618150639899806720e+02
-2.618165353983857244e+02
-2.618209253223164978e+02
-2.618209267069061070e+02
-2.618213689601554961e+02
-2.618236162299737089e+02
-2.618269154501160756e+02
-2.618269193868030129e+02
-2.618272844020002026e+02
-2.618282515556127805e+02
-2.618282614581789858e+02
-2.618283008287788789e+02
-2.618304555674598078e+02
-2.618315569222435215e+02
-2.618318819371447717e+02
-2.618318921508553103e+02
-2.618319017916480220e+02
-2.618325272905070733e+02
-2.618327603245816135e+02
-2.618339146066397234e+02
-2.618340862335949168e+02
-2.618341001015834877e+02
-2.618358391737323814e+02
-2.618358650509122185e+02
-2.618358697924506941e+02
-2.618362034048441842e+02
-2.618362152744899731e+02
-2.618362223712231867e+02
-2.618362240618258170e+02
-2.618367374654051787e+02
-2.618367546459460868e+02
-2.618370765346833764e+02
-2.618370982645611775e+02
-2.618371044622643922e+02
-2.618372854902422091e+02
-2.618372877072953884e+02
-2.618372916934981163e+02
-2.618381404696131085e+02
-2.618381842018790735e+02
-2.618384215870818252e+02
-2.618398023767009022e+02
-2.618398042077532182e+02
-2.618398065921714988e+02
-2.618442259741781868e+02
-2.618442550572938785e+02
-2.618443383403293865e+02
-2.618461541872126190e+02
-2.618464108842221094e+02
-2.618464386905650940e+02
-2.618464532670823814e+02
-2.618502054421301182e+02
-2.618502221107510763e+02
-2.618505844945711942e+02
-2.618506177682392035e+02
-2.618506182847547166e+02
-2.618506248467406863e+02
-2.618506334999993896e+02
-2.618509535610780858e+02
-2.618509569312208214e+02
-2.618509665204323937e+02
-2.618510275430331262e+02
-2.618510412018197258e+02
-2.618510459651247970e+02
-2.618536116315574986e+02
-2.618536184544477123e+02
-2.618536276893001968e+02
-2.618541994312175234e+02
-2.618542027895948081e+02
-2.618542518227255869e+02
-2.618542619433587220e+02
-2.618542621880706065e+02
-2.618542673521798179e+02
-2.618553029957204217e+02
-2.618553032540272056e+02
-2.618553046423704131e+02
-2.618553097010068882e+02
-2.618560054101546939e+02
-2.618560188914838136e+02
-2.618560309324601008e+02
-2.618560318867549768e+02
-2.618560471345165865e+02
-2.618560478442381054e+02
-2.618560486154863156e+02
-2.618560643011135198e+02
-2.618583563017202778e+02
-2.618583606440685116e+02
-2.618583613382131716e+02
-2.618583874924390784e+02
-2.618587492551836249e+02
-2.618587511894767772e+02
-2.618587551986378230e+02
-2.618587664741555159e+02
-2.618587669442654260e+02
-2.618587902856156120e+02
-2.618590703773156747e+02
-2.618591429123886201e+02
-2.618591497475010783e+02
-2.618591673025791806e+02
-2.618591728292727225e+02
-2.618591894365112012e+02
-2.618597823774900917e+02
-2.618598072470447846e+02
-2.618598087863381920e+02
-2.618598159653608946e+02
-2.618598226359987962e+02
-2.618598283651007250e+02
-2.618605875548453810e+02
-2.618607738808786962e+02
-2.618607742201280075e+02
-2.618607789427574062e+02
-2.618607793220750750e+02
-2.618607963362172768e+02
-2.618608029063810818e+02
-2.618608030897078152e+02
-2.618608102911722995e+02
-2.618608149899552018e+02
-2.618608160614840017e+02
-2.618608166816322864e+02
-2.618608260492985096e+02
-2.618608427899760045e+02
-2.618608615560041812e+02
-2.618608639717127176e+02
-2.618610607407256907e+02
-2.618610630095146234e+02
-2.618610831397953120e+02
-2.618610992408256948e+02
-2.618614560575127825e+02
-2.618614619150091016e+02
-2.618615754762851111e+02
-2.618615918815623900e+02
-2.618620101578998174e+02
-2.618620113545132995e+02
-2.618620177383346004e+02
-2.618633942882843826e+02
-2.618634141118650973e+02
-2.618634147152359901e+02
-2.618635156080653132e+02
-2.618635158252453152e+02
-2.618638209560925247e+02
-2.618638245863576230e+02
-2.618638333407357095e+02
-2.618638338080485255e+02
-2.618638342533378136e+02
-2.618638413946883929e+02
-2.618664579794527754e+02
-2.618664603051523727e+02
-2.618664813804431901e+02
-2.618674844036672766e+02
-2.618712343117909995e+02
-2.618712603710451958e+02
-2.618712776162025762e+02
-2.618716409720458955e+02
-2.618716490765654044e+02
-2.618716495412419931e+02
-2.618716527695657987e+02
-2.618716535937281833e+02
-2.618716537842855132e+02
-2.618716541156828157e+02
-2.618716779057685926e+02
-2.618716819684482857e+02
-2.618716834190262830e+02
-2.618716867959698220e+02
-2.618719604199972082e+02
-2.618719619615599754e+02
-2.618719630295212255e+02
-2.618719633659890178e+02
-2.618719636263558073e+02
-2.618719718421900780e+02
-2.618719807625606109e+02
-2.618719843488627816e+02
-2.618719846322193234e+02
-2.618723999215679896e+02
-2.618724014594624805e+02
-2.618724033924706873e+02
-2.618724054206434744e+02
-2.618724081204808840e+02
-2.618724086777114053e+02
-2.618724554185342868e+02
-2.618724590263511232e+02
-2.618743822824251879e+02
-2.618743860919886970e+02
-2.618744063573213907e+02
-2.618744429979710731e+02
-2.618744441708545878e+02
-2.618744447708911025e+02
-2.618744468451334910e+02
-2.618744638455182780e+02
-2.618744688584088181e+02
-2.618744690926300223e+02
-2.618744780601907109e+02
-2.618744809086476266e+02
-2.618744992311691817e+02
-2.618745076011783794e+02
-2.618745095231366236e+02
-2.618745179632235249e+02
-2.618772690725608072e+02
-2.618772734713368209e+02
-2.618772748058988782e+02
-2.618772856475241042e+02
-2.618774208352472783e+02
-2.618774255957799824e+02
-2.618775043368718798e+02
-2.618775069546658187e+02
-2.618775128808637760e+02
-2.618775141608908257e+02
-2.618775548068655894e+02
-2.618775581192023765e+02
-2.618775673390433099e+02
-2.618775793629239956e+02
-2.618775794956446816e+02
-2.618795734940590023e+02
-2.618795789123382747e+02
-2.618797401732326762e+02
-2.618797427447195787e+02
-2.618797451570645762e+02
-2.618797505117403261e+02
-2.618797542126695248e+02
-2.618797722160610988e+02
-2.618797732855767890e+02
-2.618797860555354760e+02
-2.618798210768604235e+02
-2.618798378365841018e+02
-2.618798509725862118e+02
-2.618820810988133871e+02
-2.618820822708078140e+02
-2.618820824857331218e+02
-2.618821100140534099e+02
-2.618821108924307168e+02
-2.618821346857699837e+02
-2.618821470888289014e+02
-2.618821478421967868e+02
-2.618821504352621901e+02
-2.618821584415272810e+02
-2.618821610060273883e+02
-2.618824850842431147e+02
-2.618824863866117880e+02
-2.618824879859017187e+02
-2.618825955730313240e+02
-2.618825985419960034e+02
-2.618825990841314137e+02
-2.618826046832613201e+02
-2.618826060989392772e+02
-2.618826163007611854e+02
-2.618826175710643724e+02
-2.618826336451048178e+02
-2.618826975345476740e+02
-2.618826989559980802e+02
-2.618827052615843058e+02
-2.618827058155200120e+02
-2.618827214255239824e+02
-2.618827219191961149e+02
-2.618827221891978070e+02
-2.618827282391761173e+02
-2.618827338907651097e+02
-2.618827587734888880e+02
-2.618827590051265020e+02
-2.618827640719943020e+02
-2.618827643332704724e+02
-2.618827691089180121e+02
-2.618827848123411854e+02
-2.618829130173173780e+02
-2.618829145361028736e+02
-2.618829245141815250e+02
-2.618829366151359181e+02
-2.618829375819025813e+02
-2.618829393178386908e+02
-2.618829425205299799e+02
-2.618829460379488978e+02
-2.618830297352548087e+02
-2.618830308212935165e+02
-2.618830465275697179e+02
-2.618830605814579258e+02
-2.618830621725409742e+02
-2.618830689724380250e+02
-2.618830702140106155e+02
-2.618830720298727783e+02
-2.618830747848958254e+02
-2.618830749547011010e+02
-2.618830883755437071e+02
-2.618831223843778275e+02
-2.618831269439829157e+02
-2.618842916386020079e+02
-2.618842918254580923e+02
-2.618843029997174767e+02
-2.618843074762830270e+02
-2.618843113763155088e+02
-2.618843563734228042e+02
-2.618843566160510932e+02
-2.618843625098151051e+02
-2.618843640154610171e+02
-2.618844947460195272e+02
-2.618844960512511193e+02
-2.618844979852914889e+02
-2.618845011328493797e+02
-2.618845347533127779e+02
-2.618845352932178230e+02
-2.618845390888703264e+02
-2.618845400365393061e+02
-2.618845578213413887e+02
-2.618845675581442833e+02
-2.618845690780775044e+02
-2.618845727877305762e+02
-2.618845753427618774e+02
-2.618845761268549950e+02
-2.618845798478387792e+02
-2.618845916353134271e+02
-2.618845918736938074e+02
-2.618845923988338882e+02
-2.618845933597941098e+02
-2.618846103519991857e+02
-2.618846125981128807e+02
-2.618849283970041029e+02
-2.618849292346350239e+02
-2.618849538969744231e+02
-2.618849545273624244e+02
-2.618884458775747817e+02
-2.618884463336854083e+02
-2.618884480011980145e+02
-2.618884550422579878e+02
-2.618884560569230757e+02
-2.618884682420818990e+02
-2.618884685665885854e+02
-2.618884904731498864e+02
-2.618885108519838241e+02
-2.618886173756217772e+02
-2.618886234450753250e+02
-2.618886238756448961e+02
-2.618886291474622112e+02
-2.618921566721739964e+02
-2.618921583334034722e+02
-2.618921587681903134e+02
-2.618921600132057961e+02
-2.618921617376922200e+02
-2.618921626325865191e+02
-2.618921643951729834e+02
-2.618921647766762248e+02
-2.618921846869674823e+02
-2.618921871440658720e+02
-2.618922090569631109e+02
-2.618922100431003059e+02
-2.618922108857614148e+02
-2.618922114372126089e+02
-2.618922153791909864e+02
-2.618937213710946139e+02
-2.618937235747685008e+02
-2.618937255429461857e+02
-2.618937278929909098e+02
-2.618937318657880269e+02
-2.618938003397403804e+02
-2.618938036805433853e+02
-2.618938052472473146e+02
-2.618938080140355282e+02
-2.618938116392557163e+02
-2.618939639586628800e+02
-2.618939672993450927e+02
-2.618939684389200124e+02
-2.618939693574141074e+02
-2.618939697830953719e+02
-2.618939731111847209e+02
-2.618939731755249909e+02
-2.618942075633875106e+02
-2.618942076418887837e+02
-2.618942084495121776e+02
-2.618942116555044777e+02
-2.618942190856893717e+02
-2.618942196821632251e+02
-2.618942205960091769e+02
-2.618942237990993931e+02
-2.618942313834779725e+02
-2.618942911902063884e+02
-2.618942917333379228e+02
-2.618942927721445812e+02
-2.618942977988020857e+02
-2.618943090300273866e+02
-2.618943483047049199e+02
-2.618943490703908878e+02
-2.618945050513818842e+02
-2.618945209996734889e+02
-2.618945255051680761e+02
-2.618945267803439947e+02
-2.618945288481097009e+02
-2.618945305035862816e+02
-2.618945306038726812e+02
-2.618945325071114780e+02
-2.618946508461348799e+02
-2.618946731748512207e+02
-2.618946747140827824e+02
-2.618946858669440871e+02
-2.618946953756928906e+02
-2.618946962218258818e+02
-2.618946982483735155e+02
-2.618947159720590889e+02
-2.618949287805505151e+02
-2.618949293755118788e+02
-2.618949316072398119e+02
-2.618949316974957924e+02
-2.618949343425375105e+02
-2.618949346453322846e+02
-2.618949350231005724e+02
-2.618949359345759831e+02
-2.618949429469266761e+02
-2.618949440234019903e+02
-2.618949449439442105e+02
-2.618949455834538185e+02
-2.618949470766423246e+02
-2.618949657051497866e+02
-2.618949704980802267e+02
-2.618949716660321201e+02
-2.618949771073915258e+02
-2.618949792884599219e+02
-2.618949836884086722e+02
-2.618949848580799085e+02
-2.618950087597111747e+02
-2.618950181956756751e+02
-2.618950197670886268e+02
-2.618950327766889927e+02
-2.618950367875996221e+02
-2.618953097636178882e+02
-2.618953100005996930e+02
-2.618953101264361862e+02
-2.618953451407920738e+02
-2.618953459269607151e+02
-2.618953913762344996e+02
-2.618953986411510755e+02
-2.618954015885231001e+02
-2.618954133242353919e+02
-2.618954247654579035e+02
-2.618954252837846752e+02
-2.618954276294916212e+02
-2.618954431183466909e+02
-2.618954432845682163e+02
-2.618954819075759133e+02
-2.618955300134259119e+02
-2.618955405862935777e+02
-2.618955405978239241e+02
-2.618955411947105745e+02
-2.618955445837095226e+02
-2.618955565034905817e+02
-2.618955763245837147e+02
-2.618955770521686190e+02
-2.618955825672135802e+02
-2.618955831776016225e+02
-2.618955995270122230e+02
-2.618956237682958772e+02
-2.618956254069502734e+02
-2.618956791230534122e+02
-2.618956796310615118e+02
-2.618956797920565123e+02
-2.618956824581350133e+02
-2.618956828909707042e+02
-2.618956845783143876e+02
-2.618956851131146095e+02
-2.618956883121668966e+02
-2.618956908226567748e+02
-2.618956923005065960e+02
-2.618956929056175795e+02
-2.618957289662728840e+02
-2.618957310810076820e+02
-2.618957398691371168e+02
-2.618958829280409191e+02
-2.618958981340676928e+02
-2.618958995868175066e+02
-2.618959166040464766e+02
-2.618959246710713273e+02
-2.618959256706427254e+02
-2.618959275785558134e+02
-2.618959282849019132e+02
-2.618959286112913105e+02
-2.618959682069021255e+02
-2.618960126553420196e+02
-2.618960691709814910e+02
-2.618960693464056249e+02
-2.618960724914542766e+02
-2.618960735983732206e+02
-2.618960743837528753e+02
-2.618960745074068086e+02
-2.618960768819470104e+02
-2.618960796653759076e+02
-2.618960862427246070e+02
-2.618960889159462795e+02
-2.618961073239200914e+02
-2.618961892811706775e+02
-2.618961923980855886e+02
-2.618961998582354909e+02
-2.618962055036964784e+02
-2.618962153917702835e+02
-2.618962400242801891e+02
-2.618962436125922864e+02
-2.618962453546482152e+02
-2.618962465931405177e+02
-2.618962535827250235e+02
-2.618962699113653798e+02
-2.618962733520949087e+02
-2.618962888553552943e+02
-2.618962902843226743e+02
-2.618962904963569258e+02
-2.618962942127662927e+02
-2.618962945610567772e+02
-2.618962955726261725e+02
-2.618963269761121069e+02
-2.618963335570202275e+02
-2.618963362841594744e+02
-2.618963364324951044e+02
-2.618963391269031717e+02
-2.618963427334102789e+02
-2.618963534060069946e+02
-2.618963539878632787e+02
-2.618963593070722027e+02
-2.618971977268839169e+02
-2.618972067679362112e+02
-2.618972068583498185e+02
-2.618972136559464730e+02
-2.618972144935351025e+02
-2.618972158007849202e+02
-2.618972165777154828e+02
-2.618972207427783019e+02
-2.618972272032648902e+02
-2.618972364334799749e+02
-2.618972389567155119e+02
-2.618972476899074877e+02
-2.618972477415260869e+02
-2.618972478299040745e+02
-2.618972505442375223e+02
-2.618972590319856977e+02
-2.618972592626470259e+02
-2.618973677594377136e+02
-2.618973681917984209e+02
-2.618973697364037889e+02
-2.618973698977919184e+02
-2.618973703613178827e+02
-2.618973705835371106e+02
-2.618973768599781806e+02
-2.618973897767352241e+02
-2.618974131617827084e+02
-2.618974296354181774e+02
-2.618974406446288867e+02
-2.618974411712799224e+02
-2.618974501513628184e+02
-2.618974601355112100e+02
-2.618974625854899045e+02
-2.618974671917409864e+02
-2.618974719442352921e+02
-2.618974782516131086e+02
-2.618974800213580920e+02
-2.618974965263544163e+02
-2.618974969622146887e+02
-2.618975009115404191e+02
-2.618975028279766093e+02
-2.618975032777935894e+02
-2.618975036067030260e+02
-2.618975074079812089e+02
-2.618975111012762227e+02
-2.618975123504636144e+02
-2.618976652691550271e+02
-2.618976735368626123e+02
-2.618976788543752150e+02
-2.618976800637304905e+02
-2.618976818790562788e+02
-2.618996336968999117e+02
-2.618996348929442775e+02
-2.618996471741132268e+02
-2.618996497472476790e+02
-2.618996530569717720e+02
-2.618996539392369982e+02
-2.618996598049577074e+02
-2.618996672793259108e+02
-2.618996707478361827e+02
-2.618997023544578155e+02
-2.618997066568666128e+02
-2.618997081850843074e+02
-2.618997172435834955e+02
-2.618998325498624240e+02
-2.618998369869896123e+02
-2.618998392983643839e+02
-2.618998401955151962e+02
-2.618998476370118738e+02
-2.618998477371736726e+02
-2.618998479404418731e+02
-2.618998495455202828e+02
-2.618998753345065893e+02
-2.618998780014416070e+02
-2.618998828681316127e+02
-2.618998847871782232e+02
-2.618998972549040900e+02
-2.618998976343902996e+02
-2.618998978107093194e+02
-2.618998980170987920e+02
-2.618999375608312903e+02
-2.618999377793034000e+02
-2.618999403510994171e+02
-2.618999502987916230e+02
-2.618999519679957189e+02
-2.618999592640944911e+02
-2.618999605202445196e+02
-2.619000765548290133e+02
-2.619000823134284133e+02
-2.619000827096069202e+02
-2.619000893759039741e+02
-2.619001120594647887e+02
-2.619001123706103158e+02
-2.619029661854685855e+02
-2.619029663952380815e+02
-2.619029666821555224e+02
-2.619029714108548887e+02
-2.619029815897491744e+02
-2.619029824658538246e+02
-2.619029872347460923e+02
-2.619029885485825275e+02
-2.619029891598373752e+02
-2.619030005054104890e+02
-2.619030092838708015e+02
-2.619030141713882927e+02
-2.619030154582770251e+02
-2.619030167963941835e+02
-2.619030174256669170e+02
-2.619030264689425849e+02
-2.619032172865244092e+02
-2.619032219619825810e+02
-2.619032280622416238e+02
-2.619032312013570731e+02
-2.619032358359457930e+02
-2.619032524611578197e+02
-2.619032535436081162e+02
-2.619032615134651110e+02
-2.619032621544936887e+02
-2.619032625997039077e+02
-2.619032633031339969e+02
-2.619032700012731993e+02
-2.619032700760234889e+02
-2.619032709792177229e+02
-2.619032714137205176e+02
-2.619032725297948900e+02
-2.619032728504698184e+02
-2.619032732280572873e+02
-2.619032752810907141e+02
-2.619032769396915228e+02
-2.619032808611200949e+02
-2.619032854003182820e+02
-2.619032884796948224e+02
-2.619054058369871996e+02
-2.619054265292231207e+02
-2.619054383413850928e+02
-2.619054574851543862e+02
-2.619054582657042829e+02
-2.619054699133171766e+02
-2.619054706823313268e+02
-2.619055292545057227e+02
-2.619055297470982282e+02
-2.619055304283007786e+02
-2.619055320071558981e+02
-2.619055320043573829e+02
-2.619055462864557740e+02
-2.619054571991705984e+02
-2.619053808589316077e+02
-2.619053167848554722e+02
-2.619054404496355914e+02
-2.619053665646678155e+02
-2.619053046796872195e+02
-2.619052250999130820e+02
-2.619051452124286925e+02
-2.619050832975100889e+02
-2.619050197010720922e+02
-2.619049652871689773e+02
-2.619049068144494186e+02
-2.619048167420843924e+02
-2.619047426672418055e+02
-2.619047098927268848e+02
-2.619046220260311202e+02
-2.619045624803525811e+02
-2.619044995418075814e+02
-2.619044460142345088e+02
-2.619044433266008127e+02
-2.619043912448840956e+02
-2.619043857038303145e+02
-2.619043403440068118e+02
-2.619042970859974844e+02
-2.619042231232431845e+02
-2.619041620254710097e+02
-2.619041302889286840e+02
-2.619040350930188197e+02
-2.619039632530278254e+02
-2.619038877771679950e+02
-2.619038808410986121e+02
-2.619038112712875090e+02
-2.619037942090213278e+02
-2.619037269812985187e+02
-2.619036760167261946e+02
-2.619036620212410753e+02
-2.619036332197065917e+02
-2.619036087131576096e+02
-2.619035488415169084e+02
-2.619035113636480787e+02
-2.619034769168928847e+02
-2.619034388363630228e+02
-2.619034030436076819e+02
-2.619033599625112743e+02
-2.619033299875721923e+02
-2.619032505602514789e+02
-2.619032392465475141e+02
-2.619031950125603885e+02
-2.619031546126693115e+02
-2.619031610489926152e+02
-2.619031053587102065e+02
-2.619030885747255866e+02
-2.619030627912052864e+02
-2.619030650871936814e+02
-2.619029744082733941e+02
-2.619029788643975962e+02
-2.619029079563695745e+02
-2.619029063097385119e+02
-2.619028989601205808e+02
-2.619028253502311827e+02
-2.619028356489114913e+02
-2.619028035510464179e+02
-2.619027557886407749e+02
-2.619027938316825157e+02
-2.619027377928363194e+02
-2.619027042028301935e+02
-2.619026937324093751e+02
-2.619026750754355248e+02
-2.619026474439205003e+02
-2.619026240248513204e+02
-2.619026323833408014e+02
-2.619025672846993871e+02
-2.619025302026126951e+02
-2.619025146473840095e+02
-2.619024943507075136e+02
-2.619024660146199039e+02
-2.619024166148959125e+02
-2.619023884904880219e+02
-2.619024336419386145e+02
-2.619023972978860115e+02
-2.619023925052466097e+02
-2.619023589440715227e+02
-2.619022911447102047e+02
-2.619022658278922790e+02
-2.619022806686334093e+02
-2.619022281695392280e+02
-2.619022045268183092e+02
-2.619022030778199905e+02
-2.619021320085308275e+02
-2.619021104982418819e+02
-2.619020998317357112e+02
-2.619021659721424271e+02
-2.619021119824976722e+02
-2.619021072378110944e+02
-2.619020682476682964e+02
-2.619020409728411778e+02
-2.619020531316941174e+02
-2.619020510923556913e+02
-2.619020368306639739e+02
-2.619020289676880111e+02
-2.619020020120718186e+02
-2.619019875936090784e+02
-2.619019738332183920e+02
-2.619019586915894138e+02
-2.619019802737776104e+02
-2.619019336748767728e+02
-2.619019183030915201e+02
-2.619019121594444073e+02
-2.619018922961262774e+02
-2.619018352011328261e+02
-2.619018710791295916e+02
-2.619018487535138888e+02
-2.619018554079440833e+02
-2.619018411368036823e+02
-2.619017973992778821e+02
-2.619018157020944955e+02
-2.619018221927722720e+02
-2.619017763863820960e+02
-2.619017345480768881e+02
-2.619017506030011191e+02
-2.619017583702706133e+02
-2.619017266827277126e+02
-2.619017161259960744e+02
-2.619017470845300863e+02
-2.619017358374147761e+02
-2.619017121630046177e+02
-2.619017969789343852e+02
-2.619017679803213241e+02
-2.619017255032338198e+02
-2.619017284325150854e+02
-2.619017262437242834e+02
-2.619016888270616050e+02
-2.619016520573572961e+02
-2.619016494897646794e+02
-2.619016637339375961e+02
-2.619016455525153901e+02
-2.619016248515807774e+02
-2.619016092648769245e+02
-2.619016115935265816e+02
-2.619015470150832243e+02
-2.619015606633350899e+02
-2.619015488265413865e+02
-2.619015232829439128e+02
-2.619015183384079251e+02
-2.619014820833074850e+02
-2.619014745992628264e+02
-2.619015165567382724e+02
-2.619015384565701083e+02
-2.619015397559501253e+02
-2.619015244687428776e+02
-2.619015323524408245e+02
-2.619015307647964050e+02
-2.619015306688091869e+02
-2.619015155942627189e+02
-2.619015241151474243e+02
-2.619014994367303188e+02
-2.619015676626269169e+02
-2.619015803372325877e+02
-2.619015220991370256e+02
-2.619015126160089153e+02
-2.619015100083307175e+02
-2.619014701561573020e+02
-2.619015367553699889e+02
-2.619015173743051150e+02
-2.619015162595309221e+02
-2.619014912743874106e+02
-2.619015263932495827e+02
-2.619015012879106052e+02
-2.619014578937969873e+02
-2.619014813103615893e+02
-2.619014344107675925e+02
-2.619014638436486280e+02
-2.619014744376282806e+02
-2.619014266166482230e+02
-2.619014429330189273e+02
-2.619014713699198182e+02
-2.619014606733521191e+02
-2.619014808099149150e+02
-2.619014257670606867e+02
-2.619014356716970156e+02
-2.619014208984008860e+02
-2.619014358465224177e+02
-2.619014118590105227e+02
-2.619014384426502033e+02
-2.619014082341104199e+02
-2.619013627297707103e+02
-2.619014297766299251e+02
-2.619014003971586249e+02
-2.619014076487455895e+02
-2.619014065451444253e+02
-2.619013683351415125e+02
-2.619013775005320781e+02
-2.619014140775934152e+02
-2.619014541511451171e+02
-2.619014651666244049e+02
-2.619014956097424260e+02
-2.619015067607446099e+02
-2.619015321260445148e+02
-2.619015369414872794e+02
-2.619015493767585099e+02
-2.619016251979439858e+02
-2.619016302748676139e+02
-2.619016358817621040e+02
-2.619016445600648240e+02
-2.619016593261013099e+02
-2.619016639528497876e+02
-2.619016740951885254e+02
-2.619016953879971084e+02
-2.619017093651195864e+02
-2.619017225847298960e+02
-2.619017244801935931e+02
-2.619017364012727853e+02
-2.619017420527309810e+02
-2.619017752552766183e+02
-2.619017823850406899e+02
-2.619017852405116855e+02
-2.619017868722722824e+02
-2.619018178388610067e+02
-2.619018705419524053e+02
-2.619019004617226756e+02
-2.619019181944680099e+02
-2.619019246670255825e+02
-2.619019345334294258e+02
-2.619019763824808820e+02
-2.619019848133150958e+02
-2.619020340354314271e+02
-2.619020649094234727e+02
-2.619021112628832952e+02
-2.619021246360970849e+02
-2.619021620059007205e+02
-2.619021719501806729e+02
-2.619021807668693782e+02
-2.619021811895302108e+02
-2.619022078744587247e+02
-2.619022081716994990e+02
-2.619022089282162824e+02
-2.619022330600237751e+02
-2.619022354056397717e+02
-2.619022369986604986e+02
-2.619022420913390192e+02
-2.619022661004555061e+02
-2.619022667341167221e+02
-2.619022692573856261e+02
-2.619022792293199018e+02
-2.619022938023771871e+02
-2.619022978874476735e+02
-2.619023071342292042e+02
-2.619023256716455990e+02
-2.619023387902071818e+02
-2.619037797987828071e+02
-2.619038300045888832e+02
-2.619038394098703861e+02
-2.619038406608191281e+02
-2.619038408583687101e+02
-2.619038586945936800e+02
-2.619038594421489847e+02
-2.619039205162781059e+02
-2.619039208721242176e+02
-2.619039275125783774e+02
-2.619039706199541797e+02
-2.619039756896023050e+02
-2.619039839415893880e+02
-2.619040582194498938e+02
-2.619040641940393925e+02
-2.619040652196180190e+02
-2.619040685293555839e+02
-2.619040758330203857e+02
-2.619040859675616844e+02
-2.619040902355333174e+02
-2.619040932669150834e+02
-2.619040939980993130e+02
-2.619040947791232838e+02
-2.619041039548429808e+02
-2.619041085225088068e+02
-2.619041092676412177e+02
-2.619041220233648914e+02
-2.619041587231066046e+02
-2.619041641931783033e+02
-2.619041652766890138e+02
-2.619041706002412866e+02
-2.619042406288995153e+02
-2.619042429114850279e+02
-2.619042524435175210e+02
-2.619042607977614807e+02
-2.619042897994979171e+02
-2.619042911177435826e+02
-2.619042914778345903e+02
-2.619043107052746109e+02
-2.619043273636144136e+02
-2.619043323652193749e+02
-2.619043327779513106e+02
-2.619043533104534163e+02
-2.619043546702911271e+02
-2.619043686371296076e+02
-2.619043694562233782e+02
-2.619043756203857924e+02
-2.619043862113675800e+02
-2.619043899146614081e+02
-2.619043997174962897e+02
-2.619044016603925229e+02
-2.619044023926400087e+02
-2.619044030959041152e+02
-2.619044034598446160e+02
-2.619044045134498901e+02
-2.619044569831980880e+02
-2.619044851426797891e+02
-2.619044875479455072e+02
-2.619045091726350165e+02
-2.619045098860767098e+02
-2.619045161423314880e+02
-2.619045343045680170e+02
-2.619045345913294796e+02
-2.619045349658845794e+02
-2.619045389432155275e+02
-2.619045426745448140e+02
-2.619045449693056753e+02
-2.619045608768715852e+02
-2.619045634872156825e+02
-2.619045637145242722e+02
-2.619045716329039237e+02
-2.619045906654795886e+02
-2.619045919460191953e+02
-2.619045947694419851e+02
-2.619045966429474106e+02
-2.619046116984333139e+02
-2.619046117994728888e+02
-2.619046130683630054e+02
-2.619046154195332861e+02
-2.619046165119028160e+02
-2.619046406701978071e+02
-2.619046485083106859e+02
-2.619046506841687005e+02
-2.619046565927342840e+02
-2.619046585855109015e+02
-2.619046684611606111e+02
-2.619046755471248957e+02
-2.619046762037062877e+02
-2.619046782957041728e+02
-2.619047015837076060e+02
-2.619047166890306926e+02
-2.619047394617949749e+02
-2.619047454482504236e+02
-2.619047464798657074e+02
-2.619047587335716116e+02
-2.619047625539968180e+02
-2.619047641140452924e+02
-2.619047650924927098e+02
-2.619047665165584817e+02
-2.619047675512962883e+02
-2.619047795945766097e+02
-2.619047844410064840e+02
-2.619047859227907793e+02
-2.619047896275458811e+02
-2.619047906453437804e+02
-2.619048008334278279e+02
-2.619048012590783969e+02
-2.619048035587433105e+02
-2.619048039007614079e+02
-2.619048217563952790e+02
-2.619048310967689872e+02
-2.619048313693738805e+02
-2.619048533578093725e+02
-2.619048621557902834e+02
-2.619049175165196175e+02
-2.619049402546032752e+02
-2.619049421882717184e+02
-2.619049432110289786e+02
-2.619052314445912089e+02
-2.619052346364255186e+02
-2.619052352038203253e+02
-2.619052372270609226e+02
-2.619052419328482983e+02
-2.619052458013704268e+02
-2.619052468258083763e+02
-2.619052519772931760e+02
-2.619052640229393205e+02
-2.619052833642962810e+02
-2.619052867400172886e+02
-2.619053594470104827e+02
-2.619053637832518007e+02
-2.619053782054862154e+02
-2.619054028177087048e+02
-2.619054045942788207e+02
-2.619054106223196072e+02
-2.619054292597356266e+02
-2.619054452831214803e+02
-2.619054528542636717e+02
-2.619054547829070998e+02
-2.619054556079614144e+02
-2.619054738783834182e+02
-2.619054933582814897e+02
-2.619055033083195099e+02
-2.619055296854415928e+02
-2.619055343260528161e+02
-2.619055597868164114e+02
-2.619055649102965049e+02
-2.619055653657338212e+02
-2.619055657966175090e+02
-2.619055682865550807e+02
-2.619055738875745192e+02
-2.619055762011012121e+02
-2.619055769628685084e+02
-2.619055827703996897e+02
-2.619055839837470216e+02
-2.619056010145043842e+02
-2.619056013835156023e+02
-2.619056080144989096e+02
-2.619056214357183876e+02
-2.619056227202261198e+02
-2.619056251265566857e+02
-2.619056295857893133e+02
-2.619056307221657107e+02
-2.619056566628490827e+02
-2.619056577901178002e+02
-2.619056713374191077e+02
-2.619056717256723914e+02
-2.619056734934437145e+02
-2.619056764135187905e+02
-2.619056812240287968e+02
-2.619057058834454779e+02
-2.619057111020351840e+02
-2.619057121796906813e+02
-2.619057209131357240e+02
-2.619057225998681133e+02
-2.619057369018062786e+02
-2.619057506254725922e+02
-2.619057709741078952e+02
-2.619057736594240282e+02
-2.619057739529915239e+02
-2.619057763565173786e+02
-2.619057797583860179e+02
-2.619057807330921719e+02
-2.619057912686769214e+02
-2.619057915592397876e+02
-2.619057927247454813e+02
-2.619058001109409020e+02
-2.619058048724904779e+02
-2.619058484462166803e+02
-2.619058495748269024e+02
-2.619058672670886949e+02
-2.619058677811667053e+02
-2.619058684197393063e+02
-2.619058817917883175e+02
-2.619058827077504930e+02
-2.619058827811775814e+02
-2.619058844268262760e+02
-2.619058860606634767e+02
-2.619058904270262929e+02
-2.619058916181443806e+02
-2.619058947525563212e+02
-2.619058986499957769e+02
-2.619059165268386096e+02
-2.619059414792645271e+02
-2.619059473583631075e+02
-2.619059533058963893e+02
-2.619059559422943266e+02
-2.619059569958496922e+02
-2.619059760641578123e+02
-2.619059766065096824e+02
-2.619059798154750069e+02
-2.619059851850391851e+02
-2.619059853119596255e+02
-2.619059859116443931e+02
-2.619059873209778857e+02
-2.619060111445753023e+02
-2.619060249592354239e+02
-2.619060374472077797e+02
-2.619060807266304778e+02
-2.619060810128578964e+02
-2.619060821689840282e+02
-2.619060822514268239e+02
-2.619060866995613992e+02
-2.619060897363652884e+02
-2.619060903436521244e+02
-2.619060909186948720e+02
-2.619060912966621117e+02
-2.619060947744300734e+02
-2.619060962007275180e+02
-2.619060970993654109e+02
-2.619060997799451798e+02
-2.619061018834856895e+02
-2.619061462488350003e+02
-2.619061632257214001e+02
-2.619061709218120768e+02
-2.619061746379766191e+02
-2.619061844202350926e+02
-2.619061891363024870e+02
-2.619061929672964197e+02
-2.619061966475478016e+02
-2.619061971442794174e+02
-2.619062041749418199e+02
-2.619062044919596133e+02
-2.619062063934813978e+02
-2.619062179929666740e+02
-2.619062189529356033e+02
-2.619062261256943884e+02
-2.619062315975975821e+02
-2.619062323430043762e+02
-2.619062393603152259e+02
-2.619062415893515094e+02
-2.619062511741436197e+02
-2.619062546710375159e+02
-2.619062552537781130e+02
-2.619062602486566789e+02
-2.619062644296143958e+02
-2.619062645632042177e+02
-2.619062655721082820e+02
-2.619062667691791262e+02
-2.619062824927415249e+02
-2.619062855630958779e+02
-2.619063423052028838e+02
-2.619063486163333891e+02
-2.619063496283030759e+02
-2.619065514870528091e+02
-2.619065765756458859e+02
-2.619065818948038213e+02
-2.619065833688330258e+02
-2.619065887502790133e+02
-2.619065903226922956e+02
-2.619065904084978911e+02
-2.619065924522806199e+02
-2.619065931133170011e+02
-2.619067000058710732e+02
-2.619067019269988918e+02
-2.619067023526462208e+02
-2.619067026953829895e+02
-2.619067031066613822e+02
-2.619067036674833844e+02
-2.619067045546366899e+02
-2.619067056165591225e+02
-2.619067060840624777e+02
-2.619067077547783811e+02
-2.619067127618453128e+02
-2.619067134805898149e+02
-2.619067141452969736e+02
-2.619067152416133126e+02
-2.619067183202546971e+02
-2.619067205119142159e+02
-2.619067206668203767e+02
-2.619067232402675813e+02
-2.619067246470763166e+02
-2.619067376046530171e+02
-2.619067436575202805e+02
-2.619067484776330730e+02
-2.619067592866775271e+02
-2.619067666947564135e+02
-2.619067718654364967e+02
-2.619067725801795063e+02
-2.619067743874628036e+02
-2.619067749474348261e+02
-2.619067801716736881e+02
-2.619067817973855767e+02
-2.619067820972975937e+02
-2.619068060003219784e+02
-2.619068177924547740e+02
-2.619068552052361269e+02
-2.619068592875257764e+02
-2.619068765453413903e+02
-2.619068927375095086e+02
-2.619068932163589807e+02
-2.619068979002702804e+02
-2.619069336067930180e+02
-2.619069396074722818e+02
-2.619069404849565785e+02
-2.619069462557145016e+02
-2.619069468074206952e+02
-2.619069473989142125e+02
-2.619069520256788905e+02
-2.619069546176468180e+02
-2.619069637687775867e+02
-2.619069681792315123e+02
-2.619069694333954885e+02
-2.619069704431773857e+02
-2.619069814809033119e+02
-2.619069856301339883e+02
-2.619070431143612154e+02
-2.619070445312427182e+02
-2.619070452733697039e+02
-2.619070912822904234e+02
-2.619070913043838118e+02
-2.619070924366079112e+02
-2.619071491576743256e+02
-2.619071502810879224e+02
-2.619071510956687234e+02
-2.619071602591706096e+02
-2.619071747067142724e+02
-2.619071760698652724e+02
-2.619071788115098798e+02
-2.619071822811022798e+02
-2.619071826721552156e+02
-2.619071890046678277e+02
-2.619071895759013842e+02
-2.619071932652287842e+02
-2.619071988011327790e+02
