9.999984911901100837e-01
9.999951862502559630e-01
9.999902364815296263e-01
9.999906555465734037e-01
9.968601630669188252e-01
9.966472760365201466e-01
9.964955726822593007e-01
9.955181709792262357e-01
9.961567280604359809e-01
9.940943023062372985e-01
9.950935751278611185e-01
9.953847962405304450e-01
9.946810892659796455e-01
9.927622609566580936e-01
9.930003434081169367e-01
9.954669955631614275e-01
9.984725880237117490e-01
9.929619435668689542e-01
9.967273888122092362e-01
9.920216157151049430e-01
9.952747170799274290e-01
9.929946350298786140e-01
9.587615002866893207e-03
9.772766436671064330e-03
9.959579055510849044e-03
4.857565738647473368e-03
5.354318241665185531e-03
4.671296023541271492e-03
5.135862628258255035e-03
3.985756576265452912e-03
2.442569840381426244e-03
2.328997270997278622e-03
3.781529667521799608e-03
4.763676720131084646e-03
1.674020527985655002e-03
1.751885608611892554e-03
2.883546343011792433e-03
1.339828936903780625e-03
1.500627277459334191e-03
3.776621882960303801e-03
5.243882432659011106e-04
4.204874199890179867e-03
2.284463297772884940e-03
2.829478852688993486e-03
