op     25   26   77   78   26   25   77   78                       -0.12734797841090972348                                                    
op     25   27   77   79   27   25   77   79                       -0.06725631333160025926                                                    
mvp3   74   78   77   79   74   77   79   78   74   77   78   79    0.04154508585350211863    0.35034839257886546404    0.42381136825500442811
op     22   27   75   79   27   22   75   79                       -0.02152219184953512582                                                    
a_ia   77   78                                                      0.00014612730539988037                                                    
a_ia   77   78                                                      0.00169377028453818689                                                    
mvp2   22   27   77   78   27   22   77   78                        0.01501706730112011695   -0.14834924935767837550                          
mvp2   17   29   75   79   29   17   75   79                       -0.01083585802561625767   -0.19663642287991167645                          
mvp2   23   27   75   79   27   23   75   79                       -0.06098698720842185561   -1.24069386095688205529                          
mvp3   17   27   25   32   17   25   32   27   17   25   27   32    0.00878261654943796218   -0.04869683788456585088   -0.16964059307799270182
mvp2   25   26   77   82   26   25   77   82                       -0.02471294347485557263   -0.13845960880502680701                          
mvp2   23   39   75   79   39   23   75   79                        0.01410592476001750958    0.01708852556185003549                          
op     25   31   77   83   31   25   77   83                       -0.01108395471466648054                                                    
op     25   33   77   85   33   25   77   85                       -0.00676306729150171794                                                    
mvp2   23   27   74   79   27   23   74   79                       -0.02510421842183685470    1.03786640794615769856                          
a_ia   75   78                                                      0.01170878477176420622                                                    
mvp2   23   26   74   79   26   23   74   79                       -0.00552056906494470100   -0.11220646409986141656                          
a_ia   17   29                                                     -0.00096634188098862668                                                    
mvp2   23   40   75   79   40   23   75   79                       -0.00865354964506846562   -0.01222935315021569762                          
mvp2   23   30   77   79   30   23   77   79                        0.00848962179792572824    0.14715307527724691417                          
mvp2   25   30   77   78   30   25   77   78                       -0.02543431100781640836   -0.01934117350297673288                          
a_ia   25   30                                                     -0.00259952018670505779                                                    
