-1.121790850623072174e+03
-1.121798041853209270e+03
-1.121799565279624176e+03
-1.121799705542878201e+03
-1.121799884969025470e+03
-1.121800010657767189e+03
-1.121800109568433754e+03
-1.121800617794206346e+03
-1.121800676647893852e+03
-1.121800785588626468e+03
-1.121800814844780916e+03
-1.121800879588918178e+03
-1.121800923515625755e+03
-1.121800985708233156e+03
-1.121801035412807551e+03
-1.121801096741192850e+03
-1.121801123075028272e+03
-1.121801158329537657e+03
-1.121801402047911324e+03
-1.121801449720502660e+03
-1.121801586127814517e+03
-1.121801672516302460e+03
-1.121801703626962762e+03
-1.121801727715475181e+03
-1.121801746455480497e+03
-1.121801772471780168e+03
-1.121801778351995381e+03
-1.121801807982572655e+03
-1.121801843972062670e+03
-1.121801863819858454e+03
-1.121801873348649906e+03
-1.121802072083576377e+03
-1.121802084479739733e+03
-1.121802118112367225e+03
-1.121802134188797481e+03
-1.121802140140200891e+03
-1.121802151285397485e+03
-1.121802181472927941e+03
-1.121802190853313959e+03
-1.121802214485558579e+03
-1.121802276332315842e+03
-1.121802294174420695e+03
-1.121802315412100370e+03
-1.121802320833300882e+03
-1.121802338938446610e+03
-1.121802351253327060e+03
-1.121802354054443413e+03
-1.121802361331229349e+03
-1.121802372334441088e+03
-1.121802376224223508e+03
-1.121802380250770057e+03
-1.121802383127247140e+03
-1.121802383771393124e+03
-1.121802388676490182e+03
-1.121802402467083311e+03
-1.121802404174737603e+03
-1.121802411676113024e+03
-1.121802413904323657e+03
-1.121802416369126604e+03
-1.121802418288213630e+03
-1.121802439041202661e+03
-1.121802443527619971e+03
-1.121802444446901745e+03
-1.121802446118146690e+03
-1.121802448544598064e+03
-1.121802450620242780e+03
-1.121802450895983156e+03
-1.121802494693134577e+03
-1.121802504045302157e+03
-1.121802517931450666e+03
-1.121802537138453090e+03
-1.121802573414947119e+03
-1.121802583889978678e+03
-1.121802603928283588e+03
-1.121802604038484787e+03
-1.121802605292504950e+03
-1.121802609523473166e+03
-1.121802631478440844e+03
-1.121802631569729556e+03
-1.121802632655969319e+03
-1.121802632746575000e+03
-1.121802632859424648e+03
-1.121802633247730000e+03
-1.121802633247729773e+03
