-4.224271683761508029e+02
-4.224568432585177220e+02
-4.224758112525718161e+02
-4.224968853774436184e+02
-4.225078631172680730e+02
-4.225240137287669882e+02
-4.225310457933957764e+02
-4.225368251954577090e+02
-4.225537807477011825e+02
-4.225614131640626852e+02
-4.225654841304984188e+02
-4.225744158225368210e+02
-4.225762490124498072e+02
-4.225820092041009275e+02
-4.225831365268002742e+02
-4.225895315520693885e+02
-4.225933046159520927e+02
-4.225972049176376117e+02
-4.225983949094593868e+02
-4.225993084451775985e+02
-4.226004924428435743e+02
-4.226040169207955159e+02
-4.226046325778759183e+02
-4.226060629001278812e+02
-4.226067955451546823e+02
-4.226075681148142280e+02
-4.226080388907996053e+02
-4.226080981013984115e+02
-4.226093327201145939e+02
-4.226094158433929238e+02
-4.226094465114032914e+02
-4.226107210396335745e+02
-4.226141763286876198e+02
-4.226145805409224749e+02
-4.226146292890239806e+02
-4.226146703209930138e+02
-4.226147378718109735e+02
-4.226147607772053902e+02
-4.226148699107823745e+02
-4.226149214063158865e+02
-4.226151932010996006e+02
-4.226172485718872167e+02
-4.226173207164546284e+02
-4.226173339292864171e+02
-4.226173561136383228e+02
-4.226174146159008842e+02
-4.226174332449314761e+02
-4.226174412846573887e+02
-4.226174660649514863e+02
-4.226175087356551785e+02
-4.226175210317725259e+02
-4.226175496113580152e+02
-4.226176111120872179e+02
-4.226176541288688213e+02
-4.226176834974426129e+02
-4.226177094284739724e+02
-4.226177650436179078e+02
-4.226177875496517231e+02
-4.226178362205087069e+02
-4.226178636556123820e+02
-4.226179095028002735e+02
-4.226179410961507870e+02
-4.226179627866036981e+02
-4.226179827069466910e+02
-4.226180171173696749e+02
-4.226180334545039727e+02
-4.226180463945937049e+02
-4.226180627692816074e+02
-4.226180783087240798e+02
-4.226181193331037775e+02
-4.226181314040370012e+02
-4.226181678186870272e+02
-4.226181948468874907e+02
-4.226182286002687079e+02
-4.226182441532611733e+02
-4.226182623322570748e+02
-4.226182911753064104e+02
-4.226183057121372144e+02
-4.226183449202853240e+02
-4.226183853848310150e+02
-4.226184012721067234e+02
-4.226184878478686073e+02
-4.226185654534680225e+02
-4.226186179533440281e+02
-4.226214618618021746e+02
-4.226214804331730193e+02
-4.226215026974934972e+02
-4.226215214961960100e+02
-4.226215307174555278e+02
-4.226215503013128796e+02
-4.226215669108041197e+02
-4.226216275123945820e+02
-4.226216369674975795e+02
-4.226216538741284126e+02
-4.226217305098041948e+02
-4.226217451828842968e+02
-4.226217709902305160e+02
-4.226217806992610804e+02
-4.226217875035895872e+02
-4.226217939386293097e+02
-4.226218100831973175e+02
-4.226218212968680064e+02
-4.226218297949678231e+02
-4.226218537297150988e+02
-4.226218854929450117e+02
-4.226219145444679270e+02
-4.226219271862728988e+02
-4.226219534539429219e+02
-4.226219614940706037e+02
-4.226219684299114192e+02
-4.226219729680751129e+02
-4.226220091157454135e+02
-4.226220198225826152e+02
-4.226220335908603261e+02
-4.226220581323605074e+02
-4.226220607284330981e+02
-4.226220693555343928e+02
-4.226220745071722149e+02
-4.226220985619575004e+02
-4.226221069681698737e+02
