-2.617671055350004963e+02
-2.617710173732547787e+02
-2.617747340031680210e+02
-2.617795682383580242e+02
-2.617847117626022850e+02
-2.617901995869597727e+02
-2.617931157238493824e+02
-2.617991980100873093e+02
-2.618025261447435241e+02
-2.618037095448078162e+02
-2.618065488457964989e+02
-2.618084748380188103e+02
-2.618101019590432088e+02
-2.618133099245666813e+02
-2.618171582132512185e+02
-2.618198360160046718e+02
-2.618222926868493801e+02
-2.618243770552527963e+02
-2.618249515422053832e+02
-2.618263843316166799e+02
-2.618283155826609914e+02
-2.618300323726707006e+02
-2.618339363560943980e+02
-2.618373932430587843e+02
-2.618394462191404841e+02
-2.618407107330883719e+02
-2.618408030362987233e+02
-2.618434016727832159e+02
-2.618436306813670740e+02
-2.618441494353950247e+02
-2.618442837532326735e+02
-2.618443537021458951e+02
-2.618473186583718189e+02
-2.618506272852147276e+02
-2.618535819755845182e+02
-2.618546572215544757e+02
-2.618592102278482230e+02
-2.618599411181664891e+02
-2.618625979600170126e+02
-2.618674212528765111e+02
-2.618695609167822909e+02
-2.618698670250760188e+02
-2.618758994525505273e+02
-2.618761982872990757e+02
-2.618763107034246218e+02
-2.618785396554195017e+02
-2.618803382048452022e+02
-2.618803684436423964e+02
-2.618805805720695048e+02
-2.618806460975644086e+02
-2.618822039572514768e+02
-2.618824207133042137e+02
-2.618824484761138933e+02
-2.618849290842538267e+02
-2.618851330788452856e+02
-2.618862867867774753e+02
-2.618864337470109831e+02
-2.618873521787406844e+02
-2.618881022870841093e+02
-2.618883098578235717e+02
-2.618883490564775229e+02
-2.618884191094226139e+02
-2.618884353108526284e+02
-2.618884664755652238e+02
-2.618919129868414188e+02
-2.618920882421493843e+02
-2.618921650037074187e+02
-2.618927193975928844e+02
-2.618940680854431093e+02
-2.618940871221944917e+02
-2.618956370140286936e+02
-2.618962650727673918e+02
-2.618965477082055031e+02
-2.618965938270570746e+02
-2.618966416836037183e+02
-2.618966850626728728e+02
-2.618966918726655990e+02
-2.618967655431746948e+02
-2.618967974891741051e+02
-2.618968270326611787e+02
-2.618968749991765890e+02
-2.618992697072519036e+02
-2.618993272624293240e+02
-2.619036584734561757e+02
-2.619036904048289784e+02
-2.619037034459744859e+02
-2.619037239496881853e+02
-2.619037256008368217e+02
-2.619039458348399876e+02
-2.619040271826921753e+02
-2.619040644194761853e+02
-2.619040691558956269e+02
-2.619041097951470078e+02
-2.619041745955369151e+02
-2.619042167045133169e+02
-2.619044049858974859e+02
-2.619044554089182952e+02
-2.619044876264113100e+02
-2.619045051212647763e+02
-2.619045222196497207e+02
-2.619045635887160870e+02
-2.619045696430749217e+02
-2.619045836161186003e+02
-2.619058259563706201e+02
-2.619058291736553201e+02
-2.619058743872710124e+02
-2.619059127413099191e+02
-2.619059372451743002e+02
-2.619059396482974194e+02
-2.619060026939952763e+02
-2.619060771921152195e+02
-2.619061204894579191e+02
-2.619061558846544244e+02
-2.619062754820823784e+02
-2.619063285416872873e+02
-2.619063684812915085e+02
-2.619085975361139162e+02
-2.619087289483634891e+02
-2.619096026154289802e+02
-2.619096052492545255e+02
-2.619096567473840764e+02
-2.619097099959586785e+02
-2.619097689292793234e+02
-2.619098151188459269e+02
-2.619098173577169746e+02
-2.619099965766603191e+02
-2.619101224139550936e+02
-2.619101228191100859e+02
-2.619101276660261988e+02
-2.619101849607662871e+02
-2.619102167906618774e+02
-2.619102406126600044e+02
-2.619102927916277963e+02
-2.619103835442464856e+02
-2.619103996244189716e+02
-2.619104052193960115e+02
-2.619104576118754153e+02
-2.619104624438302835e+02
-2.619105111174965828e+02
-2.619105427208131118e+02
-2.619106530755015001e+02
-2.619106588545876093e+02
-2.619106966968457186e+02
-2.619106995771633137e+02
-2.619107036488048266e+02
-2.619107387758886034e+02
-2.619108669675821943e+02
-2.619113255233583004e+02
-2.619113571658667183e+02
-2.619114305063504844e+02
-2.619114346131214006e+02
-2.619114571814669716e+02
-2.619114634187291131e+02
-2.619115527774899874e+02
-2.619116247206064259e+02
-2.619117500783597734e+02
-2.619118192210727898e+02
-2.619118377964759929e+02
-2.619118842285179198e+02
-2.619119331894715970e+02
-2.619119946244235848e+02
-2.619120103387751897e+02
-2.619120133544124087e+02
-2.619120149627366914e+02
-2.619120552832084172e+02
-2.619120740934208129e+02
-2.619120791220921092e+02
-2.619120825444870206e+02
-2.619121780067138729e+02
-2.619121789372860007e+02
-2.619122091937800860e+02
-2.619122241901126813e+02
-2.619122422265496084e+02
-2.619122499191811926e+02
-2.619122516147227770e+02
-2.619123707623464838e+02
-2.619123869138533109e+02
-2.619124143433800214e+02
-2.619124223023000013e+02
-2.619124225699554245e+02
-2.619124418737860083e+02
-2.619124433723241054e+02
-2.619124451130330726e+02
-2.619124854373811218e+02
-2.619124865665838229e+02
-2.619124895545829759e+02
-2.619124917946920732e+02
-2.619125226171648819e+02
-2.619125480306252030e+02
-2.619125735477264811e+02
-2.619125755990194193e+02
-2.619126021643365902e+02
-2.619126025039645924e+02
-2.619126052707882764e+02
-2.619127736840105740e+02
-2.619128121536123217e+02
-2.619128262720207090e+02
-2.619128567168962149e+02
-2.619128599082956725e+02
-2.619128700164885117e+02
-2.619128822335343898e+02
-2.619128956062305065e+02
-2.619130808020162817e+02
-2.619130935594725997e+02
-2.619130999128353778e+02
-2.619131547518796879e+02
-2.619131766027077219e+02
-2.619131793681369800e+02
-2.619131917358499209e+02
-2.619131969803351012e+02
-2.619132078065654241e+02
-2.619132090253361866e+02
-2.619133512237083892e+02
-2.619133541530272282e+02
-2.619133826284112274e+02
-2.619133992750985840e+02
-2.619134175127423987e+02
-2.619134221114804859e+02
-2.619134591917865009e+02
-2.619134703660454875e+02
-2.619134708364733797e+02
-2.619134842639580825e+02
-2.619134879624854761e+02
-2.619135062010229262e+02
-2.619135424328169961e+02
-2.619135429105497792e+02
-2.619135456713646022e+02
-2.619136218963109854e+02
-2.619136223957638094e+02
-2.619136462432837789e+02
-2.619136469053809719e+02
-2.619136512908133909e+02
-2.619136538663047986e+02
-2.619136746441678838e+02
-2.619136972918357174e+02
-2.619137399537377746e+02
-2.619137427681712893e+02
-2.619137606899432740e+02
-2.619138456210479262e+02
-2.619138741147784799e+02
-2.619138904432156778e+02
-2.619138991445549891e+02
-2.619139013726841085e+02
-2.619139023430964244e+02
-2.619139111951549239e+02
-2.619139201113795821e+02
-2.619139485367505245e+02
-2.619139519940545142e+02
-2.619139588166158887e+02
-2.619140517104422088e+02
-2.619140526149274137e+02
-2.619140765643692816e+02
-2.619140835412223964e+02
-2.619140945866548122e+02
-2.619140957356252102e+02
-2.619140975028241769e+02
-2.619141035499318946e+02
-2.619142608600707263e+02
-2.619142609415292782e+02
-2.619142617433786882e+02
-2.619142669377172865e+02
-2.619142676386608741e+02
-2.619143299632706885e+02
-2.619143324565163766e+02
-2.619143489017865818e+02
-2.619143783925727007e+02
-2.619144014104530811e+02
-2.619144025585632107e+02
-2.619144158130322921e+02
-2.619144218811242126e+02
-2.619144329343483264e+02
-2.619144381530442161e+02
-2.619144480633506760e+02
-2.619144717204247854e+02
-2.619145706543333176e+02
-2.619145803417039815e+02
-2.619146554972859917e+02
-2.619146564460565969e+02
-2.619146846856266961e+02
-2.619146916145064097e+02
-2.619147284400456215e+02
-2.619147297773706100e+02
-2.619147301948394784e+02
-2.619147321998190137e+02
-2.619147512016147061e+02
-2.619147553943562912e+02
-2.619147557652981959e+02
-2.619147960595931863e+02
-2.619148058746151833e+02
-2.619148087448829187e+02
-2.619148088958572771e+02
-2.619148820470135206e+02
-2.619148943493557908e+02
-2.619149113394336723e+02
-2.619149336662096061e+02
-2.619149385844349922e+02
-2.619149521834008851e+02
-2.619149707995869107e+02
-2.619149887120407243e+02
-2.619150001812042774e+02
-2.619150015486649750e+02
-2.619150132904729276e+02
-2.619150180602185856e+02
-2.619153873452934818e+02
-2.619153873809232209e+02
-2.619153877614252792e+02
-2.619153936133624256e+02
-2.619154111831444993e+02
-2.619154171593585829e+02
-2.619154435166818189e+02
-2.619154607939618131e+02
-2.619154717468400122e+02
-2.619155307573541904e+02
-2.619155309094329027e+02
-2.619155310368291794e+02
-2.619155319895363050e+02
-2.619155516544821012e+02
-2.619155602470722783e+02
-2.619155765134921126e+02
-2.619155896661180805e+02
-2.619155922799786254e+02
-2.619156085387143094e+02
-2.619156088498161807e+02
-2.619156097516014938e+02
-2.619156099998079981e+02
-2.619156104927479873e+02
-2.619156120355473831e+02
-2.619156144360968028e+02
-2.619156176477789018e+02
-2.619156180478921101e+02
-2.619156182103715196e+02
-2.619156461608793052e+02
-2.619156502324594271e+02
-2.619156513169344862e+02
-2.619156518087038990e+02
-2.619156912483496740e+02
-2.619156938908952839e+02
-2.619156978344485083e+02
-2.619156984340841063e+02
-2.619157006688328124e+02
-2.619157046619176867e+02
-2.619157085835918792e+02
-2.619157214906838931e+02
