-6.238120138682167237e+01
-6.238241051081048738e+01
-6.238348087597557168e+01
-6.238381717755409284e+01
-6.238385079576871561e+01
-6.238397921127432255e+01
-6.238398592314218405e+01
-6.238401780513641626e+01
-6.238403731585360390e+01
-6.238404786221497034e+01
-6.238429956897786610e+01
-6.238431496374633412e+01
-6.238453898683313525e+01
-6.238455595044065660e+01
-6.238459227708901977e+01
-6.238462227266087012e+01
-6.238466154653683304e+01
-6.238494140474075778e+01
-6.238494996110883761e+01
-6.238495061866088065e+01
