op     23   24   71   72   24   23   71   72                       -0.10605684273787802097                                                    
op     23   25   71   73   25   23   71   73                       -0.09619844206460793912                                                    
op      0   27   48   75   27    0   48   75                       -0.01809941982311123049                                                    
op     14   27   48   75   27   14   48   75                       -0.00642581504040344934                                                    
mvp2   23   25   69   72   25   23   69   72                       -0.07957994106737691087    0.48235859015197463107                          
a_ia   23   24                                                     -0.04385719876922097166                                                    
mvp2   23   25   69   74   25   23   69   74                       -0.01019488492144229354    0.27317672460441988491                          
mvp2   19   24   71   73   24   19   71   73                       -0.05422011971832391836   -0.49128701346903680403                          
mvp2   19   24   67   72   24   19   67   72                       -0.04070186714326544386    1.36820679538637657302                          
a_ia   71   73                                                      0.00097460358647635586                                                    
a_ia   24   25                                                      0.05242806303246064920                                                    
a_ia   67   71                                                     -0.40395791548052101261                                                    
a_ia   19   24                                                     -0.00636637418174179105                                                    
mvp2   19   26   67   74   26   19   67   74                       -0.02046307316758892020   -0.20340286173873250997                          
op      0   29   48   77   29    0   48   77                       -0.00994326183921859057                                                    
om      0   24   48   72   24    0   48   72                       -0.00451166717642069014                                                    
a_ia   67   74                                                     -0.00369341769719121974                                                    
mvp3   21   24   23   25   21   23   25   24   21   23   24   25   -0.02266615404264157516   -0.86982893620484136310   -0.33334826716743221064
a_ia   23   25                                                      0.09412448349849951434                                                    
a_ia   24   25                                                      1.06489792270428318410                                                    
mvp2   19   25   71   73   25   19   71   73                       -0.03746692311582678486   -0.21820688138460003769                          
a_ia   23   24                                                      0.11868562941548260747                                                    
mvp2   19   25   71   72   25   19   71   72                       -0.04872509659057994852    0.44802943565153285910                          
a_ia   67   73                                                     -0.00174797596775708359                                                    
mvp2   23   26   71   74   26   23   71   74                       -0.02831865373992886736   -0.04672790489946300474                          
mvp2   11   41   48   75   41   11   48   75                        0.01578804966498640813    0.53924363144042264384                          
a_ia   11   24                                                     -0.15530201353468908732                                                    
a_ia   11   21                                                      0.22507188817329512598                                                    
a_ia   71   74                                                     -0.00826404750738672818                                                    
a_ia   11   24                                                      0.15180663429680507637                                                    
mvp2    0   41   48   72   41    0   48   72                       -0.00390180705238849304   -0.32508188493809414554                          
a_ia   24   25                                                     -0.91388728484321934964                                                    
a_ia   11   24                                                      0.00925025784247716747                                                    
