op     23   24   71   72   24   23   71   72                       -0.10383657560982983981                                                    
op     23   25   71   73   25   23   71   73                       -0.07654647993336916034                                                    
op      0   27   48   75   27    0   48   75                       -0.01483615701518226776                                                    
op     14   27   48   75   27   14   48   75                       -0.00551326186211547730                                                    
mvp2   23   25   69   72   25   23   69   72                       -0.05719372106242631704    0.57338937006060597401                          
a_ia   23   24                                                      0.01930223000713650328                                                    
mvp2   23   25   69   74   25   23   69   74                       -0.01182358278638775267    0.33954877413478118386                          
mvp2   19   24   71   73   24   19   71   73                       -0.05745518829462888805   -0.76809711952179271499                          
mvp2   19   24   67   72   24   19   67   72                       -0.03423262682039357463    0.76449815695491185608                          
a_ia   71   73                                                     -0.01626287988695009068                                                    
a_ia   24   25                                                      0.37685010268230278996                                                    
a_ia   67   71                                                     -0.41954039115721170061                                                    
a_ia   19   24                                                     -0.00657444619459919295                                                    
mvp2   19   26   67   74   26   19   67   74                       -0.02236796907064509884   -0.00014050995488785258                          
