op     23   24   71   72   24   23   71   72                       -0.10385047252886643598                                                    
op     23   25   71   73   25   23   71   73                       -0.07654469740937790145                                                    
op      0   27   48   75   27    0   48   75                       -0.01476521447574136170                                                    
op     14   27   48   75   27   14   48   75                       -0.00549546295270422411                                                    
mvp2   23   25   69   72   25   23   69   72                       -0.05718266364394387208    0.57357469706532027143                          
a_ia   23   24                                                      0.01929205648745217425                                                    
mvp2   23   25   69   74   25   23   69   74                       -0.01181369986986206301    0.33946325956914658040                          
mvp2   19   24   71   73   24   19   71   73                       -0.05750121370541674826   -0.76795122885223543463                          
mvp2   19   24   67   72   24   19   67   72                       -0.03438784354046481306    0.76407826945142853781                          
a_ia   71   73                                                     -0.01628834966448786115                                                    
a_ia   24   25                                                      0.37661019146931201673                                                    
a_ia   67   71                                                     -0.41950526878874300207                                                    
a_ia   19   24                                                     -0.00652171156496811170                                                    
mvp2   19   26   67   74   26   19   67   74                       -0.02235790038103812813   -0.00019498053564220142                          
op      0   29   48   77   29    0   48   77                       -0.00997539606528843881                                                    
om      0   24   48   72   24    0   48   72                       -0.00458581123680319291                                                    
