op     23   24   71   72   24   23   71   72                       -0.10411966614891128569                                                    
op     23   25   71   73   25   23   71   73                       -0.09587910594681761656                                                    
op      0   27   48   75   27    0   48   75                       -0.02492976945835462602                                                    
op     14   27   48   75   27   14   48   75                       -0.00595247395446864107                                                    
mvp2   23   25   69   72   25   23   69   72                       -0.08452136126639005209    0.44237063193895559410                          
a_ia   23   24                                                     -0.04718730941521740579                                                    
mvp2   23   25   69   74   25   23   69   74                       -0.01175050119198174474    0.23129587064473397517                          
mvp2   19   24   71   73   24   19   71   73                       -0.04916160954499199098   -0.61281434725076999737                          
mvp2   19   24   67   72   24   19   67   72                       -0.04914135399734746029    1.51726879461886854372                          
a_ia   71   73                                                     -0.00095130455919669073                                                    
a_ia   24   25                                                      0.07934451696855783498                                                    
a_ia   67   71                                                     -0.44381912839785642166                                                    
a_ia   19   24                                                     -0.00046058690180242237                                                    
mvp2   19   26   67   74   26   19   67   74                       -0.02038528497699036712   -0.26834420894698796101                          
op      0   29   48   77   29    0   48   77                       -0.00972540962787923902                                                    
om      0   24   48   72   24    0   48   72                       -0.00471774866685207087                                                    
a_ia   67   74                                                     -0.00493215715232393163                                                    
mvp3   21   24   23   25   21   23   25   24   21   23   24   25   -0.02101868808021109883   -0.82783933534791998010   -0.31809650372175712896
a_ia   23   25                                                      0.13961764549083588438                                                    
a_ia   24   25                                                      1.17721424090169168863                                                    
mvp2   19   25   71   73   25   19   71   73                       -0.04441691492181098350   -0.09823960661496951297                          
a_ia   23   24                                                      0.15656570219517018661                                                    
mvp2   19   25   71   72   25   19   71   72                       -0.05413667136654497919    0.60734607753204539193                          
a_ia   67   73                                                      0.00036595362594810582                                                    
mvp2   23   26   71   74   26   23   71   74                       -0.02876545371027975501   -0.08637996286459372064                          
mvp2   11   41   48   75   41   11   48   75                        0.01779511244611614237    0.54973411534034433146                          
a_ia   11   24                                                     -0.15628994998622286472                                                    
a_ia   11   21                                                      0.19312844207241780525                                                    
a_ia   71   74                                                     -0.00774076833004690677                                                    
a_ia   11   24                                                      0.15284484473008322358                                                    
mvp2    0   41   48   72   41    0   48   72                       -0.00401291950553182668   -0.40599596341803650956                          
a_ia   24   25                                                     -1.00873952849759418449                                                    
a_ia   11   24                                                     -0.00148257535121883166                                                    
mvp2   11   41   48   78   41   11   48   78                        0.00547018053280346958   -0.28890423463475117805                          
mvp3    0   24   11   27    0   11   27   24    0   11   24   27   -0.01077436876153937614   -0.03000312758718833017   -0.69879588697917072171
a_ia   11   24                                                      0.01281663123811135722                                                    
op      0   47   48   95   47    0   48   95                       -0.00811468864308861546                                                    
a_ia    0   34                                                     -0.00063725390071878380                                                    
op      0   37   48   85   37    0   48   85                       -0.00521369274657093422                                                    
mvp2    0   34   48   82   34    0   48   82                       -0.00358590676809739193    0.00051284931816332827                          
mvp2    0   47   48   75   47    0   48   75                        0.00784558095833595356    0.44490545868095149329                          
a_ia    0   47                                                     -0.00021105280333787968                                                    
mvp2    0   47   48   80   47    0   48   80                       -0.00229916013035128810    0.00444453847490902144                          
a_ia   68   69                                                     -0.13501456937930655933                                                    
a_ia   69   72                                                     -0.01819002042317841364                                                    
