op     23   24   71   72   24   23   71   72                       -0.10450107338442624072                                                    
op     23   25   71   73   25   23   71   73                       -0.09536953702177994319                                                    
op      0   27   48   75   27    0   48   75                       -0.02460644515884848407                                                    
op     14   27   48   75   27   14   48   75                       -0.00590426945882536244                                                    
mvp2   23   25   69   72   25   23   69   72                       -0.08232380470560705932    0.43571662406972172521                          
a_ia   23   24                                                     -0.04619787063489818463                                                    
mvp2   23   25   69   74   25   23   69   74                       -0.01127341875704869489    0.23320152428487977980                          
mvp2   19   24   71   73   24   19   71   73                       -0.04956343028741789364   -0.60643131870088951008                          
mvp2   19   24   67   72   24   19   67   72                       -0.04845222035052999809    1.50904957835368258579                          
a_ia   71   73                                                     -0.00136169037970487218                                                    
a_ia   24   25                                                      0.07571668905770524705                                                    
a_ia   67   71                                                     -0.44284624185400933705                                                    
a_ia   19   24                                                     -0.00163207481934651974                                                    
mvp2   19   26   67   74   26   19   67   74                       -0.02039050964619880044   -0.23812112665559731495                          
op      0   29   48   77   29    0   48   77                       -0.00976569651385305812                                                    
om      0   24   48   72   24    0   48   72                       -0.00474649259452616067                                                    
a_ia   67   74                                                     -0.00425144867555079554                                                    
mvp3   21   24   23   25   21   23   25   24   21   23   24   25   -0.02129530667186405393   -0.83067451256949453864   -0.31657555634460865512
a_ia   23   25                                                      0.13745404584850609564                                                    
a_ia   24   25                                                      1.17760962886963604923                                                    
mvp2   19   25   71   73   25   19   71   73                       -0.04411359074385060031   -0.10880262382600158766                          
a_ia   23   24                                                      0.15783362704854297931                                                    
mvp2   19   25   71   72   25   19   71   72                       -0.05357879279027751018    0.60005106310275435622                          
a_ia   67   73                                                     -0.00044628372205481124                                                    
mvp2   23   26   71   74   26   23   71   74                       -0.02876379008488695946   -0.08635073075848299917                          
mvp2   11   41   48   75   41   11   48   75                        0.01776303980595203211    0.55404911142438284521                          
a_ia   11   24                                                     -0.15561898772338070285                                                    
a_ia   11   21                                                      0.19753285156672564793                                                    
a_ia   71   74                                                     -0.00772208581927277815                                                    
a_ia   11   24                                                      0.15275210594484245341                                                    
mvp2    0   41   48   72   41    0   48   72                       -0.00405104127632832569   -0.40490890583823030413                          
a_ia   24   25                                                     -1.00791943349549217857                                                    
a_ia   11   24                                                     -0.00138140277297971875                                                    
mvp2   11   41   48   78   41   11   48   78                        0.00548876079440570406   -0.28289760281353809601                          
mvp3    0   24   11   27    0   11   27   24    0   11   24   27   -0.01072384204337941196   -0.02974852296245240196   -0.67522326620402806086
a_ia   11   24                                                      0.01261574615462471641                                                    
op      0   47   48   95   47    0   48   95                       -0.00833450618371880947                                                    
a_ia    0   34                                                     -0.00057887714147912149                                                    
op      0   37   48   85   37    0   48   85                       -0.00520109449090932954                                                    
mvp2    0   34   48   82   34    0   48   82                       -0.00356125332455070652    0.00047505233452911698                          
mvp2    0   47   48   75   47    0   48   75                        0.00793065104781788370    0.44671472816611518253                          
a_ia    0   47                                                     -0.00034234217210543292                                                    
