op     23   24   71   72   24   23   71   72                       -0.10327856698779687428                                                    
op     23   25   71   73   25   23   71   73                       -0.09779006868067495473                                                    
op      0   27   48   75   27    0   48   75                       -0.01482350345171240362                                                    
op     14   27   48   75   27   14   48   75                       -0.00545478515405673544                                                    
mvp2   23   25   69   72   25   23   69   72                       -0.08143483536825091296    0.43171076053361734370                          
a_ia   23   24                                                      0.03642399775188924493                                                    
mvp2   23   25   69   74   25   23   69   74                       -0.01086455980249095843    0.21419806658481660433                          
mvp2   19   24   71   73   24   19   71   73                       -0.05566172648674333479   -0.66839464929929914838                          
mvp2   19   24   67   72   24   19   67   72                       -0.03260431743510625036    0.81179599315877715160                          
a_ia   71   73                                                     -0.00243269504294924346                                                    
a_ia   24   25                                                      0.03482802169891989486                                                    
a_ia   67   71                                                     -0.39927277637017227763                                                    
a_ia   19   24                                                     -0.01048529745378490308                                                    
mvp2   19   26   67   74   26   19   67   74                       -0.02122484598994176311   -0.04667724477710938347                          
op      0   29   48   77   29    0   48   77                       -0.00991208959249943733                                                    
om      0   24   48   72   24    0   48   72                       -0.00423777166928619720                                                    
a_ia   67   74                                                     -0.00359956475333247233                                                    
mvp3   21   24   23   25   21   23   25   24   21   23   24   25   -0.02371640644689916935   -0.82838227374590778229   -0.23221126665598756933
a_ia   23   25                                                     -0.01483212255107046497                                                    
a_ia   24   25                                                      0.18887281111351211793                                                    
mvp2   19   25   71   73   25   19   71   73                       -0.01905448767793171613   -0.41260623198018919755                          
a_ia   23   24                                                     -0.01758363800234321456                                                    
mvp2   19   25   71   72   25   19   71   72                       -0.01853789637974785978    0.01690152093685829554                          
a_ia   67   73                                                     -0.00201290496979518625                                                    
mvp2   23   26   71   74   26   23   71   74                       -0.02867690030392550105   -0.00000851060647475214                          
mvp2   11   41   48   75   41   11   48   75                        0.01461411907077547929    0.00123947149347400885                          
a_ia   11   24                                                      0.01075283707007978866                                                    
