op     23   24   71   72   24   23   71   72                       -0.10340805922235177250                                                    
op     23   25   71   73   25   23   71   73                       -0.09764975108472358223                                                    
op      0   27   48   75   27    0   48   75                       -0.01480821025885365773                                                    
op     14   27   48   75   27   14   48   75                       -0.00546386655938279828                                                    
mvp2   23   25   69   72   25   23   69   72                       -0.08137950783913160124    0.43158092197336311857                          
a_ia   23   24                                                      0.03652883761402980767                                                    
mvp2   23   25   69   74   25   23   69   74                       -0.01082905032670604568    0.21437843003802042885                          
mvp2   19   24   71   73   24   19   71   73                       -0.05563959650687200220   -0.66847119072522087624                          
mvp2   19   24   67   72   24   19   67   72                       -0.03246478990937450709    0.81159407299258479185                          
a_ia   71   73                                                     -0.00254730974480403939                                                    
a_ia   24   25                                                      0.03486606416460570623                                                    
a_ia   67   71                                                     -0.39919745660810224130                                                    
a_ia   19   24                                                     -0.01051879499482388444                                                    
mvp2   19   26   67   74   26   19   67   74                       -0.02089026386764634979   -0.04659377842967504096                          
op      0   29   48   77   29    0   48   77                       -0.01008721842800518881                                                    
om      0   24   48   72   24    0   48   72                       -0.00412764182852744244                                                    
a_ia   67   74                                                     -0.00348607846222394758                                                    
mvp3   21   24   23   25   21   23   25   24   21   23   24   25   -0.02369351578765887048   -0.82833871232414468810   -0.23215240766142730688
a_ia   23   25                                                     -0.01474627716440131582                                                    
a_ia   24   25                                                      0.18889192392787990116                                                    
mvp2   19   25   71   73   25   19   71   73                       -0.01905847411821347953   -0.41248202879529166642                          
a_ia   23   24                                                     -0.01771465710176839750                                                    
mvp2   19   25   71   72   25   19   71   72                       -0.01853218517323176537    0.01678381238325726832                          
a_ia   67   73                                                     -0.00211094952835201187                                                    
mvp2   23   26   71   74   26   23   71   74                       -0.02826250663998390589   -0.00000790789917847501                          
