op     23   24   71   72   24   23   71   72                       -0.10646189820876034160                                                    
op     23   25   71   73   25   23   71   73                       -0.09491014178592645234                                                    
op      0   27   48   75   27    0   48   75                       -0.02285493543496551136                                                    
op     14   27   48   75   27   14   48   75                       -0.00644687213416426756                                                    
mvp2   23   25   69   72   25   23   69   72                       -0.08140029775049485716    0.39562951243710398064                          
a_ia   23   24                                                     -0.04292702474017847519                                                    
mvp2   23   25   69   74   25   23   69   74                       -0.01165350575339958381    0.20129373951080367644                          
mvp2   19   24   71   73   24   19   71   73                       -0.04990267085457503887   -0.62501079042786866768                          
mvp2   19   24   67   72   24   19   67   72                       -0.04590212462251570119    1.45207583972769027625                          
a_ia   71   73                                                     -0.00264075869494564443                                                    
a_ia   24   25                                                      0.07231852279422300300                                                    
a_ia   67   71                                                     -0.42323561634668077636                                                    
a_ia   19   24                                                     -0.00356432522965208264                                                    
mvp2   19   26   67   74   26   19   67   74                       -0.02043600924444339412   -0.22595638704031661970                          
op      0   29   48   77   29    0   48   77                       -0.00992605355491018096                                                    
om      0   24   48   72   24    0   48   72                       -0.00473346946819350536                                                    
a_ia   67   74                                                     -0.00394221012739680559                                                    
mvp3   21   24   23   25   21   23   25   24   21   23   24   25   -0.02070951052543557741   -0.80020272905048062118   -0.31565150476389347567
a_ia   23   25                                                      0.13251923657075195817                                                    
a_ia   24   25                                                      1.18671984104083039213                                                    
mvp2   19   25   71   73   25   19   71   73                       -0.04165850576946170114   -0.15547126000294739234                          
a_ia   23   24                                                      0.15100165728018119515                                                    
mvp2   19   25   71   72   25   19   71   72                       -0.05215636475069349715    0.49893596781588600564                          
a_ia   67   73                                                     -0.00011401806720632364                                                    
mvp2   23   26   71   74   26   23   71   74                       -0.02866352804992989764   -0.07904274081813870978                          
mvp2   11   41   48   75   41   11   48   75                        0.01618771070952168892    0.62410271807795414389                          
a_ia   11   24                                                     -0.12918214316942222553                                                    
a_ia   11   21                                                      0.24867782005006672241                                                    
a_ia   71   74                                                     -0.00760398784624693840                                                    
a_ia   11   24                                                      0.12678495607944750834                                                    
mvp2    0   41   48   72   41    0   48   72                       -0.00408459530779696749   -0.36703618236836876854                          
a_ia   24   25                                                     -1.00002143081421501769                                                    
a_ia   11   24                                                      0.00311516821990470488                                                    
mvp2   11   41   48   78   41   11   48   78                        0.00543198447172520398   -0.12915090735369735842                          
mvp3    0   24   11   27    0   11   27   24    0   11   24   27   -0.01038720873793731909   -0.02280962205038286270   -0.54328981055053804372
