op     23   24   71   72   24   23   71   72                       -0.10546390483425274742                                                    
op     23   25   71   73   25   23   71   73                       -0.10026215875848860926                                                    
op      0   27   48   75   27    0   48   75                       -0.01579193717605233485                                                    
op     14   27   48   75   27   14   48   75                       -0.00579414585298437552                                                    
mvp2   23   25   69   72   25   23   69   72                       -0.07893267474712421794    0.42945050117628147390                          
a_ia   23   24                                                      0.02094042721161555251                                                    
mvp2   23   25   69   74   25   23   69   74                       -0.01062940984658575921    0.20060357228450834133                          
mvp2   19   24   71   73   24   19   71   73                       -0.05647262574489331916   -0.62102087549322937399                          
mvp2   19   24   67   72   24   19   67   72                       -0.03281309439828071495    0.81802995483124374410                          
a_ia   71   73                                                      0.00274903857566637490                                                    
a_ia   24   25                                                      0.00691907394177584435                                                    
a_ia   67   71                                                     -0.40278026433878333368                                                    
a_ia   19   24                                                     -0.01337299129051590894                                                    
mvp2   19   26   67   74   26   19   67   74                       -0.02139904618574654110   -0.05685160080585444781                          
op      0   29   48   77   29    0   48   77                       -0.01008513919186674289                                                    
om      0   24   48   72   24    0   48   72                       -0.00440136610155966897                                                    
a_ia   67   74                                                     -0.00381215144070573336                                                    
mvp3   21   24   23   25   21   23   25   24   21   23   24   25   -0.02241266334030720189   -0.82107813736238144386   -0.31354871475120432711
a_ia   23   25                                                     -0.01046506261370808676                                                    
a_ia   24   25                                                      0.20813911963037004527                                                    
mvp2   19   25   71   73   25   19   71   73                       -0.02012307233293950809   -0.40488493166904487852                          
a_ia   23   24                                                     -0.00175183838991862790                                                    
mvp2   19   25   71   72   25   19   71   72                       -0.01936625660271828336    0.02466629393269658896                          
a_ia   67   73                                                     -0.00175719301883424557                                                    
mvp2   23   26   71   74   26   23   71   74                       -0.02850400705528942369   -0.00014655681142713639                          
mvp2   11   41   48   75   41   11   48   75                        0.01583756709363761533    0.15086682421739780469                          
a_ia   11   24                                                     -0.11024752189855557827                                                    
a_ia   11   21                                                      0.18929710365924803939                                                    
a_ia   71   74                                                     -0.00788608559309884362                                                    
a_ia   11   24                                                      0.11667235947431203735                                                    
