op     23   24   71   72   24   23   71   72                       -0.10606584780961057779                                                    
op     23   25   71   73   25   23   71   73                       -0.09618568721432160795                                                    
op      0   27   48   75   27    0   48   75                       -0.01806085090139290805                                                    
op     14   27   48   75   27   14   48   75                       -0.00638325085545511563                                                    
mvp2   23   25   69   72   25   23   69   72                       -0.07957052491007049477    0.48229316428419205520                          
a_ia   23   24                                                     -0.04381331328855751078                                                    
mvp2   23   25   69   74   25   23   69   74                       -0.01018339422951170317    0.27313084095800610474                          
mvp2   19   24   71   73   24   19   71   73                       -0.05423706540706449419   -0.49137482546137412065                          
mvp2   19   24   67   72   24   19   67   72                       -0.04066237055026957620    1.36823363421661836625                          
a_ia   71   73                                                      0.00091063905034502999                                                    
a_ia   24   25                                                      0.05237494879542568815                                                    
a_ia   67   71                                                     -0.40405224189958516279                                                    
a_ia   19   24                                                     -0.00637345960863061438                                                    
mvp2   19   26   67   74   26   19   67   74                       -0.02047066534229523629   -0.20341076497812196622                          
op      0   29   48   77   29    0   48   77                       -0.00992771896762441146                                                    
om      0   24   48   72   24    0   48   72                       -0.00445379056760361516                                                    
a_ia   67   74                                                     -0.00370375088152022011                                                    
mvp3   21   24   23   25   21   23   25   24   21   23   24   25   -0.02266128545106224634   -0.86976184580196869156   -0.33335350334817354101
a_ia   23   25                                                      0.09418922739649836229                                                    
a_ia   24   25                                                      1.06499228199657425264                                                    
mvp2   19   25   71   73   25   19   71   73                       -0.03748986919976638604   -0.21819429574113255454                          
a_ia   23   24                                                      0.11869963324663884707                                                    
mvp2   19   25   71   72   25   19   71   72                       -0.04876954546248817718    0.44804894508876041970                          
a_ia   67   73                                                     -0.00170242871623582388                                                    
mvp2   23   26   71   74   26   23   71   74                       -0.02843547436994857056   -0.04674201045858551035                          
mvp2   11   41   48   75   41   11   48   75                        0.01580378495067152542    0.53927688664457440471                          
a_ia   11   24                                                     -0.15526573656684150571                                                    
a_ia   11   21                                                      0.22504866363426498377                                                    
a_ia   71   74                                                     -0.00826027540931649658                                                    
a_ia   11   24                                                      0.15180958290563636992                                                    
mvp2    0   41   48   72   41    0   48   72                       -0.00402172998548437979   -0.32509612646390273483                          
a_ia   24   25                                                     -0.91383620288263078812                                                    
a_ia   11   24                                                      0.00924578855483725037                                                    
mvp2   11   41   48   78   41   11   48   78                        0.00554869687500469163   -0.00004132533231094179                          
