op     23   24   71   72   24   23   71   72                       -0.10453934563860969864                                                    
op     23   25   71   73   25   23   71   73                       -0.09868939913828599086                                                    
op      0   27   48   75   27    0   48   75                       -0.01459232967460285038                                                    
op     14   27   48   75   27   14   48   75                       -0.00563183983023308066                                                    
mvp2   23   25   69   72   25   23   69   72                       -0.08091658350468490524    0.42927513406431844212                          
a_ia   23   24                                                      0.02416666676780186360                                                    
mvp2   23   25   69   74   25   23   69   74                       -0.01027039114547142508    0.23091261303402349503                          
mvp2   19   24   71   73   24   19   71   73                       -0.05505853772404929736   -0.67310144958634832157                          
mvp2   19   24   67   72   24   19   67   72                       -0.03323433290432051268    0.80366711047202610274                          
a_ia   71   73                                                     -0.00344553432066760151                                                    
a_ia   24   25                                                      0.02294468694810500656                                                    
a_ia   67   71                                                     -0.36636432484053932379                                                    
a_ia   19   24                                                     -0.01080938650225506462                                                    
mvp2   19   26   67   74   26   19   67   74                       -0.02251702778321696199   -0.04373778815355399557                          
op      0   29   48   77   29    0   48   77                       -0.01002479448932755250                                                    
om      0   24   48   72   24    0   48   72                       -0.00405309855690386047                                                    
a_ia   67   74                                                     -0.00498425979783510657                                                    
mvp3   21   24   23   25   21   23   25   24   21   23   24   25   -0.02360022901769508880   -0.83649727115358385454   -0.22431648274208254579
a_ia   23   25                                                     -0.01120060895624653066                                                    
a_ia   24   25                                                      0.17387936691813621337                                                    
mvp2   19   25   71   73   25   19   71   73                       -0.02008391038146545293   -0.40354271741824637720                          
a_ia   23   24                                                     -0.00318073011355502833                                                    
mvp2   19   25   71   72   25   19   71   72                       -0.01860231723393114198    0.00179043597014860809                          
