op     23   24   71   72   24   23   71   72                       -0.10497163333825054732                                                    
op     23   25   71   73   25   23   71   73                       -0.09536182237745179091                                                    
op      0   27   48   75   27    0   48   75                       -0.02330326723127741639                                                    
op     14   27   48   75   27   14   48   75                       -0.00639663584475692361                                                    
mvp2   23   25   69   72   25   23   69   72                       -0.08206531836722530393    0.44191996922958703964                          
a_ia   23   24                                                     -0.04292848868370132548                                                    
mvp2   23   25   69   74   25   23   69   74                       -0.01111113563272860504    0.24025599599183250499                          
mvp2   19   24   71   73   24   19   71   73                       -0.05042189364908123556   -0.58333546084960319345                          
mvp2   19   24   67   72   24   19   67   72                       -0.04769984555184354769    1.46061487790725719194                          
a_ia   71   73                                                     -0.00223075306284934577                                                    
a_ia   24   25                                                      0.07636158083399970098                                                    
a_ia   67   71                                                     -0.45028055647989823074                                                    
a_ia   19   24                                                     -0.00254769975355190236                                                    
mvp2   19   26   67   74   26   19   67   74                       -0.02057565453365554214   -0.22845317612651777628                          
op      0   29   48   77   29    0   48   77                       -0.00988186771673700212                                                    
om      0   24   48   72   24    0   48   72                       -0.00469936378195549669                                                    
a_ia   67   74                                                     -0.00432108426945291852                                                    
mvp3   21   24   23   25   21   23   25   24   21   23   24   25   -0.02155776443613412197   -0.83984874219383243155   -0.32718414657987632266
a_ia   23   25                                                      0.13406084276927685006                                                    
a_ia   24   25                                                      1.18357800066260776539                                                    
mvp2   19   25   71   73   25   19   71   73                       -0.04186159304427396199   -0.13593563824757895486                          
a_ia   23   24                                                      0.15371733195419054474                                                    
mvp2   19   25   71   72   25   19   71   72                       -0.05354446603639519131    0.54148679290382084606                          
a_ia   67   73                                                     -0.00017938849328629972                                                    
mvp2   23   26   71   74   26   23   71   74                       -0.02872035932838946232   -0.08073210823324898644                          
mvp2   11   41   48   75   41   11   48   75                        0.01588930998578989492    0.59943781277795671336                          
a_ia   11   24                                                     -0.13776163387674758565                                                    
a_ia   11   21                                                      0.19690495937536217630                                                    
a_ia   71   74                                                     -0.00767711302073595565                                                    
a_ia   11   24                                                      0.13492634738447834009                                                    
mvp2    0   41   48   72   41    0   48   72                       -0.00404754777532689673   -0.37903292229028595628                          
a_ia   24   25                                                     -1.00055598191564731891                                                    
a_ia   11   24                                                     -0.00270595135390561126                                                    
mvp2   11   41   48   78   41   11   48   78                        0.00545516501233224947   -0.17580604178964626128                          
mvp3    0   24   11   27    0   11   27   24    0   11   24   27   -0.01056499900512769714   -0.02500357651060180000   -0.58263310024148040611
a_ia   11   24                                                      0.01328375203763722430                                                    
op      0   47   48   95   47    0   48   95                       -0.00831327431382252249                                                    
