op     23   24   71   72   24   23   71   72                       -0.10391747014890026501                                                    
op     23   25   71   73   25   23   71   73                       -0.07662488557907140563                                                    
op      0   27   48   75   27    0   48   75                       -0.01483804551961701891                                                    
op     14   27   48   75   27   14   48   75                       -0.00551088721628765696                                                    
mvp2   23   25   69   72   25   23   69   72                       -0.05716038715299509576    0.57289845447000908862                          
a_ia   23   24                                                      0.01937883039093125231                                                    
mvp2   23   25   69   74   25   23   69   74                       -0.01168984228449287954    0.33977186822458355087                          
mvp2   19   24   71   73   24   19   71   73                       -0.05772182201220645015   -0.76847330296611682243                          
mvp2   19   24   67   72   24   19   67   72                       -0.03515954448892856521    0.76558549056575886382                          
a_ia   71   73                                                     -0.01621944669271549108                                                    
a_ia   24   25                                                      0.37747738823040144496                                                    
a_ia   67   71                                                     -0.41965720837374209662                                                    
a_ia   19   24                                                     -0.00737510441186792903                                                    
