op     23   24   71   72   24   23   71   72                       -0.10435390090793900120                                                    
op     23   25   71   73   25   23   71   73                       -0.09577673544245852988                                                    
op      0   27   48   75   27    0   48   75                       -0.02478743453580762798                                                    
op     14   27   48   75   27   14   48   75                       -0.00594623588774158274                                                    
mvp2   23   25   69   72   25   23   69   72                       -0.08331767276282452117    0.44213760177701494358                          
a_ia   23   24                                                     -0.04624170034916560285                                                    
mvp2   23   25   69   74   25   23   69   74                       -0.01142053744410693322    0.23170406833706505556                          
mvp2   19   24   71   73   24   19   71   73                       -0.04914121781190138732   -0.61162290703165878014                          
mvp2   19   24   67   72   24   19   67   72                       -0.04903922156110875757    1.51692379353665529607                          
a_ia   71   73                                                     -0.00167650152189828018                                                    
a_ia   24   25                                                      0.07936057735149833203                                                    
a_ia   67   71                                                     -0.44318019108266654138                                                    
a_ia   19   24                                                     -0.00161017381613375791                                                    
mvp2   19   26   67   74   26   19   67   74                       -0.02040294666756157713   -0.26613290875488720966                          
op      0   29   48   77   29    0   48   77                       -0.00971844925480325715                                                    
om      0   24   48   72   24    0   48   72                       -0.00478355342445598280                                                    
a_ia   67   74                                                     -0.00429186800813290744                                                    
mvp3   21   24   23   25   21   23   25   24   21   23   24   25   -0.02115034659428666891   -0.82810319762815187694   -0.31726237267242379803
a_ia   23   25                                                      0.13810015220097293653                                                    
a_ia   24   25                                                      1.17698413167440341098                                                    
mvp2   19   25   71   73   25   19   71   73                       -0.04443275987364940505   -0.09867346262979646843                          
a_ia   23   24                                                      0.15819658950621662274                                                    
mvp2   19   25   71   72   25   19   71   72                       -0.05381877231553672952    0.60237852416428883107                          
a_ia   67   73                                                     -0.00025749035444515300                                                    
mvp2   23   26   71   74   26   23   71   74                       -0.02876893112636600205   -0.08639082635735612081                          
mvp2   11   41   48   75   41   11   48   75                        0.01779610663607386969    0.55006432600560895008                          
a_ia   11   24                                                     -0.15614972741120203281                                                    
a_ia   11   21                                                      0.19495157763281681373                                                    
a_ia   71   74                                                     -0.00773485680235074923                                                    
a_ia   11   24                                                      0.15320724005277142066                                                    
mvp2    0   41   48   72   41    0   48   72                       -0.00407261542705193800   -0.40587166110770672711                          
a_ia   24   25                                                     -1.00873515964693649671                                                    
a_ia   11   24                                                     -0.00135065910505925962                                                    
mvp2   11   41   48   78   41   11   48   78                        0.00547397788486048663   -0.28819361881244320855                          
mvp3    0   24   11   27    0   11   27   24    0   11   24   27   -0.01072054622669356590   -0.02997383375298091901   -0.67947589318308898587
a_ia   11   24                                                      0.01263958182889087303                                                    
op      0   47   48   95   47    0   48   95                       -0.00832326737847620922                                                    
a_ia    0   34                                                     -0.00063409158239820631                                                    
op      0   37   48   85   37    0   48   85                       -0.00521578861464255632                                                    
mvp2    0   34   48   82   34    0   48   82                       -0.00357203994303872518    0.00050834813210650569                          
mvp2    0   47   48   75   47    0   48   75                        0.00785004072469917998    0.44511908625675256079                          
a_ia    0   47                                                     -0.00035322313751582376                                                    
mvp2    0   47   48   80   47    0   48   80                       -0.00223992153879574128    0.00391805218340416685                          
a_ia   68   69                                                     -0.13645820201028649454                                                    
