Energy (SCF): -271.774318044

--------------------------------------------------------------------------------
CEO-ADAPT-VQE iteration: 1
--------------------------------------------------------------------------------
    gate        derivative      name       op1       op2       op3        g_unscaled   penalty
  113073        0.00380707        op      1608      1609                  0.12563315        33
  113074        0.00380707        om      1608      1609                  0.12563315        33
  113075        0.00281906        op      1610      1611                  0.11558127        41
  113076        0.00281906        om      1610      1611                  0.11558127        41
    1608        0.00256394    a_iajb      1608                            0.12563315        49
    1610        0.00202774    a_iajb      1610                            0.11558127        57
  112971        0.00194333        op      1506      1507                  0.09522336        49
  112972        0.00194333        om      1506      1507                  0.09522336        49
    1506        0.00146497    a_iajb      1506                            0.09522336        65
  112973        0.00129710        op      1508      1509                  0.07393486        57

  ==> Add operator: op -1: 1608 1609
  ==> Current qubit order: 0  1  2  3  4  5  6  7  8  9  10  11  12  13  14  15  16  17  18  19  20  21  22  23  24  25  26  27  28  29  30  31  32  33  34  35  36  37  38  39  40  41  42  43  44  45  48  49  46  47  50  51  52  53  54  55  56  57  58  59  60  61  62  63  64  65  66  67  68  69  70  71  72  73  74  75  76  77  78  79  80  81  82  83  84  85  86  87  88  89  90  91  92  93  94  95  


  ==> Energy                -271.781887461
  ==> dE                       -7.57e-03
  ==> Gradient Norm             8.85e-01
  ==> Abs. Max. Deriv.          1.29e-01
  ==> Time-Grad. (s)             111.517
  ==> Time-Energy (s)              7.894
  ==> Time-Iter. (s)             119.500

--------------------------------------------------------------------------------
CEO-ADAPT-VQE iteration: 2
--------------------------------------------------------------------------------
    gate        derivative      name       op1       op2       op3        g_unscaled   penalty
  245377        0.00246587        op    102131    102132                  0.10110049        41
  245378        0.00246587        om    102131    102132                  0.10110049        41
  241099        0.00206261        op     98840     98841                  0.08456697        41
  241100        0.00206261        om     98840     98841                  0.08456697        41
  102131        0.00177369    a_iajb    102131                            0.10110049        57
   98840        0.00148363    a_iajb     98840                            0.08456697        57
  241101        0.00129710        op     98842     98843                  0.07393486        57
  241102        0.00129710        om     98842     98843                  0.07393486        57
   98842        0.00101281    a_iajb     98842                            0.07393486        73
  243443        0.00093797        op    100656    100657                  0.03095312        33

  ==> Add operator: op -1: 102131 102132
  ==> Current qubit order: 0  1  2  3  4  5  6  7  8  9  10  11  12  13  14  15  16  17  18  19  20  21  22  23  24  25  26  27  28  29  30  31  32  33  34  35  36  37  38  39  40  41  42  43  48  49  46  44  45  50  51  47  52  53  54  55  56  57  58  59  60  61  62  63  64  65  66  67  68  69  70  71  72  73  74  75  76  77  78  79  80  81  82  83  84  85  86  87  88  89  90  91  92  93  94  95  


  ==> Energy                -271.785358511
  ==> dE                       -3.47e-03
  ==> Gradient Norm             8.46e-01
  ==> Abs. Max. Deriv.          1.29e-01
  ==> Time-Grad. (s)             116.989
  ==> Time-Energy (s)              8.069
  ==> Time-Iter. (s)             126.109

--------------------------------------------------------------------------------
CEO-ADAPT-VQE iteration: 3
--------------------------------------------------------------------------------
    gate        derivative      name       op1       op2       op3        g_unscaled   penalty
  111914        0.00041861        op       308       309                  0.09418618       225
  111915        0.00041861        om       308       309                  0.09418618       225
     308        0.00039081    a_iajb       308                            0.09418618       241
  234176        0.00029059        op     92978     92979                  0.02818767        97
  234177        0.00029059        om     92978     92979                  0.02818767        97
  111930        0.00028877        op       324       325                  0.06959433       241
  111931        0.00028877        om       324       325                  0.06959433       241
  111996        0.00028419        op       390       391                  0.11168529       393
  111997        0.00028419        om       390       391                  0.11168529       393
  203892        0.00027713        op     70002     70003                  0.05348628       193

  ==> Add operator: op -1: 308 309
  ==> Current qubit order: 2  3  4  5  6  7  8  9  10  11  12  13  14  15  16  17  18  19  20  21  22  23  24  25  0  1  52  53  26  27  28  29  30  31  32  33  34  35  36  37  38  39  40  41  42  43  48  49  46  44  45  50  51  47  54  55  56  57  58  59  60  61  62  63  64  65  66  67  68  69  70  71  72  73  74  75  76  77  78  79  80  81  82  83  84  85  86  87  88  89  90  91  92  93  94  95  


  ==> Energy                -271.786053107
  ==> dE                       -6.95e-04
  ==> Gradient Norm             6.40e-01
  ==> Abs. Max. Deriv.          1.12e-01
  ==> Time-Grad. (s)             110.447
  ==> Time-Energy (s)              8.406
  ==> Time-Iter. (s)             119.890

--------------------------------------------------------------------------------
CEO-ADAPT-VQE iteration: 4
--------------------------------------------------------------------------------
    gate        derivative      name       op1       op2       op3        g_unscaled   penalty
      96       -0.00090752      a_ia        96                           -0.00544512         6
  244348        0.00047633        op    100828    100829                  0.04048795        85
  244349        0.00047633        op    100828    100829                  0.04048795        85
  244352        0.00047633        op    100828    100830                  0.04048795        85
  244353        0.00047633        op    100828    100830                  0.04048795        85
  111926        0.00046930        op       398       399                  0.06804885       145
  111927        0.00046930        om       398       399                  0.06804885       145
     398        0.00042266    a_iajb       398                            0.06804885       161
  100828        0.00040087    a_iajb    100828                            0.04048795       101
  112006        0.00037276        op       478       479                  0.11071057       297

  ==> Add operator: a_ia 96
  ==> Current qubit order: 2  3  4  5  6  7  8  9  10  11  12  13  14  15  16  17  18  19  20  21  22  23  24  25  0  1  52  53  26  27  28  29  30  31  32  33  34  35  36  37  38  39  40  41  42  43  48  46  44  49  45  50  51  47  54  55  56  57  58  59  60  61  62  63  64  65  66  67  68  69  70  71  72  73  74  75  76  77  78  79  80  81  82  83  84  85  86  87  88  89  90  91  92  93  94  95  


  ==> Energy                -271.786081476
  ==> dE                       -2.84e-05
  ==> Gradient Norm             6.28e-01
  ==> Abs. Max. Deriv.          1.11e-01
  ==> Time-Grad. (s)             114.589
  ==> Time-Energy (s)             17.078
  ==> Time-Iter. (s)             132.712

--------------------------------------------------------------------------------
CEO-ADAPT-VQE iteration: 5
--------------------------------------------------------------------------------
    gate        derivative      name       op1       op2       op3        g_unscaled   penalty
     120        0.00167102      a_ia       120                            0.01002609         6
  250808        0.00114794        op    106395    106396                  0.03788218        33
  250809        0.00114794        op    106395    106396                  0.03788218        33
  250812        0.00109844        op    106395    106397                  0.03624839        33
  250813        0.00109844        op    106395    106397                  0.03624839        33
  106395        0.00070249    a_iajb    106395                            0.03442192        49
  111708        0.00046928        op       493       494                  0.06804629       145
  111709        0.00046928        om       493       494                  0.06804629       145
     493        0.00042265    a_iajb       493                            0.06804629       161
  111810        0.00037276        op       595       596                  0.11070893       297

  ==> Add operator: a_ia 120
  ==> Current qubit order: 2  3  4  5  6  7  8  9  10  11  12  13  14  15  16  17  18  19  20  21  22  23  24  25  0  1  52  53  26  27  28  29  30  31  32  33  34  35  36  37  38  39  40  41  42  43  48  46  49  45  44  50  51  47  54  55  56  57  58  59  60  61  62  63  64  65  66  67  68  69  70  71  72  73  74  75  76  77  78  79  80  81  82  83  84  85  86  87  88  89  90  91  92  93  94  95  


  ==> Energy                -271.786152394
  ==> dE                       -7.09e-05
  ==> Gradient Norm             6.40e-01
  ==> Abs. Max. Deriv.          1.11e-01
  ==> Time-Grad. (s)             110.598
  ==> Time-Energy (s)              8.564
  ==> Time-Iter. (s)             120.169

--------------------------------------------------------------------------------
CEO-ADAPT-VQE iteration: 6
--------------------------------------------------------------------------------
    gate        derivative      name       op1       op2       op3        g_unscaled   penalty
  111824        0.00046926        op       580       581                  0.06804308       145
  111825        0.00046926        om       580       581                  0.06804308       145
  243978        0.00042842        op    100970    100971                  0.04498441       105
  243979        0.00042842        om    100970    100971                  0.04498441       105
     580        0.00042263    a_iajb       580                            0.06804308       161
  111936        0.00037275        op       692       693                  0.11070688       297
  111937        0.00037275        om       692       693                  0.11070688       297
  134400        0.00037212        op     17705     17706                  0.04800377       129
  100970        0.00037177    a_iajb    100970                            0.04498441       121
  134401        0.00036572        om     17705     17706                  0.04717789       129

  ==> Add operator: op -1: 580 581
  ==> Current qubit order: 2  3  4  5  6  7  8  9  10  11  12  13  14  15  16  17  18  19  20  21  22  23  24  25  52  53  26  27  28  29  30  31  32  33  34  35  36  37  0  1  56  57  38  39  40  41  42  43  48  46  49  45  44  50  51  47  54  55  58  59  60  61  62  63  64  65  66  67  68  69  70  71  72  73  74  75  76  77  78  79  80  81  82  83  84  85  86  87  88  89  90  91  92  93  94  95  


  ==> Energy                -271.786509012
  ==> dE                       -3.57e-04
  ==> Gradient Norm             6.37e-01
  ==> Abs. Max. Deriv.          1.11e-01
  ==> Time-Grad. (s)             116.094
  ==> Time-Energy (s)             14.712
  ==> Time-Iter. (s)             131.842

--------------------------------------------------------------------------------
CEO-ADAPT-VQE iteration: 7
--------------------------------------------------------------------------------
    gate        derivative      name       op1       op2       op3        g_unscaled   penalty
  111928        0.00047666        op       601       602                  0.02812314        59
  111929        0.00047666        om       601       602                  0.02812314        59
  112102        0.00045764        op       775       776                  0.11029109       241
  112103        0.00045764        om       775       776                  0.11029109       241
  111954       -0.00044736        op       627       628                 -0.05770938       129
  111955       -0.00044736        om       627       628                 -0.05770938       129
  138406        0.00044514        op     20668     20669                  0.04851977       109
  138407        0.00043761        om     20668     20669                  0.04769978       109
     775        0.00042915    a_iajb       775                            0.11029109       257
  143836       -0.00041152        op     24709     24710                 -0.03497886        85

  ==> Add operator: op -1: 601 602
  ==> Current qubit order: 2  3  4  5  6  7  8  9  10  11  12  13  14  15  16  17  18  19  20  21  22  23  24  25  52  53  26  27  28  29  30  31  32  33  34  35  36  37  56  57  38  39  40  0  1  48  49  41  42  43  46  45  44  50  51  47  54  55  58  59  60  61  62  63  64  65  66  67  68  69  70  71  72  73  74  75  76  77  78  79  80  81  82  83  84  85  86  87  88  89  90  91  92  93  94  95  


  ==> Energy                -271.786578482
  ==> dE                       -6.95e-05
  ==> Gradient Norm             6.53e-01
  ==> Abs. Max. Deriv.          1.10e-01
  ==> Time-Grad. (s)             103.354
  ==> Time-Energy (s)              8.752
  ==> Time-Iter. (s)             113.143

--------------------------------------------------------------------------------
CEO-ADAPT-VQE iteration: 8
--------------------------------------------------------------------------------
    gate        derivative      name       op1       op2       op3        g_unscaled   penalty
  249909        0.00231769        op    105169    105170                  0.08575451        37
  249910        0.00231769        om    105169    105170                  0.08575451        37
  105169        0.00161801    a_iajb    105169                            0.08575451        53
  251101        0.00077509        op    106088    106089                  0.03797940        49
  251102        0.00077509        op    106088    106089                  0.03797940        49
  251105        0.00074247        op    106088    106090                  0.03638083        49
  251106        0.00074247        op    106088    106090                  0.03638083        49
  106088        0.00053213    a_iajb    106088                            0.03458875        65
  112129        0.00049867        op       863       864                  0.11020526       221
  112130        0.00049867        om       863       864                  0.11020526       221

  ==> Add operator: op -1: 105169 105170
  ==> Current qubit order: 2  3  4  5  6  7  8  9  10  11  12  13  14  15  16  17  18  19  20  21  22  23  24  25  52  53  26  27  28  29  30  31  32  33  34  35  36  37  56  57  38  39  0  1  40  48  49  41  42  43  46  45  44  50  51  47  54  55  58  59  60  61  62  63  64  65  66  67  68  69  70  71  72  73  74  75  76  77  78  79  80  81  82  83  84  85  86  87  88  89  90  91  92  93  94  95  


  ==> Energy                -271.789001042
  ==> dE                       -2.42e-03
  ==> Gradient Norm             6.54e-01
  ==> Abs. Max. Deriv.          1.10e-01
  ==> Time-Grad. (s)             114.693
  ==> Time-Energy (s)             14.993
  ==> Time-Iter. (s)             130.712

--------------------------------------------------------------------------------
CEO-ADAPT-VQE iteration: 9
--------------------------------------------------------------------------------
    gate        derivative      name       op1       op2       op3        g_unscaled   penalty
  111987        0.00048988        op       953       954                  0.11022314       225
  111988        0.00048988        om       953       954                  0.11022314       225
  111809       -0.00047657        op       775       776                 -0.05766549       121
  111810       -0.00047657        om       775       776                 -0.05766549       121
     953        0.00045736    a_iajb       953                            0.11022314       241
     775       -0.00042092    a_iajb       775                           -0.05766549       137
  111927        0.00041228        op       893       894                  0.05318375       129
  111928        0.00041228        om       893       894                  0.05318375       129
  145461        0.00038811        op     26273     26274                  0.04851411       125
  111813       -0.00038809        op       779       780                 -0.07490058       193

  ==> Add operator: op -1: 953 954
  ==> Current qubit order: 2  3  4  5  6  7  8  9  10  11  12  13  14  15  16  17  18  19  20  21  22  23  24  25  52  53  26  27  28  29  30  31  32  33  34  35  36  37  56  57  38  39  40  48  49  41  42  43  46  45  44  50  51  47  54  55  58  59  60  61  62  63  64  65  66  67  0  1  94  95  68  69  70  71  72  73  74  75  76  77  78  79  80  81  82  83  84  85  86  87  88  89  90  91  92  93  


  ==> Energy                -271.789471119
  ==> dE                       -4.70e-04
  ==> Gradient Norm             6.58e-01
  ==> Abs. Max. Deriv.          1.10e-01
  ==> Time-Grad. (s)             105.396
  ==> Time-Energy (s)              9.017
  ==> Time-Iter. (s)             115.481

--------------------------------------------------------------------------------
CEO-ADAPT-VQE iteration: 10
--------------------------------------------------------------------------------
    gate        derivative      name       op1       op2       op3        g_unscaled   penalty
  250140        0.00238212        op    105622    105623                  0.05955289        25
  250141        0.00238212        om    105622    105623                  0.05955289        25
  105622        0.00145251    a_iajb    105622                            0.05955289        41
  112046        0.00129075        op       996       997                  0.05292084        41
  112047        0.00129075        om       996       997                  0.05292084        41
  112024        0.00099621        op       974       975                  0.02490513        25
  112025        0.00099621        om       974       975                  0.02490513        25
     996        0.00092844    a_iajb       996                            0.05292084        57
  112012        0.00077741        op       962       963                  0.02565465        33
  112013        0.00077741        om       962       963                  0.02565465        33

  ==> Add operator: op -1: 105622 105623
  ==> Current qubit order: 2  3  4  5  6  7  8  9  10  11  12  13  14  15  16  17  18  19  20  21  22  23  24  25  52  53  26  27  28  29  30  31  32  33  34  35  36  37  56  57  38  39  40  48  49  41  42  43  46  45  44  50  51  47  54  55  58  59  60  61  62  63  64  65  66  67  0  1  94  95  68  69  70  71  72  73  74  75  76  77  78  79  80  81  82  83  84  85  86  87  88  89  90  91  92  93  


  ==> Energy                -271.790538323
  ==> dE                       -1.07e-03
  ==> Gradient Norm             6.71e-01
  ==> Abs. Max. Deriv.          9.87e-02
  ==> Time-Grad. (s)             115.591
  ==> Time-Energy (s)             24.267
  ==> Time-Iter. (s)             140.904

--------------------------------------------------------------------------------
CEO-ADAPT-VQE iteration: 11
--------------------------------------------------------------------------------
    gate        derivative      name       op1       op2       op3        g_unscaled   penalty
  112128        0.00129046        op      1101      1102                  0.05290869        41
  112129        0.00129046        om      1101      1102                  0.05290869        41
  112104        0.00099591        op      1077      1078                  0.02489779        25
  112105        0.00099591        om      1077      1078                  0.02489779        25
    1101        0.00092822    a_iajb      1101                            0.05290869        57
  112088        0.00077722        op      1061      1062                  0.02564815        33
  112089        0.00077722        om      1061      1062                  0.02564815        33
  112096       -0.00070563        op      1069      1070                 -0.02893085        41
  112097       -0.00070563        om      1069      1070                 -0.02893085        41
    1077        0.00060726    a_iajb      1077                            0.02489779        41

  ==> Add operator: op -1: 1101 1102
  ==> Current qubit order: 2  3  4  5  6  7  8  9  10  11  12  13  14  15  16  17  18  19  20  21  22  23  24  25  52  53  26  27  28  29  30  31  32  33  34  35  36  37  56  57  38  39  40  48  49  41  42  43  46  45  44  50  51  47  54  55  58  59  60  61  62  63  64  65  66  67  94  95  68  0  1  70  71  69  72  73  74  75  76  77  78  79  80  81  82  83  84  85  86  87  88  89  90  91  92  93  


  ==> Energy                -271.790705472
  ==> dE                       -1.67e-04
  ==> Gradient Norm             6.51e-01
  ==> Abs. Max. Deriv.          9.87e-02
  ==> Time-Grad. (s)             112.590
  ==> Time-Energy (s)              9.055
  ==> Time-Iter. (s)             122.679

--------------------------------------------------------------------------------
CEO-ADAPT-VQE iteration: 12
--------------------------------------------------------------------------------
    gate        derivative      name       op1       op2       op3        g_unscaled   penalty
  112052       -0.00070526        op      1147      1148                 -0.02891555        41
  112053       -0.00070526        om      1147      1148                 -0.02891555        41
  112060        0.00066437        op      1155      1156                  0.02458170        37
  112061        0.00066437        om      1155      1156                  0.02458170        37
  112140        0.00060645        op      1235      1236                  0.05154822        85
  112141        0.00060645        om      1235      1236                  0.05154822        85
  112044        0.00056533        op      1139      1140                  0.02543969        45
  112045        0.00056533        om      1139      1140                  0.02543969        45
  111944       -0.00051155        op      1039      1040                 -0.07622055       149
  111945       -0.00051155        om      1039      1040                 -0.07622055       149

  ==> Add operator: op -1: 1147 1148
  ==> Current qubit order: 2  3  4  5  6  7  8  9  10  11  12  13  14  15  16  17  18  19  20  21  22  23  24  25  52  53  26  27  28  29  30  31  32  33  34  35  36  37  56  57  38  39  40  48  49  41  42  43  46  45  44  50  51  47  54  55  58  59  60  61  62  63  65  66  67  64  95  0  1  94  68  70  71  69  72  73  74  75  76  77  78  79  80  81  82  83  84  85  86  87  88  89  90  91  92  93  


  ==> Energy                -271.790746112
  ==> dE                       -4.06e-05
  ==> Gradient Norm             6.59e-01
  ==> Abs. Max. Deriv.          9.87e-02
  ==> Time-Grad. (s)             119.315
  ==> Time-Energy (s)              9.124
  ==> Time-Iter. (s)             129.432

--------------------------------------------------------------------------------
CEO-ADAPT-VQE iteration: 13
--------------------------------------------------------------------------------
    gate        derivative      name       op1       op2       op3        g_unscaled   penalty
  112133        0.00074532        op      1228      1229                  0.02459544        33
  112134        0.00074532        om      1228      1229                  0.02459544        33
  112115        0.00069989        op      1210      1211                  0.02589607        37
  112116        0.00069989        om      1210      1211                  0.02589607        37
  112223        0.00055364        op      1318      1319                  0.05148892        93
  112224        0.00055364        om      1318      1319                  0.05148892        93
  231024        0.00054402        om     91303     91304                  0.05929841       109
  130954        0.00052235        om     15440     15441                  0.09872370       189
  231023        0.00051928        op     91303     91304                  0.05660137       109
  130953        0.00051673        op     15440     15441                  0.09766223       189

  ==> Add operator: op -1: 1228 1229
  ==> Current qubit order: 2  3  4  5  6  7  8  9  10  11  12  13  14  15  16  17  18  19  20  21  22  23  24  25  52  53  26  27  28  29  30  31  32  33  34  35  36  37  56  57  38  39  40  48  49  41  42  43  46  45  44  50  51  47  54  55  58  59  60  61  62  63  65  64  66  67  0  1  95  94  68  70  71  69  72  73  74  75  76  77  78  79  80  81  82  83  84  85  86  87  88  89  90  91  92  93  


  ==> Energy                -271.790782824
  ==> dE                       -3.67e-05
  ==> Gradient Norm             6.66e-01
  ==> Abs. Max. Deriv.          9.87e-02
  ==> Time-Grad. (s)             108.497
  ==> Time-Energy (s)              9.034
  ==> Time-Iter. (s)             118.557

--------------------------------------------------------------------------------
CEO-ADAPT-VQE iteration: 14
--------------------------------------------------------------------------------
    gate        derivative      name       op1       op2       op3        g_unscaled   penalty
  112189        0.00069606        op      1301      1302                  0.02575428        37
  112190        0.00069606        om      1301      1302                  0.02575428        37
  112299        0.00053041        op      1411      1412                  0.05144956        97
  112300        0.00053041        om      1411      1412                  0.05144956        97
  132404        0.00052795        om     16556     16557                  0.09872593       187
  132403        0.00052225        op     16556     16557                  0.09765990       187
  112211       -0.00049264        op      1323      1324                 -0.02118337        43
  112212       -0.00049264        om      1323      1324                 -0.02118337        43
  112077       -0.00049221        op      1189      1190                 -0.07629251       155
  112078       -0.00049221        om      1189      1190                 -0.07629251       155

  ==> Add operator: op -1: 1301 1302
  ==> Current qubit order: 2  3  4  5  6  7  8  9  10  11  12  13  14  15  16  17  18  19  20  21  22  23  24  25  52  53  26  27  28  29  30  31  32  33  34  35  36  37  56  57  38  39  40  48  49  41  42  43  46  45  44  50  51  47  54  55  58  59  60  61  62  63  65  64  0  1  66  67  95  94  68  70  71  69  72  73  74  75  76  77  78  79  80  81  82  83  84  85  86  87  88  89  90  91  92  93  


  ==> Energy                -271.790823847
  ==> dE                       -4.10e-05
  ==> Gradient Norm             6.81e-01
  ==> Abs. Max. Deriv.          9.87e-02
  ==> Time-Grad. (s)             115.916
  ==> Time-Energy (s)              9.231
  ==> Time-Iter. (s)             126.175

--------------------------------------------------------------------------------
CEO-ADAPT-VQE iteration: 15
--------------------------------------------------------------------------------
    gate        derivative      name       op1       op2       op3        g_unscaled   penalty
  133446        0.00055153        om     17545     17546                  0.09872299       179
  133445        0.00054559        op     17545     17546                  0.09766021       179
  112021        0.00052079        op      1353      1354                  0.02135251        41
  112022        0.00052079        om      1353      1354                  0.02135251        41
  111939       -0.00050499        op      1271      1272                 -0.07625298       151
  111940       -0.00050499        om      1271      1272                 -0.07625298       151
   17545        0.00050355    a_iajb     17545                            0.09819160       195
  112077       -0.00049150        op      1409      1410                 -0.02113452        43
  112078       -0.00049150        om      1409      1410                 -0.02113452        43
  112165        0.00048974        op      1497      1498                  0.05142322       105

  ==> Add operator: mvp2 -1: 17545 17546
  ==> Current qubit order: 2  3  4  5  6  7  8  9  10  11  12  13  14  15  16  17  18  19  20  22  23  24  25  52  53  26  27  28  29  30  31  32  33  34  35  36  37  56  57  38  39  40  48  49  41  42  43  46  45  44  50  51  47  54  55  58  59  60  61  21  0  94  85  62  63  65  64  1  66  67  95  68  70  71  69  72  73  74  75  76  77  78  79  80  81  82  83  84  86  87  88  89  90  91  92  93  


  ==> Energy                -271.791327628
  ==> dE                       -5.04e-04
  ==> Gradient Norm             6.90e-01
  ==> Abs. Max. Deriv.          9.87e-02
  ==> Time-Grad. (s)             106.519
  ==> Time-Energy (s)              9.307
  ==> Time-Iter. (s)             116.861

--------------------------------------------------------------------------------
CEO-ADAPT-VQE iteration: 16
--------------------------------------------------------------------------------
    gate        derivative      name       op1       op2       op3        g_unscaled   penalty
  178601       -0.00115582        op     51848     51850                 -0.06125838        53
  178602       -0.00115582        op     51848     51850                 -0.06125838        53
  178597       -0.00115463        op     51848     51849                 -0.06119521        53
  178598       -0.00115463        op     51848     51849                 -0.06119521        53
   51848       -0.00088689    a_iajb     51848                           -0.06119521        69
  134536       -0.00057179        om     18472     18473                 -0.02229980        39
  134535       -0.00056080        op     18472     18473                 -0.02187109        39
  112126        0.00054248        om      1588      1589                  0.05262051        97
  112125        0.00054248        op      1588      1589                  0.05262048        97
  111973        0.00052079        op      1436      1437                  0.02135257        41

  ==> Add operator: mvp2 -1: 51848 51850
  ==> Current qubit order: 2  3  4  5  6  7  8  9  10  11  12  13  14  15  16  17  18  19  20  22  23  24  25  52  53  26  27  28  29  30  31  32  33  34  35  36  37  56  57  38  39  40  48  49  41  42  43  46  45  44  50  51  47  54  55  58  59  60  61  0  94  62  21  85  1  95  63  65  64  66  67  68  70  71  69  72  73  74  75  76  77  78  79  80  81  82  83  84  86  87  88  89  90  91  92  93  


  ==> Energy                -271.791526746
  ==> dE                       -1.99e-04
  ==> Gradient Norm             6.74e-01
  ==> Abs. Max. Deriv.          7.62e-02
  ==> Time-Grad. (s)             117.196
  ==> Time-Energy (s)              9.250
  ==> Time-Iter. (s)             127.476

--------------------------------------------------------------------------------
CEO-ADAPT-VQE iteration: 17
--------------------------------------------------------------------------------
    gate        derivative      name       op1       op2       op3        g_unscaled   penalty
  135960       -0.00059307        om     19531     19532                 -0.02194355        37
  135959       -0.00059080        op     19531     19532                 -0.02185944        37
  111981       -0.00054850        op      1424      1425                 -0.07624081       139
  111982       -0.00054110        om      1424      1425                 -0.07521341       139
  112226        0.00053609        om      1668      1669                  0.05307253        99
  112225        0.00053150        op      1668      1669                  0.05261852        99
  112071        0.00052078        op      1514      1515                  0.02135198        41
  112072        0.00052078        om      1514      1515                  0.02135198        41
    1424       -0.00048856    a_iajb      1424                           -0.07572711       155
    1668        0.00045953    a_iajb      1668                            0.05284552       115

  ==> Add operator: mvp2 -1: 19531 19532
  ==> Current qubit order: 2  3  4  5  6  7  8  9  10  11  12  13  14  15  16  17  18  19  20  22  23  24  25  52  53  26  27  28  29  30  31  32  33  34  35  36  37  56  57  38  39  40  48  49  41  42  43  46  45  44  50  51  47  54  55  58  59  60  61  94  62  0  21  85  64  1  95  63  65  66  67  68  70  71  69  72  73  74  75  76  77  78  79  80  81  82  83  84  86  87  88  89  90  91  92  93  


  ==> Energy                -271.791562171
  ==> dE                       -3.54e-05
  ==> Gradient Norm             6.50e-01
  ==> Abs. Max. Deriv.          7.62e-02
  ==> Time-Grad. (s)             110.022
  ==> Time-Energy (s)              9.425
  ==> Time-Iter. (s)             120.477

--------------------------------------------------------------------------------
CEO-ADAPT-VQE iteration: 18
--------------------------------------------------------------------------------
    gate        derivative      name       op1       op2       op3        g_unscaled   penalty
  112200        0.00054788        om      1751      1752                  0.05314417        97
  112043        0.00054755        op      1595      1596                  0.02135444        39
  112044        0.00054755        om      1595      1596                  0.02135444        39
  112199        0.00054320        op      1751      1752                  0.05269055        97
  111949       -0.00053302        op      1501      1502                 -0.07622204       143
  111950       -0.00052582        om      1501      1502                 -0.07519241       143
  249496        0.00048027        om    105870    105871                  0.02161218        45
    1501       -0.00047615    a_iajb      1501                           -0.07570723       159
    1751        0.00046830    a_iajb      1751                            0.05291736       113
  228992        0.00044836        om     90292     90293                  0.04618058       103

  ==> Add operator: mvp2 -1: 1751 1752
  ==> Current qubit order: 2  3  4  5  6  7  8  9  10  11  12  13  14  15  16  17  18  19  20  22  23  24  25  52  53  26  27  28  29  30  31  32  33  34  35  36  37  56  57  38  39  40  48  49  41  42  43  46  45  44  50  51  47  54  55  58  59  60  61  94  62  21  64  95  63  65  66  0  85  1  84  67  68  70  71  69  72  73  74  75  76  77  78  79  80  81  82  83  86  87  88  89  90  91  92  93  


  ==> Energy                -271.791711644
  ==> dE                       -1.49e-04
  ==> Gradient Norm             6.37e-01
  ==> Abs. Max. Deriv.          7.62e-02
  ==> Time-Grad. (s)             110.682
  ==> Time-Energy (s)              9.232
  ==> Time-Iter. (s)             120.932

--------------------------------------------------------------------------------
CEO-ADAPT-VQE iteration: 19
--------------------------------------------------------------------------------
    gate        derivative      name       op1       op2       op3        g_unscaled   penalty
  249814        0.00062872        op    105872    105873                  0.02326273        37
  249815        0.00062856        om    105872    105873                  0.02325659        37
  138628        0.00059837        op     21653     21654                  0.03530410        59
  138629        0.00059835        om     21653     21654                  0.03530257        59
  112068       -0.00052334        op      1576      1577                 -0.07588383       145
  112069       -0.00051621        om      1576      1577                 -0.07485109       145
       7       -0.00049824      a_ia         7                           -0.00099647         2
   21653        0.00047071    a_iajb     21653                            0.03530334        75
  112230       -0.00046839        op      1738      1739                 -0.02107776        45
  112231       -0.00046839        om      1738      1739                 -0.02107776        45

  ==> Add operator: mvp2 -1: 105872 105873
  ==> Current qubit order: 2  3  4  5  6  7  8  9  10  11  12  13  14  15  16  17  18  19  20  22  23  24  25  52  53  26  27  28  29  30  31  32  33  34  35  36  37  56  57  38  39  40  48  49  41  43  42  45  50  51  46  44  47  54  55  58  59  60  61  94  62  21  64  95  63  65  66  0  85  1  84  67  68  70  71  69  72  73  74  75  76  77  78  79  80  81  82  83  86  87  88  89  90  91  92  93  


  ==> Energy                -271.791868089
  ==> dE                       -1.56e-04
  ==> Gradient Norm             6.30e-01
  ==> Abs. Max. Deriv.          7.59e-02
  ==> Time-Grad. (s)             116.613
  ==> Time-Energy (s)             40.101
  ==> Time-Iter. (s)             157.739

--------------------------------------------------------------------------------
CEO-ADAPT-VQE iteration: 20
--------------------------------------------------------------------------------
    gate        derivative      name       op1       op2       op3        g_unscaled   penalty
  139836        0.00059718        op     22629     22630                  0.03523377        59
  139837        0.00059716        om     22629     22630                  0.03523255        59
  112080       -0.00052317        op      1644      1645                 -0.07585893       145
  112081       -0.00051602        om      1644      1645                 -0.07482358       145
  230002        0.00051442        op     90907     90908                  0.02829288        55
  230003        0.00051433        om     90907     90908                  0.02828811        55
       9       -0.00050654      a_ia         9                           -0.00101308         2
   22629        0.00046978    a_iajb     22629                            0.03523316        75
  112248       -0.00046813        op      1812      1813                 -0.02106566        45
  112249       -0.00046813        om      1812      1813                 -0.02106566        45

  ==> Add operator: op -1: 22629 22630
  ==> Current qubit order: 2  3  4  5  6  7  8  9  10  11  12  13  14  15  16  17  18  19  20  22  23  24  25  52  53  26  27  28  29  30  31  32  33  34  35  36  37  56  57  38  39  40  48  49  41  43  42  45  50  51  46  44  47  54  55  58  59  60  61  94  62  64  63  21  95  0  84  65  66  85  1  67  68  70  71  69  72  73  74  75  76  77  78  79  80  81  82  83  86  87  88  89  90  91  92  93  


  ==> Energy                -271.791933982
  ==> dE                       -6.59e-05
  ==> Gradient Norm             6.27e-01
  ==> Abs. Max. Deriv.          7.59e-02
  ==> Time-Grad. (s)             107.621
  ==> Time-Energy (s)              9.355
  ==> Time-Iter. (s)             118.006

--------------------------------------------------------------------------------
CEO-ADAPT-VQE iteration: 21
--------------------------------------------------------------------------------
    gate        derivative      name       op1       op2       op3        g_unscaled   penalty
  241462        0.00108051        op    100042    100043                  0.04430083        41
  241463        0.00108051        om    100042    100043                  0.04430083        41
     262        0.00088893      a_ia       262                            0.00177785         2
  100042        0.00077721    a_iajb    100042                            0.04430083        57
  112092       -0.00054037        op      1881      1882                 -0.02107462        39
  112093       -0.00054037        om      1881      1882                 -0.02107462        39
  111924       -0.00052479        op      1713      1714                 -0.07609400       145
  111925       -0.00051764        om      1713      1714                 -0.07505734       145
    1713       -0.00046941    a_iajb      1713                           -0.07557567       161
  249628        0.00043134        op    106231    106232                  0.02717440        63

  ==> Add operator: op -1: 100042 100043
  ==> Current qubit order: 2  3  4  5  6  7  8  9  10  11  12  13  14  15  16  17  18  19  20  22  23  24  25  52  53  26  27  28  29  30  31  34  32  33  56  57  35  36  37  38  39  40  48  49  41  43  42  45  50  51  46  44  47  54  55  58  59  60  61  94  62  64  63  21  95  0  84  65  66  85  1  67  68  70  71  69  72  73  74  75  76  77  78  79  80  81  82  83  86  87  88  89  90  91  92  93  


  ==> Energy                -271.792241262
  ==> dE                       -3.07e-04
  ==> Gradient Norm             6.25e-01
  ==> Abs. Max. Deriv.          7.61e-02
  ==> Time-Grad. (s)             104.437
  ==> Time-Energy (s)             15.445
  ==> Time-Iter. (s)             120.939

--------------------------------------------------------------------------------
CEO-ADAPT-VQE iteration: 22
--------------------------------------------------------------------------------
    gate        derivative      name       op1       op2       op3        g_unscaled   penalty
     274        0.00088680      a_ia       274                            0.00177360         2
  226927        0.00078760        op     89208     89209                  0.12995446       165
  226928        0.00077179        om     89208     89209                  0.12734613       165
   89208        0.00071078    a_iajb     89208                            0.12865029       181
  111981       -0.00054044        op      1964      1965                 -0.02107703        39
  111982       -0.00054044        om      1964      1965                 -0.02107703        39
  111809       -0.00052479        op      1792      1793                 -0.07609407       145
  111810       -0.00051764        om      1792      1793                 -0.07505796       145
  241469       -0.00049984        op    100345    100346                 -0.04148660        83
     384       -0.00047046      a_ia       384                           -0.00188184         4

  ==> Add operator: a_ia 274
  ==> Current qubit order: 2  3  4  5  6  7  8  9  10  11  12  13  14  15  16  17  18  19  20  22  23  24  25  52  53  26  27  28  29  30  31  34  32  33  56  57  35  36  37  38  39  40  48  49  41  43  42  45  50  51  46  44  47  54  55  58  59  60  61  94  62  64  63  21  95  0  84  65  66  85  1  67  68  70  71  69  72  73  74  75  76  77  78  79  80  81  82  83  86  87  88  89  90  91  92  93  


  ==> Energy                -271.792242005
  ==> dE                       -7.42e-07
  ==> Gradient Norm             6.37e-01
  ==> Abs. Max. Deriv.          1.30e-01
  ==> Time-Grad. (s)             139.765
  ==> Time-Energy (s)             15.635
  ==> Time-Iter. (s)             156.740

--------------------------------------------------------------------------------
CEO-ADAPT-VQE iteration: 23
--------------------------------------------------------------------------------
    gate        derivative      name       op1       op2       op3        g_unscaled   penalty
  247136       -0.00105668        op    104520    104521                 -0.04121054        39
  247137       -0.00105527        om    104520    104521                 -0.04115556        39
  104520       -0.00074878    a_iajb    104520                           -0.04118305        55
  228040        0.00055506        op     89876     89877                  0.05828089       105
  112112       -0.00054046        op      2043      2044                 -0.02107789        39
  112113       -0.00054046        om      2043      2044                 -0.02107789        39
  228041        0.00052998        om     89876     89877                  0.05564776       105
  111934       -0.00052480        op      1865      1866                 -0.07609610       145
  111935       -0.00051765        om      1865      1866                 -0.07505978       145
  112154        0.00050500        op      2085      2086                  0.03080479        61

  ==> Add operator: mvp2 -1: 104520 104521
  ==> Current qubit order: 2  3  4  5  6  7  8  9  10  11  12  13  14  15  16  17  18  19  20  22  23  24  25  52  53  26  27  28  29  30  31  34  32  33  56  57  35  36  37  38  39  40  48  49  45  41  43  42  50  51  46  44  47  54  55  58  59  60  61  94  62  64  63  21  95  0  84  65  66  85  1  67  68  70  71  69  72  73  74  75  76  77  78  79  80  81  82  83  86  87  88  89  90  91  92  93  


  ==> Energy                -271.792945796
  ==> dE                       -7.04e-04
  ==> Gradient Norm             6.41e-01
  ==> Abs. Max. Deriv.          7.61e-02
  ==> Time-Grad. (s)             123.151
  ==> Time-Energy (s)             28.274
  ==> Time-Iter. (s)             152.459

--------------------------------------------------------------------------------
CEO-ADAPT-VQE iteration: 24
--------------------------------------------------------------------------------
    gate        derivative      name       op1       op2       op3        g_unscaled   penalty
     499       -0.00090304      a_ia       499                           -0.00180608         2
  112139       -0.00054045        op      2107      2108                 -0.02107758        39
  112140       -0.00054045        om      2107      2108                 -0.02107758        39
  111959       -0.00052481        op      1927      1928                 -0.07609788       145
  111960       -0.00051767        om      1927      1928                 -0.07506229       145
  112181        0.00050501        op      2149      2150                  0.03080573        61
  112182        0.00049858        om      2149      2150                  0.03041320        61
    1927       -0.00046944    a_iajb      1927                           -0.07558009       161
     506        0.00043692      a_ia       506                            0.00087383         2
     412       -0.00042123      a_ia       412                           -0.00168494         4

  ==> Add operator: a_ia 499
  ==> Current qubit order: 2  3  4  5  6  7  8  9  10  11  12  13  14  15  16  17  18  19  20  22  23  24  25  52  53  26  27  28  29  30  31  34  32  33  56  57  35  36  37  38  39  40  48  49  45  41  43  42  50  51  46  44  47  54  55  58  59  60  61  94  62  64  63  21  95  0  84  65  66  85  1  67  68  70  71  69  72  73  74  75  76  77  78  79  80  81  82  83  86  87  88  89  90  91  92  93  


  ==> Energy                -271.793019505
  ==> dE                       -7.37e-05
  ==> Gradient Norm             6.17e-01
  ==> Abs. Max. Deriv.          7.61e-02
  ==> Time-Grad. (s)             139.602
  ==> Time-Energy (s)             41.146
  ==> Time-Iter. (s)             181.775

--------------------------------------------------------------------------------
CEO-ADAPT-VQE iteration: 25
--------------------------------------------------------------------------------
    gate        derivative      name       op1       op2       op3        g_unscaled   penalty
  112125       -0.00054007        op      2170      2171                 -0.02106277        39
  112126       -0.00054007        om      2170      2171                 -0.02106277        39
     521        0.00053043      a_ia       521                            0.00106086         2
  111943       -0.00052476        op      1988      1989                 -0.07609083       145
  111944       -0.00051762        om      1988      1989                 -0.07505470       145
  112167        0.00050500        op      2212      2213                  0.03080500        61
  112168        0.00049856        om      2212      2213                  0.03041225        61
    1988       -0.00046940    a_iajb      1988                           -0.07557277       161
  242448       -0.00045257        om    100914    100915                 -0.04118354        91
     424       -0.00040908      a_ia       424                           -0.00163630         4

  ==> Add operator: op -1: 2170 2171
  ==> Current qubit order: 2  3  4  5  6  7  8  9  10  11  12  13  14  15  16  17  18  19  20  22  23  24  25  52  53  26  27  28  29  30  31  34  32  33  56  57  35  36  37  38  39  40  48  49  45  41  43  42  50  51  46  44  47  54  55  58  59  60  61  94  62  64  63  21  95  84  65  0  66  1  71  85  67  68  70  69  72  73  74  75  76  77  78  79  80  81  82  83  86  87  88  89  90  91  92  93  


  ==> Energy                -271.793046692
  ==> dE                       -2.72e-05
  ==> Gradient Norm             6.22e-01
  ==> Abs. Max. Deriv.          7.61e-02
  ==> Time-Grad. (s)             141.359
  ==> Time-Energy (s)              9.360
  ==> Time-Iter. (s)             151.826

--------------------------------------------------------------------------------
CEO-ADAPT-VQE iteration: 26
--------------------------------------------------------------------------------
    gate        derivative      name       op1       op2       op3        g_unscaled   penalty
  247472       -0.00071806        om    104935    104936                 -0.02800452        39
  247471       -0.00071796        op    104935    104936                 -0.02800054        39
      25       -0.00054794      a_ia        25                           -0.00109588         2
  112171        0.00054014        op      2290      2291                  0.03078786        57
  112172        0.00053325        om      2290      2291                  0.03039497        57
     544        0.00053031      a_ia       544                            0.00106062         2
  111941       -0.00051754        op      2060      2061                 -0.07607849       147
  111942       -0.00051049        om      2060      2061                 -0.07504193       147
  104935       -0.00050914    a_iajb    104935                           -0.02800253        55
    2060       -0.00046356    a_iajb      2060                           -0.07556021       163

  ==> Add operator: mvp2 -1: 104935 104936
  ==> Current qubit order: 2  3  4  5  6  7  8  9  10  11  12  13  14  15  16  17  18  19  20  22  23  24  25  52  53  26  27  28  29  30  31  34  32  33  56  57  35  36  37  38  39  40  45  48  49  41  44  43  42  50  51  46  47  54  55  58  59  60  61  94  62  64  63  21  95  84  65  0  66  1  71  85  67  68  70  69  72  73  74  75  76  77  78  79  80  81  82  83  86  87  88  89  90  91  92  93  


  ==> Energy                -271.794031346
  ==> dE                       -9.85e-04
  ==> Gradient Norm             6.24e-01
  ==> Abs. Max. Deriv.          7.61e-02
  ==> Time-Grad. (s)             148.477
  ==> Time-Energy (s)             79.657
  ==> Time-Iter. (s)             229.248

--------------------------------------------------------------------------------
CEO-ADAPT-VQE iteration: 27
--------------------------------------------------------------------------------
    gate        derivative      name       op1       op2       op3        g_unscaled   penalty
  112238        0.00054022        op      2350      2351                  0.03079277        57
      25       -0.00053982      a_ia        25                           -0.00107963         2
  112239        0.00053334        om      2350      2351                  0.03040039        57
  112002       -0.00051739        op      2114      2115                 -0.07605670       147
  112003       -0.00051035        om      2114      2115                 -0.07502139       147
    2114       -0.00046343    a_iajb      2114                           -0.07553905       163
    2350        0.00041913    a_iajb      2350                            0.03059658        73
     615        0.00041132      a_ia       615                            0.00493586        12
     593       -0.00039825      a_ia       593                           -0.00159300         4
  111994       -0.00036101        op      2106      2107                 -0.05884507       163

  ==> Add operator: mvp2 -1: 2350 2351
  ==> Current qubit order: 2  3  4  5  6  7  8  9  10  11  12  13  14  15  16  17  18  19  20  22  23  24  25  52  53  26  27  28  29  30  31  34  32  33  56  57  35  36  37  38  39  40  45  48  49  41  44  43  42  50  51  46  47  54  55  58  59  60  61  94  62  64  63  21  84  65  95  0  1  70  66  71  85  67  68  69  72  73  74  75  76  77  78  79  80  81  82  83  86  87  88  89  90  91  92  93  


  ==> Energy                -271.794076165
  ==> dE                       -4.48e-05
  ==> Gradient Norm             6.33e-01
  ==> Abs. Max. Deriv.          7.61e-02
  ==> Time-Grad. (s)             149.798
  ==> Time-Energy (s)              9.235
  ==> Time-Iter. (s)             160.389

--------------------------------------------------------------------------------
CEO-ADAPT-VQE iteration: 28
--------------------------------------------------------------------------------
    gate        derivative      name       op1       op2       op3        g_unscaled   penalty
  246617        0.00104413        om    104493    104494                  0.04072116        39
  246616        0.00104406        op    104493    104494                  0.04071823        39
  226026        0.00077822        op     88910     88911                  0.12996250       167
  226027        0.00076260        om     88910     88911                  0.12735376       167
  104493        0.00074036    a_iajb    104493                            0.04071970        55
   88910        0.00070305    a_iajb     88910                            0.12865813       183
  111916       -0.00050114        op      2166      2167                 -0.07667465       153
  111917       -0.00049437        om      2166      2167                 -0.07563822       153
  227079        0.00045501        om     89689     89690                  0.04686634       103
    2166       -0.00045063    a_iajb      2166                           -0.07615643       169

  ==> Add operator: mvp2 -1: 104493 104494
  ==> Current qubit order: 2  3  4  5  6  7  8  9  10  11  12  13  14  15  16  17  18  19  20  22  23  24  25  52  53  26  27  28  29  30  31  34  32  33  56  57  35  36  37  38  39  45  48  49  41  44  40  43  50  51  42  46  47  54  55  58  59  60  61  94  62  64  63  21  84  65  95  0  1  70  66  71  85  67  68  69  72  73  74  75  76  77  78  79  80  81  82  83  86  87  88  89  90  91  92  93  


  ==> Energy                -271.794489355
  ==> dE                       -4.13e-04
  ==> Gradient Norm             6.63e-01
  ==> Abs. Max. Deriv.          1.30e-01
  ==> Time-Grad. (s)             156.664
  ==> Time-Energy (s)             16.054
  ==> Time-Iter. (s)             173.747

--------------------------------------------------------------------------------
CEO-ADAPT-VQE iteration: 29
--------------------------------------------------------------------------------
    gate        derivative      name       op1       op2       op3        g_unscaled   penalty
     565        0.00142164      a_ia       565                            0.00284328         2
  248770        0.00093261        om    105680    105681                  0.02518041        27
  248769        0.00093239        op    105680    105681                  0.02517441        27
  247837        0.00092581        op    104967    104968                  0.03795816        41
  247838        0.00066134        om    104967    104968                  0.02711509        41
  105680        0.00058552    a_iajb    105680                            0.02517741        43
  104967        0.00057082    a_iajb    104967                            0.03253662        57
  112085       -0.00050119        op      2230      2231                 -0.07668196       153
  112086       -0.00049438        om      2230      2231                 -0.07563977       153
    2230       -0.00045066    a_iajb      2230                           -0.07616086       169

  ==> Add operator: a_ia 565
  ==> Current qubit order: 2  3  4  5  6  7  8  9  10  11  12  13  14  15  16  17  18  19  20  22  23  24  25  52  53  26  27  28  29  30  31  34  32  33  56  57  35  36  37  38  39  45  48  49  41  44  40  43  50  51  42  46  47  54  55  58  59  60  61  94  62  64  63  21  84  65  95  0  1  70  66  71  85  67  68  69  72  73  74  75  76  77  78  79  80  81  82  83  86  87  88  89  90  91  92  93  


  ==> Energy                -271.795070438
  ==> dE                       -5.81e-04
  ==> Gradient Norm             6.44e-01
  ==> Abs. Max. Deriv.          7.67e-02
  ==> Time-Grad. (s)             161.968
  ==> Time-Energy (s)            116.787
  ==> Time-Iter. (s)             279.796

--------------------------------------------------------------------------------
CEO-ADAPT-VQE iteration: 30
--------------------------------------------------------------------------------
    gate        derivative      name       op1       op2       op3        g_unscaled   penalty
     632       -0.00081930      a_ia       632                           -0.00327721         4
     657        0.00063491      a_ia       657                            0.00761893        12
  112066       -0.00050123        op      2288      2289                 -0.07668852       153
  112067       -0.00049431        om      2288      2289                 -0.07562919       153
    2288       -0.00045064    a_iajb      2288                           -0.07615886       169
  241734       -0.00041570        op    100468    100469                 -0.01454958        35
  241735       -0.00041570        om    100468    100469                 -0.01454958        35
  112182        0.00037293        op      2404      2405                  0.02125723        57
  112183        0.00037293        om      2404      2405                  0.02125723        57
  112056       -0.00036108        op      2278      2279                 -0.05885608       163

  ==> Add operator: a_ia 632
  ==> Current qubit order: 2  3  4  5  6  7  8  9  10  11  12  13  14  15  16  17  18  19  20  22  23  24  25  52  53  26  27  28  29  30  31  34  32  33  56  57  35  36  37  38  39  48  45  49  41  44  40  43  50  51  42  46  47  54  55  58  59  60  61  94  62  64  63  21  84  65  95  0  1  70  66  71  85  67  68  69  72  73  74  75  76  77  78  79  80  81  82  83  86  87  88  89  90  91  92  93  


  ==> Energy                -271.795116447
  ==> dE                       -4.60e-05
  ==> Gradient Norm             6.37e-01
  ==> Abs. Max. Deriv.          7.67e-02
  ==> Time-Grad. (s)             175.527
  ==> Time-Energy (s)             46.652
  ==> Time-Iter. (s)             223.483

--------------------------------------------------------------------------------
CEO-ADAPT-VQE iteration: 31
--------------------------------------------------------------------------------
    gate        derivative      name       op1       op2       op3        g_unscaled   penalty
  185191        0.00057153        op     57509     57510                  0.09887384       173
  185192        0.00055439        om     57509     57510                  0.09590873       173
     675        0.00055416      a_ia       675                            0.00775829        14
   57509        0.00051530    a_iajb     57509                            0.09739129       189
  112079       -0.00050109        op      2340      2341                 -0.07666729       153
  112080       -0.00049418        om      2340      2341                 -0.07560976       153
    2340       -0.00045052    a_iajb      2340                           -0.07613852       169
     502       -0.00044728      a_ia       502                           -0.00178911         4
  214371        0.00041688        op     79678     79679                  0.04627368       111
  214372        0.00041688        om     79678     79679                  0.04627368       111

  ==> Add operator: mvp2 -1: 57509 57510
  ==> Current qubit order: 2  3  4  5  6  7  8  9  10  11  12  13  14  15  16  17  18  19  22  23  24  25  52  53  26  27  28  29  30  31  34  32  33  56  57  35  36  37  38  39  48  45  49  41  44  40  43  50  51  42  46  47  20  84  95  1  54  55  58  59  60  61  94  62  64  63  21  65  0  70  66  71  85  67  68  69  72  73  74  75  76  77  78  79  80  81  82  83  86  87  88  89  90  91  92  93  


  ==> Energy                -271.796976189
  ==> dE                       -1.86e-03
  ==> Gradient Norm             6.62e-01
  ==> Abs. Max. Deriv.          9.89e-02
  ==> Time-Grad. (s)             231.950
  ==> Time-Energy (s)            124.909
  ==> Time-Iter. (s)             357.912

--------------------------------------------------------------------------------
CEO-ADAPT-VQE iteration: 32
--------------------------------------------------------------------------------
    gate        derivative      name       op1       op2       op3        g_unscaled   penalty
  112505        0.00080670        op      2749      2750                  0.04759512        59
  112506        0.00080568        om      2749      2750                  0.04753506        59
    2749        0.00063420    a_iajb      2749                            0.04756509        75
  112131       -0.00058147        op      2375      2376                 -0.07617301       131
  112132       -0.00056301        om      2375      2376                 -0.07375496       131
     691        0.00055905      a_ia       691                            0.00782665        14
    2375       -0.00050996    a_iajb      2375                           -0.07496399       147
     514       -0.00045759      a_ia       514                           -0.00183036         4
  112119       -0.00039561        op      2363      2364                 -0.05894583       149
  112120       -0.00039561        om      2363      2364                 -0.05894583       149

  ==> Add operator: mvp2 -1: 2749 2750
  ==> Current qubit order: 2  3  4  5  6  7  8  9  10  11  12  13  14  15  16  17  18  19  22  23  24  25  52  53  26  27  28  29  30  31  34  32  33  56  57  35  36  37  38  39  48  45  49  41  44  40  43  50  51  42  46  47  20  84  54  55  58  59  60  95  1  94  0  61  62  64  63  21  65  70  66  71  85  67  68  69  72  73  74  75  76  77  78  79  80  81  82  83  86  87  88  89  90  91  92  93  


  ==> Energy                -271.797098539
  ==> dE                       -1.22e-04
  ==> Gradient Norm             6.54e-01
  ==> Abs. Max. Deriv.          7.62e-02
  ==> Time-Grad. (s)             190.958
  ==> Time-Energy (s)             17.274
  ==> Time-Iter. (s)             209.224

--------------------------------------------------------------------------------
CEO-ADAPT-VQE iteration: 33
--------------------------------------------------------------------------------
    gate        derivative      name       op1       op2       op3        g_unscaled   penalty
  112303        0.00068567        op      2538      2539                  0.02125579        31
  112304        0.00068567        om      2538      2539                  0.02125579        31
  112181       -0.00056856        op      2416      2417                 -0.07675605       135
     699        0.00055894      a_ia       699                            0.00782515        14
  112182       -0.00055072        om      2416      2417                 -0.07434714       135
    2416       -0.00050034    a_iajb      2416                           -0.07555159       151
     521       -0.00045687      a_ia       521                           -0.00182747         4
    2538        0.00045225    a_iajb      2538                            0.02125579        47
  229599        0.00043354        op     91196     91197                  0.03164871        73
  229600        0.00043354        om     91196     91197                  0.03164871        73

  ==> Add operator: op -1: 2538 2539
  ==> Current qubit order: 2  3  4  5  6  7  8  9  10  11  12  13  14  15  16  17  18  19  22  23  24  25  52  53  26  27  28  29  30  31  34  32  33  56  57  35  36  37  38  39  48  45  49  41  44  40  43  50  51  42  46  47  20  84  54  55  58  59  95  60  1  0  61  94  62  64  63  21  65  70  66  71  85  67  68  69  72  73  74  75  76  77  78  79  80  81  82  83  86  87  88  89  90  91  92  93  


  ==> Energy                -271.797127134
  ==> dE                       -2.86e-05
  ==> Gradient Norm             6.50e-01
  ==> Abs. Max. Deriv.          7.68e-02
  ==> Time-Grad. (s)             182.128
  ==> Time-Energy (s)             10.646
  ==> Time-Iter. (s)             194.096

--------------------------------------------------------------------------------
CEO-ADAPT-VQE iteration: 34
--------------------------------------------------------------------------------
    gate        derivative      name       op1       op2       op3        g_unscaled   penalty
  247728        0.00136261        om    105114    105115                  0.03406525        25
  247727        0.00136257        op    105114    105115                  0.03406431        25
  112235        0.00125596        op      2589      2590                  0.03139890        25
  112236        0.00121534        om      2589      2590                  0.03038352        25
  105114        0.00083085    a_iajb    105114                            0.03406478        41
  185707       -0.00079136        op     58019     58020                 -0.05776900        73
  185708       -0.00076238        om     58019     58020                 -0.05565374        73
    2589        0.00075344    a_iajb      2589                            0.03089121        41
   58019       -0.00063721    a_iajb     58019                           -0.05671137        89
     713        0.00055889      a_ia       713                            0.00782446        14

  ==> Add operator: om -1: 105114 105115
  ==> Current qubit order: 2  3  4  5  6  7  8  9  10  11  12  13  14  15  16  17  18  19  22  23  24  25  52  53  26  27  28  29  30  31  34  32  33  56  57  35  36  37  38  39  48  45  49  41  44  40  43  50  51  42  46  47  20  84  54  55  58  59  95  60  1  0  61  94  62  64  63  21  65  70  66  71  85  67  68  69  72  73  74  75  76  77  78  79  80  81  82  83  86  87  88  89  90  91  92  93  


  ==> Energy                -271.797377415
  ==> dE                       -2.50e-04
  ==> Gradient Norm             6.56e-01
  ==> Abs. Max. Deriv.          7.67e-02
  ==> Time-Grad. (s)             193.869
  ==> Time-Energy (s)             24.847
  ==> Time-Iter. (s)             219.758

--------------------------------------------------------------------------------
CEO-ADAPT-VQE iteration: 35
--------------------------------------------------------------------------------
    gate        derivative      name       op1       op2       op3        g_unscaled   penalty
  112264        0.00125583        op      2637      2638                  0.03139579        25
  112265        0.00121521        om      2637      2638                  0.03038037        25
    2637        0.00075337    a_iajb      2637                            0.03088808        41
     724        0.00056896      a_ia       724                            0.00796540        14
  155456        0.00055271        op     35176     35177                  0.03482073        63
  112130       -0.00055198        op      2503      2504                 -0.07672470       139
  155457        0.00053468        om     35176     35177                  0.03368515        63
  112131       -0.00053460        om      2503      2504                 -0.07431002       139
    2503       -0.00048721    a_iajb      2503                           -0.07551736       155
     541       -0.00045368      a_ia       541                           -0.00181471         4

  ==> Add operator: mvp2 -1: 2637 2638
  ==> Current qubit order: 2  3  4  5  6  7  8  9  10  11  12  13  14  15  16  17  18  19  22  23  24  25  52  53  26  27  28  29  30  31  34  32  33  56  57  35  36  37  38  39  48  45  49  41  44  40  43  50  51  42  46  47  20  84  54  55  58  59  95  60  1  0  61  94  62  64  63  21  65  70  66  71  85  67  68  69  72  73  74  75  76  77  78  79  80  81  82  83  86  87  88  89  90  91  92  93  


  ==> Energy                -271.797424240
  ==> dE                       -4.68e-05
  ==> Gradient Norm             6.62e-01
  ==> Abs. Max. Deriv.          7.67e-02
  ==> Time-Grad. (s)             188.281
  ==> Time-Energy (s)             10.901
  ==> Time-Iter. (s)             200.210

--------------------------------------------------------------------------------
CEO-ADAPT-VQE iteration: 36
--------------------------------------------------------------------------------
    gate        derivative      name       op1       op2       op3        g_unscaled   penalty
     736        0.00056889      a_ia       736                            0.00796450        14
  112090       -0.00055444        op      2549      2550                 -0.07706784       139
  156318        0.00055033        op     35902     35903                  0.03467084        63
  156319        0.00053877        om     35902     35903                  0.03394256        63
  112091       -0.00053709        om      2549      2550                 -0.07465532       139
    2549       -0.00048943    a_iajb      2549                           -0.07586158       155
  226521       -0.00047990        om     89157     89158                 -0.04079189        85
  226520       -0.00046969        op     89157     89158                 -0.03992402        85
     549       -0.00045370      a_ia       549                           -0.00181482         4
   35902        0.00043426    a_iajb     35902                            0.03430670        79

  ==> Add operator: a_ia 736
  ==> Current qubit order: 2  3  4  5  6  7  8  9  10  11  12  13  14  15  16  17  18  19  22  23  24  25  52  53  26  27  28  29  30  31  34  32  33  56  57  35  36  37  38  39  45  49  41  44  40  43  48  50  51  42  46  47  20  84  54  55  58  59  95  60  1  0  61  94  62  64  63  21  65  70  66  71  85  67  68  69  72  73  74  75  76  77  78  79  80  81  82  83  86  87  88  89  90  91  92  93  


  ==> Energy                -271.798743085
  ==> dE                       -1.32e-03
  ==> Gradient Norm             6.60e-01
  ==> Abs. Max. Deriv.          7.71e-02
  ==> Time-Grad. (s)             192.046
  ==> Time-Energy (s)            151.016
  ==> Time-Iter. (s)             344.099

--------------------------------------------------------------------------------
CEO-ADAPT-VQE iteration: 37
--------------------------------------------------------------------------------
    gate        derivative      name       op1       op2       op3        g_unscaled   penalty
  112350       -0.00079197        om      2818      2819                 -0.02930272        37
  112349       -0.00077839        op      2818      2819                 -0.02880052        37
  112137       -0.00055389        op      2606      2607                 -0.07699022       139
    2818       -0.00054814    a_iajb      2818                           -0.02905162        53
  112138       -0.00053826        om      2606      2607                 -0.07481781       139
    2606       -0.00048970    a_iajb      2606                           -0.07590401       155
     678        0.00048592      a_ia       678                            0.00291552         6
  157225        0.00047286        op     36615     36616                  0.02978999        63
  157226        0.00046576        om     36615     36616                  0.02934315        63
     558       -0.00044064      a_ia       558                           -0.00176257         4

  ==> Add operator: mvp2 -1: 2818 2819
  ==> Current qubit order: 2  3  4  5  6  7  8  9  10  11  12  13  14  15  16  17  18  19  22  23  24  25  52  53  26  27  28  29  30  31  34  32  33  56  57  35  36  37  38  39  45  49  41  44  40  43  48  50  51  42  46  47  20  84  54  55  58  59  95  60  61  1  0  94  65  62  64  63  21  70  66  71  85  67  68  69  72  73  74  75  76  77  78  79  80  81  82  83  86  87  88  89  90  91  92  93  


  ==> Energy                -271.798784176
  ==> dE                       -4.11e-05
  ==> Gradient Norm             6.53e-01
  ==> Abs. Max. Deriv.          7.70e-02
  ==> Time-Grad. (s)             199.066
  ==> Time-Energy (s)             13.267
  ==> Time-Iter. (s)             213.564

--------------------------------------------------------------------------------
CEO-ADAPT-VQE iteration: 38
--------------------------------------------------------------------------------
    gate        derivative      name       op1       op2       op3        g_unscaled   penalty
  112164       -0.00056967        op      2659      2660                 -0.07690563       135
  112165       -0.00055360        om      2659      2660                 -0.07473534       135
    2659       -0.00050212    a_iajb      2659                           -0.07582048       151
     690        0.00048593      a_ia       690                            0.00291555         6
  158088        0.00047296        op     37327     37328                  0.02979660        63
  158089        0.00046590        om     37327     37328                  0.02935193        63
     567       -0.00044056      a_ia       567                           -0.00176226         4
  241026       -0.00040033        op    100114    100115                 -0.04123400       103
  157889       -0.00039699        om     37127     37128                 -0.04168385       105
  112152       -0.00039489        op      2647      2648                 -0.05883847       149

  ==> Add operator: mvp2 -1: 2659 2660
  ==> Current qubit order: 2  3  4  5  6  7  8  9  10  11  12  13  14  15  16  17  18  19  22  23  24  25  53  26  27  28  29  30  31  34  32  33  56  57  35  36  37  38  39  45  49  41  44  40  43  48  50  51  42  46  52  95  1  0  47  20  84  54  55  58  59  60  61  94  65  62  64  63  21  70  66  71  85  67  68  69  72  73  74  75  76  77  78  79  80  81  82  83  86  87  88  89  90  91  92  93  


  ==> Energy                -271.799846094
  ==> dE                       -1.06e-03
  ==> Gradient Norm             6.47e-01
  ==> Abs. Max. Deriv.          7.69e-02
  ==> Time-Grad. (s)             210.690
  ==> Time-Energy (s)            341.027
  ==> Time-Iter. (s)             552.789

--------------------------------------------------------------------------------
CEO-ADAPT-VQE iteration: 39
--------------------------------------------------------------------------------
    gate        derivative      name       op1       op2       op3        g_unscaled   penalty
  112165       -0.00082177        om      2707      2708                 -0.03533626        43
  112169       -0.00080909        om      2711      2712                 -0.05906324        73
  112164       -0.00079715        op      2707      2708                 -0.03427728        43
  112168       -0.00079504        op      2711      2712                 -0.05803813        73
    2711       -0.00065787    a_iajb      2711                           -0.05855069        89
    2707       -0.00058995    a_iajb      2707                           -0.03480677        59
     706        0.00052187      a_ia       706                            0.00313121         6
     582       -0.00044453      a_ia       582                           -0.00177810         4
     396        0.00042657      a_ia       396                            0.00085314         2
  158731       -0.00037634        om     37816     37817                 -0.04102073       109

  ==> Add operator: mvp2 -1: 2707 2708
  ==> Current qubit order: 2  3  4  5  6  7  8  9  10  11  12  13  14  15  16  17  18  19  22  23  24  25  53  26  27  28  29  30  31  34  32  33  56  57  35  36  37  38  39  45  49  41  44  40  43  48  50  51  42  46  95  52  1  0  61  47  20  84  54  55  58  59  60  94  65  62  64  63  21  70  66  71  85  67  68  69  72  73  74  75  76  77  78  79  80  81  82  83  86  87  88  89  90  91  92  93  


  ==> Energy                -271.799931727
  ==> dE                       -8.56e-05
  ==> Gradient Norm             6.44e-01
  ==> Abs. Max. Deriv.          5.91e-02
  ==> Time-Grad. (s)             242.921
  ==> Time-Energy (s)             16.536
  ==> Time-Iter. (s)             260.552

--------------------------------------------------------------------------------
CEO-ADAPT-VQE iteration: 40
--------------------------------------------------------------------------------
    gate        derivative      name       op1       op2       op3        g_unscaled   penalty
  111980       -0.00074769        om      2750      2751                 -0.05906765        79
  111979       -0.00073474        op      2750      2751                 -0.05804413        79
    2750       -0.00061638    a_iajb      2750                           -0.05855589        95
     715        0.00052166      a_ia       715                            0.00312993         6
     589       -0.00044390      a_ia       589                           -0.00177559         4
     401        0.00042587      a_ia       401                            0.00085175         2
  111978        0.00041824        om      2748      2749                  0.02216698        53
  111977        0.00041674        op      2748      2749                  0.02208736        53
  159376       -0.00037636        om     38470     38471                 -0.04102294       109
     483        0.00037568      a_ia       483                            0.00075137         2

  ==> Add operator: mvp2 -1: 2750 2751
  ==> Current qubit order: 2  3  4  5  6  7  8  9  10  11  12  13  14  15  16  17  18  19  22  23  24  25  53  26  27  28  29  30  31  34  32  33  56  57  35  36  37  38  39  45  49  41  44  40  43  48  50  51  42  46  95  61  47  20  84  54  52  1  0  71  55  58  59  60  94  65  62  64  63  21  70  66  85  67  68  69  72  73  74  75  76  77  78  79  80  81  82  83  86  87  88  89  90  91  92  93  


  ==> Energy                -271.800168359
  ==> dE                       -2.37e-04
  ==> Gradient Norm             6.28e-01
  ==> Abs. Max. Deriv.          5.91e-02
  ==> Time-Grad. (s)             248.995
  ==> Time-Energy (s)             29.080
  ==> Time-Iter. (s)             279.121

--------------------------------------------------------------------------------
CEO-ADAPT-VQE iteration: 41
--------------------------------------------------------------------------------
    gate        derivative      name       op1       op2       op3        g_unscaled   penalty
  112023        0.00061023        om      2797      2798                  0.02257854        37
  112022        0.00060807        op      2797      2798                  0.02249860        37
     725        0.00052179      a_ia       725                            0.00313072         6
      32       -0.00048782      a_ia        32                           -0.00195129         4
     597       -0.00044336      a_ia       597                           -0.00177344         4
    2797        0.00042526    a_iajb      2797                            0.02253857        53
     406        0.00042354      a_ia       406                            0.00084709         2
     949        0.00039977      a_ia       949                            0.00079954         2
  160249       -0.00039825        om     39161     39162                 -0.04102013       103
  160248       -0.00038450        op     39161     39162                 -0.03960369       103

  ==> Add operator: mvp2 -1: 2797 2798
  ==> Current qubit order: 2  3  4  5  6  7  8  9  10  11  12  13  14  15  16  17  18  19  22  23  24  25  53  26  27  28  29  30  31  34  32  33  56  57  35  36  37  38  39  45  49  41  44  40  43  48  50  51  42  46  95  61  47  20  84  54  52  1  0  65  71  55  58  59  60  94  62  64  63  21  70  66  85  67  68  69  72  73  74  75  76  77  78  79  80  81  82  83  86  87  88  89  90  91  92  93  


  ==> Energy                -271.800203989
  ==> dE                       -3.56e-05
  ==> Gradient Norm             6.34e-01
  ==> Abs. Max. Deriv.          4.70e-02
  ==> Time-Grad. (s)             256.028
  ==> Time-Energy (s)             29.989
  ==> Time-Iter. (s)             287.054

--------------------------------------------------------------------------------
CEO-ADAPT-VQE iteration: 42
--------------------------------------------------------------------------------
    gate        derivative      name       op1       op2       op3        g_unscaled   penalty
     740        0.00052187      a_ia       740                            0.00313123         6
     609       -0.00044366      a_ia       609                           -0.00177466         4
  185390       -0.00043601        om     58114     58115                 -0.03095669        71
     416        0.00042265      a_ia       416                            0.00084531         2
     967        0.00039954      a_ia       967                            0.00079909         2
  185389       -0.00039405        op     58114     58115                 -0.02797768        71
  161134       -0.00039066        om     39786     39787                 -0.04101940       105
      31        0.00039001      a_ia        31                            0.00156005         4
  161133       -0.00037714        op     39786     39787                 -0.03959955       105
     498        0.00037633      a_ia       498                            0.00075266         2

  ==> Add operator: a_ia 740
  ==> Current qubit order: 2  3  4  5  6  7  8  9  10  11  12  13  14  15  16  17  18  19  22  23  24  25  53  26  27  28  29  30  31  34  32  33  56  57  35  36  37  38  39  45  49  41  44  40  43  50  51  48  42  46  95  61  47  20  84  54  52  1  0  65  71  55  58  59  60  94  62  64  63  21  70  66  85  67  68  69  72  73  74  75  76  77  78  79  80  81  82  83  86  87  88  89  90  91  92  93  


  ==> Energy                -271.800211158
  ==> dE                       -7.17e-06
  ==> Gradient Norm             6.49e-01
  ==> Abs. Max. Deriv.          5.68e-02
  ==> Time-Grad. (s)             268.942
  ==> Time-Energy (s)             38.617
  ==> Time-Iter. (s)             308.685

--------------------------------------------------------------------------------

--------------------------------------------------------------------------------
RESTART
--------------------------------------------------------------------------------

Last Energy: -271.800211158

--------------------------------------------------------------------------------
CEO-ADAPT-VQE iteration: 43
--------------------------------------------------------------------------------
    gate        derivative      name       op1       op2       op3        g_unscaled   penalty
  246944        0.00067722        op    105026    105027                  0.03860156        57
  246945        0.00066848        om    105026    105027                  0.03810338        57
  105026        0.00052538    a_iajb    105026                            0.03835247        73
     431        0.00046406      a_ia       431                            0.00092811         2
     628       -0.00044319      a_ia       628                           -0.00177277         4
  184862        0.00041020        op     57872     57873                  0.04963411       121
  184863        0.00040168        om     57872     57873                  0.04860313       121
     992        0.00040157      a_ia       992                            0.00080314         2
      34        0.00040031      a_ia        34                            0.00160123         4
  162761       -0.00039066        om     41167     41168                 -0.04101949       105

  ==> Add operator: mvp2 -1: 105026 105027
  ==> Current qubit order: 2  3  4  5  6  7  8  9  10  11  12  13  14  15  16  17  18  19  22  23  24  25  53  26  27  28  29  30  31  34  32  33  56  57  35  36  37  38  39  49  41  44  40  45  51  48  42  43  50  46  95  61  47  20  84  54  52  1  0  65  71  55  58  59  60  94  62  64  63  21  70  66  85  67  68  69  72  73  74  75  76  77  78  79  80  81  82  83  86  87  88  89  90  91  92  93  


  ==> Energy                -271.800722206
  ==> dE                       -5.11e-04
  ==> Gradient Norm             6.34e-01
  ==> Abs. Max. Deriv.          4.96e-02
  ==> Time-Grad. (s)             286.018
  ==> Time-Energy (s)             26.840
  ==> Time-Iter. (s)             313.906

--------------------------------------------------------------------------------
CEO-ADAPT-VQE iteration: 44
--------------------------------------------------------------------------------
