op     22   24   70   72   24   22   70   72                       -0.10711180821889733361                                                    
op     22   25   70   73   25   22   70   73                       -0.06840228935121041298                                                    
op      0   26   48   74   26    0   48   74                       -0.01450211330313919827                                                    
a_ia   70   72                                                      0.01132737938324572882                                                    
a_ia   22   25                                                     -0.01393564291906044042                                                    
op      0   28   48   76   28    0   48   76                       -0.01042893241536834749                                                    
op      0   24   48   72   24    0   48   72                       -0.00447559484170147962                                                    
op     20   24   68   72   24   20   68   72                       -0.05951816690141027016                                                    
op      0   47   48   95   47    0   48   95                       -0.00852404593179907633                                                    
op     21   24   68   72   24   21   68   72                       -0.03568952282678058280                                                    
op      0   35   48   83   35    0   48   83                       -0.00630678666798657490                                                    
