op     22   24   70   72   24   22   70   72                       -0.10713737439807993757                                                    
op     22   25   70   73   25   22   70   73                       -0.06871841460492174314                                                    
op      0   26   48   74   26    0   48   74                       -0.01428446195518876839                                                    
a_ia   70   72                                                      0.01185289520353146470                                                    
a_ia   22   25                                                     -0.01377216688804169115                                                    
op      0   28   48   76   28    0   48   76                       -0.01026985858866103114                                                    
op      0   24   48   72   24    0   48   72                       -0.00443248535771204998                                                    
op     20   24   68   72   24   20   68   72                       -0.06003048549957026164                                                    
op      0   47   48   95   47    0   48   95                       -0.00845839735034225638                                                    
op     21   24   68   72   24   21   68   72                       -0.03578912672029684744                                                    
op      0   35   48   83   35    0   48   83                       -0.00622393511133518141                                                    
op      0   32   48   95   32    0   48   95                        0.00278644263081726483                                                    
op      0   33   48   81   33    0   48   81                       -0.00292837800895456380                                                    
op      0   32   48   80   32    0   48   80                       -0.00315259917168235959                                                    
mvp2    0   47   58   90   47    0   58   90                       -0.01026122555426444566    0.00011184473547044263                          
mvp2   48   90   58   95   48   58   90   95                        0.00651506783768447326    0.00001694360800845118                          
mvp2    0   32   58   90   32    0   58   90                        0.00328917950344991081   -0.00017341318371845202                          
mvp2    0   42   48   90   42    0   48   90                       -0.00565742331180286041    0.00093979864588068242                          
mvp2   21   25   70   73   25   21   70   73                       -0.01344588242846555745   -0.00000979204521761539                          
