op     22   24   70   72   24   22   70   72                       -0.10713808412057566899                                                    
op     22   25   70   73   25   22   70   73                       -0.06840110229001636344                                                    
op      0   26   48   74   26    0   48   74                       -0.01440255216516395098                                                    
a_ia   70   72                                                      0.01132241580027070621                                                    
a_ia   22   25                                                     -0.01392414049244638206                                                    
op      0   28   48   76   28    0   48   76                       -0.01034935019895163490                                                    
op      0   24   48   72   24    0   48   72                       -0.00441739538527498397                                                    
op     20   24   68   72   24   20   68   72                       -0.05967217258955619108                                                    
op      0   47   48   95   47    0   48   95                       -0.00854851854537594900                                                    
op     21   24   68   72   24   21   68   72                       -0.03571535671565343600                                                    
op      0   35   48   83   35    0   48   83                       -0.00630592178315800625                                                    
op      0   32   48   95   32    0   48   95                        0.00280220617460482345                                                    
op      0   33   48   81   33    0   48   81                       -0.00298137373846259473                                                    
