op     22   24   70   72   24   22   70   72                       -0.11582271411959134400                                                    
op     22   25   70   73   25   22   70   73                       -0.07062120920192958839                                                    
op      0   26   48   74   26    0   48   74                       -0.01422048992632123782                                                    
a_ia   70   72                                                      0.00828937564932655073                                                    
a_ia   22   25                                                     -0.01271941501709050217                                                    
op      0   28   48   76   28    0   48   76                       -0.01009275884809988574                                                    
op      0   24   48   72   24    0   48   72                       -0.00434027210162057486                                                    
op     20   24   68   72   24   20   68   72                       -0.06991779782908810748                                                    
op      0   47   48   95   47    0   48   95                       -0.00843052687995909412                                                    
op     21   24   68   72   24   21   68   72                       -0.03739660801021617298                                                    
op      0   35   48   83   35    0   48   83                       -0.00629479258575495540                                                    
op      0   32   48   95   32    0   48   95                        0.00287932576102186040                                                    
op      0   33   48   81   33    0   48   81                       -0.00303879923977133431                                                    
op      0   32   48   80   32    0   48   80                       -0.00322249976860523478                                                    
mvp2    0   47   58   90   47    0   58   90                       -0.01022727043843109015    0.00010271554902742545                          
mvp2   48   90   58   95   48   58   90   95                        0.00649176582572629380   -0.00000096690306222136                          
mvp2    0   32   58   90   32    0   58   90                        0.00311826297345771082   -0.00743288127761463843                          
mvp2    0   42   48   90   42    0   48   90                       -0.00569759381434957295    0.00096806362586090153                          
mvp2   21   25   70   73   25   21   70   73                       -0.01964151713071122726   -0.00020747230073600245                          
op      0   42   58   95   42    0   58   95                       -0.00372292125280265784                                                    
op     16   28   64   76   28   16   64   76                       -0.01389872194794553734                                                    
a_ia   58   79                                                     -0.00049848188730872405                                                    
mvp2   20   24   70   72   24   20   70   72                        0.01392470920912721420    0.00819073509282441069                          
a_ia   68   70                                                     -0.29476692662728637417                                                    
op      0   33   48   83   33    0   48   83                        0.00261640909490320865                                                    
mvp2   22   24   68   72   24   22   68   72                        0.06833626150244008490   -0.00039350463615742224                          
