op     22   24   70   72   24   22   70   72                       -0.08009643314166750572                                                    
op     22   25   70   73   25   22   70   73                       -0.08598411281425463737                                                    
op      0   26   48   74   26    0   48   74                       -0.01486299682527021833                                                    
a_ia   70   72                                                     -0.02677387124641198227                                                    
a_ia   22   25                                                     -0.00617598564452157949                                                    
op      0   28   48   76   28    0   48   76                       -0.01005630376038285471                                                    
op      0   24   48   72   24    0   48   72                       -0.00363861850887080935                                                    
op     20   24   68   72   24   20   68   72                       -0.11245344669255485925                                                    
op      0   47   48   95   47    0   48   95                       -0.00816133082219828304                                                    
op     21   24   68   72   24   21   68   72                       -0.03710311299850477251                                                    
op      0   35   48   83   35    0   48   83                       -0.00647610983289888167                                                    
op      0   32   48   95   32    0   48   95                        0.00544461561220271808                                                    
op      0   33   48   81   33    0   48   81                       -0.00298450990454359215                                                    
op      0   32   48   80   32    0   48   80                       -0.00314003701598773461                                                    
mvp2    0   47   58   90   47    0   58   90                       -0.01012442084629359279    0.00007007056281369563                          
mvp2   48   90   58   95   48   58   90   95                        0.02423864482235497941   -0.00017737882776766364                          
mvp2    0   32   58   90   32    0   58   90                        0.00322689803610679438   -0.08222598658052460152                          
mvp2    0   42   48   90   42    0   48   90                       -0.00567026928691208559    0.00394944793567142145                          
mvp2   21   25   70   73   25   21   70   73                       -0.03446330108960189709   -0.00426022521057270974                          
op      0   42   58   95   42    0   58   95                       -0.00381269092137995289                                                    
op     16   28   64   76   28   16   64   76                       -0.01386541228544572492                                                    
a_ia   58   79                                                     -0.00110367735655766573                                                    
mvp2   20   24   70   72   24   20   70   72                        0.04145529954352703689   -0.15421715639738023396                          
a_ia   68   70                                                     -0.48403307166417058882                                                    
op      0   33   48   83   33    0   48   83                        0.00261544783353142999                                                    
mvp2   22   24   68   72   24   22   68   72                        0.05334726175177106205    0.03230052110436790191                          
mvp2    0   35   48   95   35    0   48   95                       -0.00456426700888019291   -0.17463912280744708916                          
mvp2   20   25   69   73   25   20   69   73                       -0.01446544734004891197    0.00070421326986722446                          
a_ia   20   22                                                     -0.53272548556044485579                                                    
a_ia   70   72                                                      0.03513956100719359960                                                    
mvp2   10   42   48   95   42   10   48   95                       -0.01326410298084515146   -0.92727624977435774145                          
mvp2    0   47   48   95   47    0   48   95                       -0.00358964246735622890   -0.01946478648296600528                          
op      0   30   48   78   30    0   48   78                       -0.00283433774431882026                                                    
om     21   25   69   73   25   21   69   73                       -0.01476497820924055002                                                    
mvp2    0   30   48   95   30    0   48   95                       -0.00307213909593751855   -0.34442421189592425934                          
a_ia   24   25                                                     -0.29546290849182099691                                                    
mvp2    0   47   48   80   47    0   48   80                        0.00282012383254405747   -0.22061814920752029212                          
mvp2    0   26   48   95   26    0   48   95                        0.00804125602097853498    0.90950273206051401864                          
mvp2    0   26   48   78   26    0   48   78                        0.00493766245030250774   -0.00032812796518207722                          
mvp2    0   26   48   83   26    0   48   83                        0.00807484035832919944   -0.00024494847638879103                          
mvp2    0   26   48   80   26    0   48   80                       -0.00315406874918555376    0.00000796628669774349                          
