op     22   24   70   72   24   22   70   72                       -0.10709300911687220925                                                    
op     22   25   70   73   25   22   70   73                       -0.06840311396125881016                                                    
op      0   26   48   74   26    0   48   74                       -0.01461806597412376903                                                    
a_ia   70   72                                                      0.01133121986586456582                                                    
a_ia   22   25                                                     -0.01394311978760697998                                                    
op      0   28   48   76   28    0   48   76                       -0.01052785948467753821                                                    
op      0   24   48   72   24    0   48   72                       -0.00458100329721996668                                                    
op     20   24   68   72   24   20   68   72                       -0.05940680536677730994                                                    
op      0   47   48   95   47    0   48   95                       -0.00853553142537551331                                                    
op     21   24   68   72   24   21   68   72                       -0.03567400632674207900                                                    
