op     22   24   70   72   24   22   70   72                       -0.08007399577009380320                                                    
op     22   25   70   73   25   22   70   73                       -0.08599335838606159133                                                    
op      0   26   48   74   26    0   48   74                       -0.01438912023563914365                                                    
a_ia   70   72                                                     -0.02678680424777764302                                                    
a_ia   22   25                                                     -0.00617548756879921380                                                    
op      0   28   48   76   28    0   48   76                       -0.01015273877587713480                                                    
op      0   24   48   72   24    0   48   72                       -0.00366118823261948065                                                    
op     20   24   68   72   24   20   68   72                       -0.11245701095447091511                                                    
op      0   47   48   95   47    0   48   95                       -0.00810255511761953477                                                    
op     21   24   68   72   24   21   68   72                       -0.03713540333906249769                                                    
op      0   35   48   83   35    0   48   83                       -0.00627593520145112906                                                    
op      0   32   48   95   32    0   48   95                        0.00545346292062395214                                                    
op      0   33   48   81   33    0   48   81                       -0.00299643292375790854                                                    
op      0   32   48   80   32    0   48   80                       -0.00313865435789339097                                                    
mvp2    0   47   58   90   47    0   58   90                       -0.01013277519705683798    0.00007022536640693816                          
mvp2   48   90   58   95   48   58   90   95                        0.02425761985397338269   -0.00017671032800661209                          
mvp2    0   32   58   90   32    0   58   90                        0.00322774188984672984   -0.08223386157025118492                          
mvp2    0   42   48   90   42    0   48   90                       -0.00568012393678406398    0.00394818318149217379                          
mvp2   21   25   70   73   25   21   70   73                       -0.03447009539101912601   -0.00425965881858626858                          
op      0   42   58   95   42    0   58   95                       -0.00380977095007636402                                                    
op     16   28   64   76   28   16   64   76                       -0.01386040920880283848                                                    
a_ia   58   79                                                     -0.00113213200170175971                                                    
mvp2   20   24   70   72   24   20   70   72                        0.04146298880536215120   -0.15418400396328904578                          
a_ia   68   70                                                     -0.48407436831724653947                                                    
op      0   33   48   83   33    0   48   83                        0.00255505604622608675                                                    
mvp2   22   24   68   72   24   22   68   72                        0.05333550376223730738    0.03228851301956982278                          
mvp2    0   35   48   95   35    0   48   95                       -0.00457639319865916789   -0.17463411599338593549                          
mvp2   20   25   69   73   25   20   69   73                       -0.01446632522575259060    0.00070426431860783718                          
a_ia   20   22                                                     -0.53276555532550062821                                                    
a_ia   70   72                                                      0.03514423140740680074                                                    
mvp2   10   42   48   95   42   10   48   95                       -0.01331257173681664463   -0.92727844928124125712                          
mvp2    0   47   48   95   47    0   48   95                       -0.00368877845996412818   -0.01945533042614779051                          
op      0   30   48   78   30    0   48   78                       -0.00269849858805369268                                                    
om     21   25   69   73   25   21   69   73                       -0.01480473635147176552                                                    
mvp2    0   30   48   95   30    0   48   95                       -0.00308258282080634254   -0.34447343276790831634                          
a_ia   24   25                                                     -0.29541518736752431229                                                    
mvp2    0   47   48   80   47    0   48   80                        0.00277771157367081656   -0.22060754240896376932                          
mvp2    0   26   48   95   26    0   48   95                        0.00790160362967548893    0.90949667124025590503                          
mvp2    0   26   48   78   26    0   48   78                        0.00490899365155066970   -0.00007467644550686461                          
