op     22   24   70   72   24   22   70   72                       -0.09848282109088701830                                                    
op     22   25   70   73   25   22   70   73                       -0.07590078231885206972                                                    
op      0   26   48   74   26    0   48   74                       -0.01428857252109727756                                                    
a_ia   70   72                                                     -0.01607141462712930943                                                    
a_ia   22   25                                                     -0.01147179206779045356                                                    
op      0   28   48   76   28    0   48   76                       -0.01014912793745717523                                                    
op      0   24   48   72   24    0   48   72                       -0.00422067023350420744                                                    
op     20   24   68   72   24   20   68   72                       -0.09697985964079545995                                                    
op      0   47   48   95   47    0   48   95                       -0.00705830721204255430                                                    
op     21   24   68   72   24   21   68   72                       -0.03804171937457385966                                                    
op      0   35   48   83   35    0   48   83                       -0.00630228348011424837                                                    
op      0   32   48   95   32    0   48   95                        0.00423298369872192066                                                    
op      0   33   48   81   33    0   48   81                       -0.00300636381447964710                                                    
op      0   32   48   80   32    0   48   80                       -0.00321256559398588361                                                    
mvp2    0   47   58   90   47    0   58   90                       -0.01014044072316580558    0.00019615970857676750                          
mvp2   48   90   58   95   48   58   90   95                        0.01994396735726117545   -0.00004041755724144136                          
mvp2    0   32   58   90   32    0   58   90                        0.00317834394457877341   -0.04968965775277769947                          
mvp2    0   42   48   90   42    0   48   90                       -0.00566842787758826960    0.00118705914123701435                          
mvp2   21   25   70   73   25   21   70   73                       -0.02394731725340895276   -0.00248171556655832652                          
op      0   42   58   95   42    0   58   95                       -0.00382889831900876500                                                    
op     16   28   64   76   28   16   64   76                       -0.01386752397826069606                                                    
a_ia   58   79                                                     -0.00090069568971375916                                                    
mvp2   20   24   70   72   24   20   70   72                        0.03985690368950999679   -0.01514133213623504275                          
a_ia   68   70                                                     -0.44054265455001506702                                                    
op      0   33   48   83   33    0   48   83                        0.00256713899490239447                                                    
mvp2   22   24   68   72   24   22   68   72                        0.05087446308133160289    0.00076697498018599196                          
mvp2    0   35   48   95   35    0   48   95                       -0.00434877791753425242   -0.19183901277919757078                          
mvp2   20   25   69   73   25   20   69   73                       -0.01540302275646016766    0.00087921808895542730                          
a_ia   20   22                                                     -0.39920310597831254462                                                    
a_ia   70   72                                                      0.02901187246743781867                                                    
mvp2   10   42   48   95   42   10   48   95                       -0.01008855577134880679   -1.08681011930564608292                          
mvp2    0   47   48   95   47    0   48   95                       -0.00513207413834327036   -0.00004325399034459831                          
op      0   30   48   78   30    0   48   78                       -0.00268499728274569768                                                    
