op     22   24   70   72   24   22   70   72                       -0.09844651121500476443                                                    
op     22   25   70   73   25   22   70   73                       -0.07592082564792944355                                                    
op      0   26   48   74   26    0   48   74                       -0.01434142966349465607                                                    
a_ia   70   72                                                     -0.01610055653326618319                                                    
a_ia   22   25                                                     -0.01143727016657370039                                                    
op      0   28   48   76   28    0   48   76                       -0.01021922853078553739                                                    
op      0   24   48   72   24    0   48   72                       -0.00424864425293934676                                                    
op     20   24   68   72   24   20   68   72                       -0.09700306411917901384                                                    
op      0   47   48   95   47    0   48   95                       -0.01012148132707503360                                                    
op     21   24   68   72   24   21   68   72                       -0.03801452323056053045                                                    
op      0   35   48   83   35    0   48   83                       -0.00633606500631813795                                                    
op      0   32   48   95   32    0   48   95                        0.00413948302727480070                                                    
op      0   33   48   81   33    0   48   81                       -0.00303117698445217560                                                    
op      0   32   48   80   32    0   48   80                       -0.00322254432294241883                                                    
mvp2    0   47   58   90   47    0   58   90                       -0.01008453023703612637    0.00019645288170585433                          
mvp2   48   90   58   95   48   58   90   95                        0.01996208066064277323   -0.00007183404347041366                          
mvp2    0   32   58   90   32    0   58   90                        0.00316535059267587663   -0.04967782040872455868                          
mvp2    0   42   48   90   42    0   48   90                       -0.00569879328795791940    0.00118577336240874537                          
mvp2   21   25   70   73   25   21   70   73                       -0.02396482108053728591   -0.00248088569617576802                          
op      0   42   58   95   42    0   58   95                       -0.00379193960215909584                                                    
op     16   28   64   76   28   16   64   76                       -0.01387737651487073141                                                    
a_ia   58   79                                                     -0.00085046949790691239                                                    
mvp2   20   24   70   72   24   20   70   72                        0.03983948024084012218   -0.01512580781188769749                          
a_ia   68   70                                                     -0.44055465950817584986                                                    
op      0   33   48   83   33    0   48   83                        0.00252684318613033334                                                    
mvp2   22   24   68   72   24   22   68   72                        0.05084189195202643008    0.00076478566846228653                          
mvp2    0   35   48   95   35    0   48   95                       -0.00434279364281770202   -0.19182337233565135981                          
mvp2   20   25   69   73   25   20   69   73                       -0.01542520965905203219    0.00087892405167937129                          
a_ia   20   22                                                     -0.39921358365725162498                                                    
a_ia   70   72                                                      0.02903787897525953940                                                    
mvp2   10   42   48   95   42   10   48   95                       -0.01004956329101370019   -1.08668821443232599400                          
