op     22   24   70   72   24   22   70   72                       -0.10712456207200606040                                                    
op     22   25   70   73   25   22   70   73                       -0.06840171350567199327                                                    
op      0   26   48   74   26    0   48   74                       -0.01443745858403459349                                                    
a_ia   70   72                                                      0.01132503859562032124                                                    
a_ia   22   25                                                     -0.01393026963356868049                                                    
op      0   28   48   76   28    0   48   76                       -0.01037436151440523056                                                    
op      0   24   48   72   24    0   48   72                       -0.00443689612134765422                                                    
op     20   24   68   72   24   20   68   72                       -0.05959267914753356432                                                    
op      0   47   48   95   47    0   48   95                       -0.00851150135850683651                                                    
op     21   24   68   72   24   21   68   72                       -0.03570145331585351106                                                    
op      0   35   48   83   35    0   48   83                       -0.00630590011650452881                                                    
op      0   32   48   95   32    0   48   95                        0.00280513337808616743                                                    
