op     22   24   70   72   24   22   70   72                       -0.07780592318225802717                                                    
op     22   25   70   73   25   22   70   73                       -0.08620784682424310896                                                    
op      0   26   48   74   26    0   48   74                       -0.01426960321296664135                                                    
a_ia   70   72                                                     -0.02780925197989026973                                                    
a_ia   22   25                                                     -0.00656866915433536140                                                    
op      0   28   48   76   28    0   48   76                       -0.01014087004068190551                                                    
op      0   24   48   72   24    0   48   72                       -0.00363983591977285175                                                    
op     20   24   68   72   24   20   68   72                       -0.11189113348555336513                                                    
op      0   47   48   95   47    0   48   95                       -0.00624099157008705177                                                    
op     21   24   68   72   24   21   68   72                       -0.03697146235049637158                                                    
op      0   35   48   83   35    0   48   83                       -0.00634457741120229412                                                    
op      0   32   48   95   32    0   48   95                        0.00429458656244265796                                                    
op      0   33   48   81   33    0   48   81                       -0.00297135054533880947                                                    
op      0   32   48   80   32    0   48   80                       -0.00315557021223432073                                                    
mvp2    0   47   58   90   47    0   58   90                       -0.00983632678743131053    0.00022460297178689286                          
mvp2   48   90   58   95   48   58   90   95                        0.02094194945646037781   -0.00006183619215537182                          
mvp2    0   32   58   90   32    0   58   90                        0.00310818404243294686   -0.05696228172365987164                          
mvp2    0   42   48   90   42    0   48   90                       -0.00562865007426210495    0.00150760763954297565                          
mvp2   21   25   70   73   25   21   70   73                       -0.03440369771324420373   -0.00274775622122969305                          
op      0   42   58   95   42    0   58   95                       -0.00383629977317747999                                                    
op     16   28   64   76   28   16   64   76                       -0.01393375660620836502                                                    
a_ia   58   79                                                     -0.00097965467529200498                                                    
mvp2   20   24   70   72   24   20   70   72                        0.04436211912977984506   -0.03337020359556726323                          
a_ia   68   70                                                     -0.46151654902493577382                                                    
op      0   33   48   83   33    0   48   83                        0.00258955112864576748                                                    
mvp2   22   24   68   72   24   22   68   72                        0.04988380636086776204    0.00533695831182947732                          
mvp2    0   35   48   95   35    0   48   95                       -0.00440234890799729058   -0.19753538924159036450                          
mvp2   20   25   69   73   25   20   69   73                       -0.01436626486616729252    0.00090395075714514307                          
a_ia   20   22                                                     -0.54504932089028734765                                                    
a_ia   70   72                                                      0.03745630008400958194                                                    
mvp2   10   42   48   95   42   10   48   95                       -0.01054543582550020175   -1.17081720883497442109                          
mvp2    0   47   48   95   47    0   48   95                       -0.00601027120678583691   -0.04684064995796338032                          
op      0   30   48   78   30    0   48   78                       -0.00272489877627004337                                                    
om     21   25   69   73   25   21   69   73                       -0.01471736937162796202                                                    
mvp2    0   30   48   95   30    0   48   95                       -0.00302335430810217985   -0.09187335726075065989                          
a_ia   24   25                                                     -0.30147895002195973513                                                    
