-4.224056294272792229e+02
-4.224402306775896818e+02
-4.224684512333798807e+02
-4.224950713860238238e+02
-4.225103154657920754e+02
-4.225316270437472781e+02
-4.225413037059756789e+02
-4.225493619112496049e+02
-4.225564259050848932e+02
-4.225614713886001255e+02
-4.225698212122504174e+02
-4.225737299565407739e+02
-4.225752768436697124e+02
-4.225788902343862787e+02
-4.225822028571731721e+02
-4.225879144874754161e+02
-4.225911493934100918e+02
-4.225961411607133869e+02
-4.225969489414952136e+02
-4.226021495525305909e+02
-4.226047150910246728e+02
-4.226047767946386102e+02
-4.226060492546495198e+02
-4.226066962984140218e+02
-4.226085134517879283e+02
-4.226103508217116769e+02
-4.226115653939884282e+02
-4.226116130562817830e+02
-4.226116703393718126e+02
-4.226117257534510827e+02
-4.226145645116089895e+02
-4.226162779127724889e+02
-4.226165297542244730e+02
-4.226171739685511284e+02
-4.226173490759247784e+02
-4.226174318379191845e+02
-4.226174603069277964e+02
-4.226175517659407888e+02
-4.226175727945474137e+02
-4.226176012438639873e+02
-4.226197865903050115e+02
-4.226198201332783242e+02
-4.226199345711697219e+02
-4.226199746519546920e+02
-4.226200413132253857e+02
-4.226200791801301762e+02
-4.226201052812859871e+02
-4.226204557759108980e+02
-4.226204896456051188e+02
-4.226205467163252933e+02
-4.226206029573671117e+02
-4.226206374152844205e+02
-4.226207354764363231e+02
-4.226207743154188847e+02
-4.226208492466683992e+02
-4.226208898971975145e+02
-4.226209257326501074e+02
-4.226209529877017985e+02
-4.226210173119828255e+02
-4.226210429104554009e+02
-4.226210674464849717e+02
-4.226210800155255924e+02
-4.226211110639039816e+02
-4.226211674531905942e+02
-4.226211901256954206e+02
-4.226212597380014131e+02
-4.226213851890950082e+02
-4.226214313582593149e+02
-4.226214640814303038e+02
-4.226214917274676282e+02
-4.226215087760422762e+02
-4.226215267905404858e+02
-4.226215455266424783e+02
-4.226215722734692122e+02
-4.226215948885654257e+02
-4.226216226317084761e+02
-4.226216324896291212e+02
-4.226216407559315940e+02
-4.226216537503713084e+02
-4.226216658971230231e+02
-4.226216814422614902e+02
-4.226216914082768881e+02
-4.226217081411808181e+02
-4.226217404237339110e+02
-4.226217626165054071e+02
-4.226217876439462202e+02
-4.226218019374338724e+02
-4.226218288219005785e+02
-4.226218570244428179e+02
-4.226218696435055904e+02
-4.226219540734429074e+02
-4.226219889399826002e+02
-4.226220087469507121e+02
-4.226220191213697035e+02
-4.226220864098356174e+02
-4.226221107653265108e+02
-4.226221276242516751e+02
-4.226221356833011100e+02
-4.226221708743477166e+02
-4.226221901562573180e+02
-4.226222231872429234e+02
-4.226222535071689776e+02
-4.226222615862880048e+02
-4.226222742519925077e+02
-4.226223156009098147e+02
-4.226223216367923214e+02
-4.226223448156749214e+02
-4.226223554102114122e+02
-4.226223726524182780e+02
-4.226224148516986929e+02
-4.226224380334015791e+02
-4.226224451713640065e+02
-4.226224604677076968e+02
-4.226224703994432730e+02
