# iter              energy  ci_strings  determinants   pool_size   carryover    wall_sec
   509     -261.8782850110         977        954529       50269        2595       355.8
   510     -261.8782975980         976        952576       50273        2599       353.2
   511     -261.8783085943         983        966289       50273        2607       356.5
   512     -261.8783101383         976        952576       50278        2613       356.0
   513     -261.8783122241         981        962361       50276        2616       358.8
   514     -261.8783125442         975        950625       50281        2623       358.7
   515     -261.8783362369         982        964324       50271        2627       361.5
   516     -261.8783372433         981        962361       50275        2634       363.2
   517     -261.8783385761         978        956484       50277        2641       363.2
   518     -261.8783392829         987        974169       50281        2644       364.7
   519     -261.8783449297         982        964324       50273        2650       364.7
   520     -261.8783576578         980        960400       50270        2656       365.7
   521     -261.8783583210         983        966289       50277        2662       367.5
   522     -261.8783693863         977        954529       50277        2668       368.7
   523     -261.8783754010         974        948676       50278        2675       368.0
   524     -261.8783779239         977        954529       50275        2678       371.9
   525     -261.8783985200         978        956484       50273        2682       371.6
   526     -261.8784000659         978        956484       50277        2687       373.4
   527     -261.8784061624         980        960400       50277        2693       375.9
   528     -261.8784400863         981        962361       50269        2696       375.7
   529     -261.8784471315         978        956484       50274        2702       376.4
   530     -261.8784496142         975        950625       50272        2705       377.9
   531     -261.8784505873         978        956484       50280        2709       377.7
   532     -261.8784563541         976        952576       50266        2713       379.1
   533     -261.8784657512         976        952576       50266        2716       380.0
   534     -261.8784927955         982        964324       50276        2720       384.5
   535     -261.8785025497         987        974169       50272        2724       385.6
   536     -261.8785047149         983        966289       50270        2728       386.4
   537     -261.8785177981         981        962361       50274        2734       384.8
   538     -261.8785196015         979        958441       50276        2740       386.2
   539     -261.8785197064         973        946729       50278        2744       387.9
   540     -261.8785218775         979        958441       50266        2748       388.5
   541     -261.8785253001         978        956484       50269        2754       388.8
   542     -261.8785350172         981        962361       50268        2759       389.5
   543     -261.8785352850         982        964324       50273        2762       392.1
   544     -261.8785446228         978        956484       50273        2766       392.6
   545     -261.8785577893         983        966289       50277        2769       395.8
   546     -261.8785581684         984        968256       50272        2773       396.1
   547     -261.8785593713         978        956484       50269        2775       394.3
   548     -261.8785862156         981        962361       50271        2779       395.2
   549     -261.8785885933         975        950625       50272        2784       395.9
   550     -261.8785933310         983        966289       50274        2788       399.6
   551     -261.8785947159         981        962361       50279        2794       398.7
   552     -261.8785949354         977        954529       50268        2796       400.4
   553     -261.8785968137         981        962361       50282        2801       400.1
   554     -261.8786025179         976        952576       50276        2804       400.6
   555     -261.8786027665         986        972196       50270        2806       403.4
   556     -261.8786065654         980        960400       50271        2812       402.0
   557     -261.8786070996         979        958441       50277        2819       404.0
   558     -261.8786074174         975        950625       50278        2822       405.0
   559     -261.8793728583         983        966289       50275        2826       407.5
   560     -261.8793804189         977        954529       50274        2829       406.2
   561     -261.8793813898         976        952576       50282        2833       408.9
   562     -261.8793817380         980        960400       50268        2836       409.1
   563     -261.8793826051         979        958441       50275        2840       410.0
   564     -261.8793862453         979        958441       50272        2841       412.2
   565     -261.8793862641         981        962361       50274        2842       410.9
   566     -261.8793873999         985        970225       50274        2845       412.1
   567     -261.8793881280         982        964324       50270        2846       413.8
   568     -261.8793894021         975        950625       50270        2848       412.0
   569     -261.8793915148         978        956484       50268        2854       413.7
   570     -261.8794052374         974        948676       50272        2858       412.3
   571     -261.8794270398         982        964324       50272        2864       417.4
   572     -261.8794283683         976        952576       50278        2867       416.0
   573     -261.8794473002         982        964324       50270        2870       417.3
   574     -261.8794501450         978        956484       50270        2874       417.9
   575     -261.8794671149         985        970225       50261        2878       419.7
   576     -261.8794977290         978        956484       50275        2884       420.1
   577     -261.8795274820         981        962361       50272        2889       420.3
   578     -261.8795287001         983        966289       50275        2895       422.0
   579     -261.8795304384         977        954529       50281        2902       422.8
   580     -261.8795371836         977        954529       50284        2915       425.7
   581     -261.8795398962         976        952576       50285        2922       428.5
   582     -261.8795408723         972        944784       50272        2926       428.2
   583     -261.8795413344         980        960400       50277        2929       430.6
   584     -261.8795416982         979        958441       50274        2932       431.3
   585     -261.8795431290         983        966289       50278        2935       432.3
   586     -261.8795440377         982        964324       50275        2939       432.6
   587     -261.8795447538         977        954529       50266        2943       434.9
   588     -261.8809375821         975        950625       50273        2947       434.0
   589     -261.8809384485         975        950625       50275        2954       435.4
   590     -261.8809452730         984        968256       50271        2957       439.1
   591     -261.8809464212         979        958441       50266        2963       441.1
   592     -261.8812423368         981        962361       50270        2971       440.9
   593     -261.8812465814         974        948676       50278        2976       441.4
   594     -261.8812469033         981        962361       50277        2982       444.2
   595     -261.8812575708         981        962361       50284        2988       445.2
   596     -261.8812584863         976        952576       50276        2991       446.8
   597     -261.8812587193         972        944784       50281        2995       448.3
   598     -261.8813188104         984        968256       50272        3001       448.9
   599     -261.8813255007         982        964324       50266        3009       450.2
   600     -261.8813260533         981        962361       50265        3013       454.0
   601     -261.8813274332         984        968256       50283        3015       453.2
   602     -261.8813290647         984        968256       50274        3018       454.6
   603     -261.8813342451         981        962361       50268        3021       455.5
   604     -261.8813385315         978        956484       50276        3026       455.2
   605     -261.8813386785         977        954529       50269        3030       456.5
   606     -261.8813596905         983        966289       50277        3038       458.5
   607     -261.8813665971         980        960400       50267        3043       460.5
   608     -261.8813700833         981        962361       50272        3045       460.6
   609     -261.8813881505         976        952576       50277        3048       460.3
   610     -261.8813973809         983        966289       50269        3048       464.1
   611     -261.8814238808         975        950625       50269        3053       460.6
   612     -261.8814658015         975        950625       50272        3058       462.5
   613     -261.8814666550         981        962361       50271        3060       465.8
   614     -261.8815524128         976        952576       50269        3070       466.1
   615     -261.8815528310         981        962361       50283        3075       468.1
   616     -261.8815543892         971        942841       50278        3079       468.9
   617     -261.8815546367         983        966289       50274        3083       470.6
   618     -261.8815569967         976        952576       50275        3093       471.6
   619     -261.8815588815         981        962361       50275        3098       473.3
   620     -261.8815601158         979        958441       50281        3104       476.0
   621     -261.8815841982         978        956484       50280        3107       476.6
   622     -261.8815935533         974        948676       50276        3110       478.4
   623     -261.8815939012         974        948676       50278        3114       477.8
   624     -261.8815983901         983        966289       50271        3118       480.7
   625     -261.8816192410         980        960400       50278        3123       482.6
   626     -261.8816517671         977        954529       50278        3130       482.3
   627     -261.8816536546         981        962361       50275        3139       485.0
   628     -261.8816554028         975        950625       50272        3141       487.1
   629     -261.8816637415         979        958441       50276        3145       490.4
   630     -261.8816646248         980        960400       50273        3150       489.8
   631     -261.8816657043         978        956484       50274        3153       489.5
   632     -261.8816681935         982        964324       50275        3160       490.2
   633     -261.8816684597         967        935089       50263        3164       492.4
   634     -261.8816698706         977        954529       50271        3167       493.4
   635     -261.8816711656         981        962361       50270        3172       496.3
   636     -261.8816718938         978        956484       50272        3175       494.6
   637     -261.8816721887         981        962361       50277        3180       496.9
   638     -261.8816727317         977        954529       50270        3183       496.6
   639     -261.8816730085         980        960400       50266        3188       498.9
   640     -261.8816732752         977        954529       50276        3189       501.3
   641     -261.8816733688         983        966289       50275        3193       502.5
   642     -261.8817037217         985        970225       50262        3204       503.5
   643     -261.8817051535         978        956484       50272        3209       504.4
   644     -261.8817072393         981        962361       50279        3213       505.9
   645     -261.8818164573         977        954529       50268        3214       506.2
   646     -261.8832285882         972        944784       50273        3220       507.0
   647     -261.8832296132         983        966289       50276        3227       509.6
   648     -261.8832327963         979        958441       50273        3230       512.7
   649     -261.8832341058         973        946729       50277        3238       510.6
   650     -261.8832357626         974        948676       50280        3245       513.4
   651     -261.8832365362         977        954529       50281        3248       513.6
   652     -261.8832718013         983        966289       50277        3252       517.7
   653     -261.8832741157         979        958441       50268        3254       517.8
   654     -261.8832751787         980        960400       50272        3258       519.0
   655     -261.8832754261         979        958441       50268        3260       520.0
   656     -261.8832770676         977        954529       50274        3264       519.1
   657     -261.8834915641         983        966289       50278        3268       519.0
   658     -261.8834920196         976        952576       50284        3270       521.7
   659     -261.8834921330         979        958441       50284        3272       523.9
   660     -261.8847166930         985        970225       50272        3279       525.3
   661     -261.8847178152         983        966289       50269        3285       526.0
   662     -261.8847181522         972        944784       50273        3287       527.2
   663     -261.8847184006         974        948676       50279        3290       524.9
   664     -261.8847217902         983        966289       50276        3293       530.0
   665     -261.8847234852         984        968256       50279        3298       529.6
   666     -261.8847239903         972        944784       50276        3303       529.9
   667     -261.8847322394         980        960400       50280        3310       532.8
   668     -261.8847341177         977        954529       50280        3316       535.6
   669     -261.8847363862         974        948676       50279        3318       535.8
   670     -261.8847532858         980        960400       50269        3319       537.8
   671     -261.8847572576         984        968256       50263        3323       538.3
   672     -261.8847637924         984        968256       50285        3331       541.5
   673     -261.8847651177         984        968256       50269        3335       543.8
   674     -261.8847821074         979        958441       50271        3340       543.8
   675     -261.8847884385         977        954529       50278        3342       546.5
   676     -261.8847938478         984        968256       50278        3347       544.8
   677     -261.8847965219         975        950625       50275        3354       547.4
   678     -261.8847979180         988        976144       50280        3359       549.1
   679     -261.8848024682         979        958441       50286        3365       548.0
   680     -261.8848087005         979        958441       50277        3370       552.5
   681     -261.8848127736         984        968256       50278        3373       555.2
   682     -261.8848144735         978        956484       50285        3378       553.4
   683     -261.8848149783         984        968256       50264        3382       558.1
   684     -261.8848168922         980        960400       50273        3386       555.9
   685     -261.8848187294         982        964324       50264        3389       558.8
   686     -261.8848206696         980        960400       50282        3399       561.1
   687     -261.8848229844         981        962361       50277        3401       562.3
   688     -261.8848259708         983        966289       50269        3406       564.3
   689     -261.8848300721         981        962361       50273        3412       562.1
   690     -261.8848302239         980        960400       50276        3415       566.9
   691     -261.8848333707         980        960400       50275        3419       566.8
   692     -261.8848340690         980        960400       50276        3424       569.0
   693     -261.8848553809         983        966289       50273        3429       570.2
   694     -261.8848599347         973        946729       50279        3434       571.3
   695     -261.8848609651         982        964324       50278        3440       572.8
   696     -261.8848639159         980        960400       50271        3442       572.4
   697     -261.8848656417         976        952576       50275        3445       572.8
   698     -261.8848657539         979        958441       50272        3452       576.0
   699     -261.8848732861         981        962361       50276        3454       577.2
   700     -261.8848745165         986        972196       50279        3457       579.0
   701     -261.8852135607         978        956484       50275        3457       577.2
   702     -261.8852185023         980        960400       50278        3460       577.6
   703     -261.8852195711         983        966289       50274        3464       581.0
   704     -261.8873455805         978        956484       50267        3466       580.6
   705     -261.8873698999         978        956484       50263        3474       582.0
   706     -261.8873715977         983        966289       50272        3479       586.1
   707     -261.8873720537         978        956484       50271        3481       587.5
   708     -261.8873724267         979        958441       50275        3486       587.1
   709     -261.8873771067         976        952576       50277        3492       586.0
   710     -261.8873781371         986        972196       50276        3499       589.4
   711     -261.8873787974         981        962361       50276        3504       588.0
   712     -261.8873798519         978        956484       50271        3508       592.9
   713     -261.8873803394         978        956484       50272        3514       593.5
   714     -261.8873882863         978        956484       50274        3523       594.5
   715     -261.8873887256         983        966289       50275        3531       600.5
   716     -261.8873894206         982        964324       50277        3534       602.8
   717     -261.8873941136         978        956484       50276        3540       599.7
   718     -261.8874050752         982        964324       50271        3544       606.1
   719     -261.8874051701         981        962361       50275        3547       606.1
   720     -261.8874064721         985        970225       50280        3549       608.1
   721     -261.8874068733         982        964324       50277        3556       606.5
   722     -261.8874104969         986        972196       50269        3560       609.9
   723     -261.8874537493         982        964324       50281        3565       608.2
   724     -261.8874546908         984        968256       50271        3570       611.6
   725     -261.8874550910         986        972196       50275        3575       615.9
   726     -261.8874788241         979        958441       50273        3580       615.0
   727     -261.8874789910         982        964324       50281        3586       616.7
   728     -261.8874935950         987        974169       50274        3592       620.2
   729     -261.8874985459         981        962361       50273        3597       620.1
   730     -261.8889099869         980        960400       50276        3602       622.3
   731     -261.8889114482         982        964324       50273        3608       625.2
   732     -261.8889459983         980        960400       50273        3612       626.4
   733     -261.8889484664         978        956484       50272        3614       626.6
   734     -261.8889617026         984        968256       50267        3619       628.5
   735     -261.8889623489         979        958441       50274        3624       631.6
   736     -261.8889690064         975        950625       50275        3630       632.0
   737     -261.8889736375         974        948676       50272        3633       632.6
   738     -261.8889737077         978        956484       50273        3635       632.9
   739     -261.8889763609         983        966289       50273        3639       635.5
   740     -261.8889770198         979        958441       50274        3642       636.3
   741     -261.8889908632         977        954529       50275        3652       635.8
   742     -261.8889910241         983        966289       50272        3657       641.0
   743     -261.8890010837         982        964324       50270        3661       642.1
   744     -261.8890047306         978        956484       50273        3665       644.7
   745     -261.8890059412         976        952576       50273        3669       642.5
   746     -261.8890063231         985        970225       50273        3671       645.6
   747     -261.8890109991         981        962361       50278        3677       644.9
   748     -261.8890113328         983        966289       50272        3678       650.0
   749     -261.8890176826         983        966289       50279        3681       648.6
   750     -261.8890251867         974        948676       50281        3685       648.1
   751     -261.8890363901         982        964324       50282        3690       651.4
   752     -261.8936193441         986        972196       50278        3687       654.2
   753     -261.8936194521         984        968256       50277        3691       653.9
   754     -261.8936224489         980        960400       50276        3695       655.5
   755     -261.8936234019         986        972196       50278        3700       655.0
   756     -261.8936653492         975        950625       50272        3707       655.2
   757     -261.8938744658         975        950625       50261        3711       657.7
   758     -261.8938746263         978        956484       50275        3714       658.3
   759     -261.8938754845         982        964324       50275        3719       662.0
   760     -261.8938761479         978        956484       50287        3723       660.6
   761     -261.8938764446         982        964324       50273        3728       661.9
   762     -261.8938795185         966        933156       50274        3733       661.6
   763     -261.8938809587         980        960400       50271        3737       665.5
   764     -261.8938830369         984        968256       50279        3740       668.5
   765     -261.8938850420         985        970225       50276        3744       669.0
   766     -261.8939970553         984        968256       50266        3744       670.5
   767     -261.8940036154         982        964324       50269        3746       667.9
   768     -261.8940053312         977        954529       50270        3750       669.2
   769     -261.8940169154         978        956484       50277        3755       672.6
   770     -261.8940218786         978        956484       50272        3759       674.7
   771     -261.8940221994         977        954529       50273        3761       675.9
   772     -261.8940247779         981        962361       50281        3764       676.5
   773     -261.8940252143         986        972196       50273        3769       681.1
   774     -261.8940309929         987        974169       50278        3772       681.4
   775     -261.8940360786         982        964324       50272        3778       681.2
   776     -261.8940376124         974        948676       50275        3782       682.8
   777     -261.8940382962         983        966289       50272        3787       685.7
   778     -261.8940450465         981        962361       50278        3791       685.6
   779     -261.8940472309         985        970225       50274        3796       688.4
   780     -261.8940506167         982        964324       50266        3803       690.2
   781     -261.8940699787         985        970225       50270        3807       693.2
   782     -261.8940701676         978        956484       50282        3809       690.2
   783     -261.8940975904         982        964324       50267        3811       693.0
   784     -261.8941094773         983        966289       50277        3821       695.3
   785     -261.8941157357         978        956484       50284        3825       696.0
   786     -261.8941167359         986        972196       50275        3830       700.2
   787     -261.8941196007         979        958441       50282        3831       700.9
   788     -261.8941207649         981        962361       50264        3834       700.3
   789     -261.8941348882         983        966289       50270        3839       702.2
   790     -261.8941440192         981        962361       50264        3842       701.1
   791     -261.8941463347         984        968256       50276        3845       704.8
   792     -261.8941473035         981        962361       50261        3849       705.7
   793     -261.8941498809         985        970225       50275        3855       706.9
   794     -261.8941668355         984        968256       50272        3858       708.2
   795     -261.8941681179         974        948676       50278        3864       706.1
   796     -261.8942140306         980        960400       50278        3867       711.5
   797     -261.8942147162         971        942841       50279        3874       709.6
   798     -261.8942314913         980        960400       50266        3878       715.5
   799     -261.8942329356         976        952576       50261        3883       715.7
   800     -261.8942336425         987        974169       50268        3888       721.9
   801     -261.8942360320         983        966289       50272        3890       720.7
   802     -261.8942373787         979        958441       50276        3894       720.3
   803     -261.8942375363         977        954529       50272        3898       721.0
   804     -261.8942379833         980        960400       50279        3901       722.8
   805     -261.8942394113         980        960400       50275        3906       725.1
   806     -261.8942455301         981        962361       50273        3911       721.2
   807     -261.8942457790         979        958441       50280        3913       728.7
   808     -261.8942573874         976        952576       50276        3915       727.0
   809     -261.8942686392         980        960400       50277        3919       729.4
   810     -261.8942697156         980        960400       50269        3925       731.3
   811     -261.8942759728         982        964324       50272        3929       730.4
   812     -261.8942771243         979        958441       50269        3932       734.5
   813     -261.8942868241         979        958441       50275        3934       733.9
   814     -261.8942879919         975        950625       50278        3936       731.6
   815     -261.8943090882         973        946729       50269        3940       734.3
   816     -261.8943094242         978        956484       50273        3945       736.5
   817     -261.8943096758         979        958441       50281        3950       738.2
   818     -261.8943138792         978        956484       50277        3956       742.2
   819     -261.8943147442         983        966289       50271        3959       742.9
   820     -261.8943445764         981        962361       50281        3965       743.9
   821     -261.8943446036         979        958441       50277        3966       746.0
   822     -261.8943451942         975        950625       50277        3970       744.2
   823     -261.8943518596         983        966289       50273        3977       758.9
   824     -261.8943527910         979        958441       50277        3984       747.6
   825     -261.8943530770         978        956484       50275        3988       749.8
   826     -261.8943541673         980        960400       50274        3993       754.2
   827     -261.8943543791         978        956484       50275        3997       754.9
   828     -261.8943555117         983        966289       50269        3999       758.4
   829     -261.8943605285         968        937024       50279        4002       755.5
   830     -261.8943608979         980        960400       50263        4004       759.5
   831     -261.8943667255         976        952576       50266        4011       756.9
   832     -261.8943986370         974        948676       50270        4014       760.4
   833     -261.8944021632         981        962361       50271        4023       764.3
   834     -261.8944029602         980        960400       50273        4028       767.3
   835     -261.8944126008         980        960400       50271        4032       768.8
   836     -261.8944237659         979        958441       50269        4035       767.6
   837     -261.8944292708         985        970225       50273        4039       771.5
   838     -261.8944295064         976        952576       50277        4043       769.3
   839     -261.8944320032         983        966289       50275        4047       772.6
   840     -261.8964508061         976        952576       50273        4048       776.7
   841     -261.8964520604         978        956484       50272        4058       776.1
   842     -261.8964542227         979        958441       50275        4062       777.7
   843     -261.8964542748         981        962361       50273        4064       778.3
   844     -261.8964651236         981        962361       50271        4065       781.6
   845     -261.8964659573         983        966289       50269        4069       782.1
   846     -261.8964685732         974        948676       50270        4073       779.9
   847     -261.8964687847         974        948676       50271        4076       783.0
   848     -261.8964691855         979        958441       50279        4079       786.2
   849     -261.8964694018         979        958441       50270        4082       786.8
   850     -261.8964726779         981        962361       50279        4086       789.9
   851     -261.8964747264         978        956484       50272        4092       787.3
   852     -261.8964779817         979        958441       50275        4097       791.4
   853     -261.8964785693         982        964324       50282        4098       792.9
   854     -261.8964790629         982        964324       50279        4102       789.5
   855     -261.8964944047         974        948676       50278        4106       793.7
   856     -261.8964951721         978        956484       50284        4107       794.4
   857     -261.8964968046         984        968256       50275        4110       798.1
   858     -261.8965090250         982        964324       50273        4113       797.0
   859     -261.8965104745         985        970225       50270        4117       799.4
   860     -261.8965111114         982        964324       50272        4121       800.2
   861     -261.8965124443         986        972196       50274        4126       801.9
   862     -261.8965152310         974        948676       50278        4132       801.5
   863     -261.8965178032         973        946729       50272        4138       804.0
   864     -261.8965268473         981        962361       50271        4142       808.1
   865     -261.8965274895         985        970225       50276        4148       811.2
   866     -261.8965324321         978        956484       50273        4151       812.6
   867     -261.8965347199         978        956484       50271        4154       812.3
   868     -261.8965351705         977        954529       50275        4158       812.6
   869     -261.8965487433         975        950625       50280        4160       811.8
   870     -261.8965487564         982        964324       50276        4161       815.3
   871     -261.8966304157         980        960400       50275        4163       816.8
   872     -261.8966307523         983        966289       50272        4168       818.2
   873     -261.8966323767         982        964324       50268        4175       819.1
   874     -261.8966330117         977        954529       50271        4181       821.0
   875     -261.8983313256         977        954529       50274        4184       823.8
   876     -261.8983313801         984        968256       50270        4187       825.5
   877     -261.8983399116         977        954529       50277        4192       824.2
   878     -261.8983400733         985        970225       50268        4195       831.4
   879     -261.8983410315         978        956484       50273        4198       827.8
   880     -261.8983494241         979        958441       50276        4203       827.5
   881     -261.8983535776         985        970225       50276        4209       833.3
   882     -261.8983539031         978        956484       50271        4212       832.5
   883     -261.8990630873         981        962361       50269        4216       835.2
   884     -261.8990633335         983        966289       50271        4219       837.9
   885     -261.8990648372         981        962361       50271        4222       838.3
   886     -261.8990683520         980        960400       50277        4228       839.8
   887     -261.8990706948         977        954529       50277        4232       840.6
   888     -261.8990709482         984        968256       50273        4234       844.5
   889     -261.8990785246         977        954529       50271        4239       842.3
   890     -261.8990793544         981        962361       50271        4242       847.9
   891     -261.8990835052         980        960400       50269        2082       351.6
   892     -261.8989926362         980        960400       50282        1733       125.4
   893     -261.8989155140         974        948676       50277        1522        92.2
   894     -261.8988459770         977        954529       50272        1373        73.7
   895     -261.8987764768         981        962361       50268        1259        62.6
   896     -261.8987095248         978        956484       50271        1168        55.3
   897     -261.8986415778         982        964324       50263        1096        49.7
   898     -261.8985879138         977        954529       50273        1037        45.3
   899     -261.8985030033         984        968256       50272         985        42.4
   900     -261.8984672705         984        968256       50270         942        40.4
   901     -261.8983980761         973        946729       50271         904        37.1
   902     -261.8984418793         984        968256       50275         869        35.6
   903     -261.8983987148         979        958441       50270         839        33.9
   904     -261.8983465178         982        964324       50274         812        32.8
   905     -261.8983001763         970        940900       50269         788        31.5
   906     -261.8982220019         980        960400       50275         764        30.5
   907     -261.8981465150         974        948676       50268         743        29.2
   908     -261.8980521712         975        950625       50286         723        28.2
   909     -261.8980068081         982        964324       50278         706        27.5
   910     -261.8979447817         976        952576       50271         691        27.0
   911     -261.8978678487         978        956484       50276         675        26.4
   912     -261.8978062855         977        954529       50266         660        25.8
   913     -261.8976993133         980        960400       50277         646        25.2
   914     -261.8976347411         979        958441       50268         633        24.7
   915     -261.8975941911         981        962361       50274         620        24.2
   916     -261.8975580100         977        954529       50281         609        23.9
   917     -261.8975086418         978        956484       50269         598        23.8
   918     -261.8974405999         981        962361       50284         588        23.5
   919     -261.8973991279         981        962361       50271         578        23.0
   920     -261.8973523648         979        958441       50276         568        23.0
   921     -261.8973058824         977        954529       50271         559        23.7
   922     -261.8972308733         982        964324       50275         549        22.4
   923     -261.8971736199         979        958441       50279         540        22.1
   924     -261.8971420044         985        970225       50273         533        21.9
   925     -261.8970718524         978        956484       50273         524        21.6
   926     -261.8970057410         982        964324       50269         517        21.5
   927     -261.8969429927         978        956484       50281         510        21.2
   928     -261.8968984307         979        958441       50278         502        21.1
   929     -261.8968302812         981        962361       50281         494        20.7
   930     -261.8967871146         982        964324       50272         488        20.5
   931     -261.8967674245         978        956484       50275         483        20.7
   932     -261.8967176032         973        946729       50278         477        20.3
   933     -261.8966734852         982        964324       50271         470        20.1
   934     -261.8966318586         982        964324       50275         464        20.2
   935     -261.8965978150         981        962361       50282         458        20.1
   936     -261.8965380824         986        972196       50272         452        19.8
   937     -261.8965112281         977        954529       50276         447        19.7
   938     -261.8964521289         975        950625       50283         441        19.6
   939     -261.8964148305         981        962361       50270         437        19.6
   940     -261.8963936028         982        964324       50274         433        19.5
   941     -261.8963409601         981        962361       50270         428        19.4
   942     -261.8963686288         980        960400       50272         427        19.6
   943     -261.8963054412         985        970225       50269         422        19.1
   944     -261.8961950368         975        950625       50274         417        18.8
   945     -261.8961439206         979        958441       50283         412        18.9
   946     -261.8961053844         980        960400       50270         408        19.0
   947     -261.8960756073         980        960400       50269         405        19.0
   948     -261.8960201101         986        972196       50268         401        18.6
   949     -261.8960505959         981        962361       50273         399        18.6
   950     -261.8960156232         982        964324       50276         396        18.7
   951     -261.8959799780         980        960400       50268         393        18.8
   952     -261.8959241113         984        968256       50273         389        18.4
   953     -261.8959050051         980        960400       50277         386        18.4
   954     -261.8958479995         983        966289       50276         384        18.4
   955     -261.8958214582         980        960400       50267         381        18.5
   956     -261.8958180262         979        958441       50266         378        18.4
   957     -261.8957529749         978        956484       50272         375        18.2
   958     -261.8957337841         981        962361       50280         373        18.0
   959     -261.8956937815         981        962361       50279         370        18.2
   960     -261.8956933874         975        950625       50275         367        18.0
   961     -261.8956398078         973        946729       50275         365        18.0
   962     -261.8956261116         982        964324       50282         362        17.9
   963     -261.8956296325         974        948676       50276         360        17.9
   964     -261.8955985099         975        950625       50276         358        17.9
   965     -261.8955735092         979        958441       50280         356        18.0
   966     -261.8955630335         975        950625       50278         354        17.8
   967     -261.8955156026         979        958441       50265         352        18.0
   968     -261.8954614618         981        962361       50269         349        18.2
   969     -261.8954034451         987        974169       50269         347        17.7
   970     -261.8955566305         983        966289       50266         346        17.7
   971     -261.8955601393         974        948676       50275         344        17.6
   972     -261.8954841402         984        968256       50271         341        17.5
   973     -261.8954544443         970        940900       50265         339        17.4
   974     -261.8954972474         979        958441       50282         337        17.5
   975     -261.8955549489         980        960400       50278         337        17.5
   976     -261.8955880488         978        956484       50273         335        17.7
   977     -261.8955067619         980        960400       50270         333        17.5
   978     -261.8955117851         979        958441       50268         331        17.1
   979     -261.8954399315         977        954529       50272         329        17.3
   980     -261.8954326934         985        970225       50275         327        17.5
   981     -261.8954149307         980        960400       50277         325        17.4
   982     -261.8953448746         980        960400       50272         323        17.2
   983     -261.8953384136         970        940900       50276         322        17.2
   984     -261.8953194427         983        966289       50277         320        18.3
   985     -261.8952668816         981        962361       50273         318        17.3
   986     -261.8952789765         979        958441       50266         317        17.1
   987     -261.8952126669         985        970225       50282         315        17.2
   988     -261.8951863750         978        956484       50271         313        16.9
   989     -261.8951454564         984        968256       50284         311        17.2
   990     -261.8951098022         979        958441       50268         309        17.2
   991     -261.8950746151         982        964324       50280         308        16.9
   992     -261.8950675264         984        968256       50269         307        17.1
   993     -261.8950515589         984        968256       50272         305        17.1
   994     -261.8950235592         973        946729       50275         304        17.0
   995     -261.8950197411         985        970225       50268         303        16.9
   996     -261.8949831566         982        964324       50273         301        17.0
   997     -261.8949597954         983        966289       50261         299        16.8
   998     -261.8949662968         983        966289       50271         298        16.9
   999     -261.8949050392         980        960400       50277         296        16.8
  1000     -261.8948667033         984        968256       50264         294        16.6
  1001     -261.8948141902         979        958441       50269         292        16.9
  1002     -261.8947972679         979        958441       50265         290        17.2
  1003     -261.8947859195         984        968256       50267         289        16.8
  1004     -261.8947716423         983        966289       50262         288        16.6
  1005     -261.8947372248         978        956484       50268         288        16.7
  1006     -261.8947525355         983        966289       50276         287        16.7
  1007     -261.8947383816         981        962361       50280         286        16.7
  1008     -261.8947200038         973        946729       50277         285        16.5
  1009     -261.8947003195         980        960400       50283         284        16.7
  1010     -261.8946394670         984        968256       50277         283        16.6
  1011     -261.8946241354         973        946729       50267         282        16.6
  1012     -261.8946380724         982        964324       50277         281        16.6
  1013     -261.8948928696         977        954529       50278         281        16.6
  1014     -261.8948289246         983        966289       50278         280        16.5
  1015     -261.8948268695         984        968256       50267         279        16.6
  1016     -261.8948253572         974        948676       50273         278        16.5
  1017     -261.8948124602         980        960400       50272         278        16.6
  1018     -261.8948576233         974        948676       50264         278        16.4
  1019     -261.8948211366         971        942841       50280         277        16.4
  1020     -261.8947799854         980        960400       50271         276        17.6
  1021     -261.8947737092         980        960400       50271         275        16.8
  1022     -261.8947140918         980        960400       50279         274        16.3
  1023     -261.8947078335         972        944784       50278         273        16.3
  1024     -261.8946467795         981        962361       50271         272        16.4
  1025     -261.8946334662         983        966289       50273         271        16.4
  1026     -261.8946171638         983        966289       50276         270        16.2
  1027     -261.8946119779         976        952576       50274         270        16.1
  1028     -261.8946288959         977        954529       50275         269        16.2
  1029     -261.8946119860         976        952576       50272         268        16.3
  1030     -261.8945610428         979        958441       50274         268        16.1
  1031     -261.8945846049         981        962361       50276         268        16.2
  1032     -261.8945740279         972        944784       50270         267        16.2
  1033     -261.8945234828         981        962361       50281         266        16.1
  1034     -261.8945064968         981        962361       50265         265        16.0
  1035     -261.8945284920         974        948676       50285         264        16.1
  1036     -261.8944655341         982        964324       50271         263        16.1
  1037     -261.8944752591         981        962361       50270         263        16.1
  1038     -261.8944519107         978        956484       50285         263        16.0
  1039     -261.8944945203         982        964324       50271         263        16.3
  1040     -261.8944890983         976        952576       50272         262        16.0
  1041     -261.8944856744         975        950625       50270         261        16.4
  1042     -261.8944021759         984        968256       50274         260        15.9
  1043     -261.8943870076         977        954529       50277         260        16.1
  1044     -261.8944014289         980        960400       50275         259        16.1
  1045     -261.8943891106         979        958441       50276         258        16.2
  1046     -261.8943250679         978        956484       50281         258        16.0
  1047     -261.8943524172         975        950625       50275         258        16.2
  1048     -261.8943934394         982        964324       50280         258        16.3
  1049     -261.8943739501         983        966289       50272         257        16.2
  1050     -261.8943219211         982        964324       50277         256        16.1
  1051     -261.8942954690         981        962361       50276         255        16.0
  1052     -261.8943065911         979        958441       50271         255        16.1
  1053     -261.8942889456         976        952576       50273         256        16.2
  1054     -261.8943403190         981        962361       50275         256        15.9
  1055     -261.8944311316         974        948676       50277         257        16.0
  1056     -261.8944302401         979        958441       50279         257        16.3
  1057     -261.8944288961         977        954529       50282         257        17.0
  1058     -261.8944119377         979        958441       50279         257        16.0
  1059     -261.8943977139         979        958441       50277         257        16.0
  1060     -261.8944130335         972        944784       50278         257        16.3
  1061     -261.8944578157         965        931225       50277         257        16.1
  1062     -261.8944268720         984        968256       50265         257        16.0
  1063     -261.8943943137         977        954529       50279         256        16.0
  1064     -261.8943799073         979        958441       50283         256        16.2
  1065     -261.8943557871         980        960400       50278         267        16.3
  1066     -261.8943651813         981        962361       50267         270        16.1
  1067     -261.8943663091         977        954529       50263         277        16.3
  1068     -261.8943836141         977        954529       50277         284        16.3
  1069     -261.8943974650         985        970225       50277         289        16.6
  1070     -261.8944018124         975        950625       50274         297        16.6
  1071     -261.8944443838         982        964324       50271         303        16.9
  1072     -261.8944666358         979        958441       50267         314        16.9
  1073     -261.8944776539         988        976144       50278         323        17.0
  1074     -261.8944993102         979        958441       50275         329        17.0
  1075     -261.8945055354         983        966289       50271         335        17.0
  1076     -261.8945111800         984        968256       50273         342        17.1
  1077     -261.8945222722         982        964324       50273         350        17.3
  1078     -261.8945414212         980        960400       50270         360        18.4
  1079     -261.8945632440         982        964324       50264         365        17.8
  1080     -261.8945798009         980        960400       50276         369        17.7
  1081     -261.8945920566         989        978121       50273         379        17.7
  1082     -261.8946096595         975        950625       50284         386        18.0
  1083     -261.8946184438         981        962361       50284         393        18.2
  1084     -261.8946188628         987        974169       50270         399        18.3
  1085     -261.8946248710         980        960400       50270         406        18.2
  1086     -261.8946352899         981        962361       50270         416        18.1
  1087     -261.8946393766         982        964324       50279         423        18.3
  1088     -261.8946399619         983        966289       50282         430        18.3
  1089     -261.8946408620         975        950625       50276         436        18.4
  1090     -261.8946589410         978        956484       50277         441        18.6
  1091     -261.8946818949         980        960400       50270         452        18.8
  1092     -261.8946935733         976        952576       50269         457        18.9
  1093     -261.8947006734         979        958441       50262         464        18.8
  1094     -261.8947317453         982        964324       50277         470        19.0
  1095     -261.8947423103         983        966289       50276         476        19.0
  1096     -261.8947707705         981        962361       50279         484        19.4
  1097     -261.8947781700         982        964324       50279         490        19.3
  1098     -261.8947786255         981        962361       50277         495        19.3
  1099     -261.8948034323         978        956484       50268         501        19.4
  1100     -261.8948059107         979        958441       50268         505        19.7
  1101     -261.8948250405         976        952576       50273         508        19.7
  1102     -261.8948253421         988        976144       50264         511        19.5
  1103     -261.8948307503         985        970225       50270         518        19.8
  1104     -261.8948485810         982        964324       50275         524        19.6
  1105     -261.8949148327         982        964324       50274         531        19.9
  1106     -261.8949157167         980        960400       50275         535        19.9
  1107     -261.8949375785         978        956484       50274         539        20.0
  1108     -261.8949400962         978        956484       50272         543        19.9
  1109     -261.8949464202         983        966289       50279         545        20.0
  1110     -261.8949554414         980        960400       50268         548        20.6
  1111     -261.8949574462         984        968256       50278         552        20.0
  1112     -261.8949657892         973        946729       50278         558        20.1
  1113     -261.8950078816         975        950625       50273         562        20.4
  1114     -261.8950297482         969        938961       50260         568        20.6
  1115     -261.8950789193         978        956484       50273         576        20.5
  1116     -261.8951032321         978        956484       50277         583        20.9
  1117     -261.8951073890         984        968256       50260         590        21.0
  1118     -261.8951631497         977        954529       50277         595        21.1
  1119     -261.8951666580         972        944784       50274         598        21.1
  1120     -261.8952002231         979        958441       50276         602        21.2
  1121     -261.8952010840         978        956484       50276         605        21.4
  1122     -261.8952293997         982        964324       50274         612        21.4
  1123     -261.8952417644         982        964324       50264         615        21.4
  1124     -261.8952684207         980        960400       50278         623        21.4
  1125     -261.8952700462         983        966289       50276         626        21.8
  1126     -261.8952905771         971        942841       50271         630        21.6
  1127     -261.8953013932         984        968256       50279         639        21.7
  1128     -261.8953103034         976        952576       50273         644        21.8
  1129     -261.8953104627         979        958441       50276         650        22.2
  1130     -261.8953177261         983        966289       50280         656        22.6
  1131     -261.8953246725         979        958441       50265         663        23.1
  1132     -261.8953251287         976        952576       50277         667        22.7
  1133     -261.8953335651         975        950625       50280         674        22.8
  1134     -261.8953421065         987        974169       50275         682        23.1
  1135     -261.8953748406         983        966289       50272         688        23.2
  1136     -261.8954044844         976        952576       50279         691        23.4
  1137     -261.8954063457         980        960400       50276         694        24.1
  1138     -261.8954254565         986        972196       50271         697        23.6
  1139     -261.8954573747         983        966289       50274         703        23.4
  1140     -261.8955107404         986        972196       50273         707        23.5
  1141     -261.8955179754         980        960400       50275         712        23.6
  1142     -261.8955229285         980        960400       50281         719        23.7
  1143     -261.8955265988         977        954529       50278         728        24.0
  1144     -261.8955304285         981        962361       50270         733        24.1
  1145     -261.8955349124         986        972196       50272         738        24.2
  1146     -261.8955396178         983        966289       50279         745        24.3
  1147     -261.8955431449         977        954529       50276         751        24.2
  1148     -261.8955461278         982        964324       50268         756        24.8
  1149     -261.8955477075         981        962361       50273         760        24.5
  1150     -261.8955504612         980        960400       50280         765        24.7
  1151     -261.8955691909         982        964324       50262         771        24.7
  1152     -261.8955816526         983        966289       50280         779        24.8
  1153     -261.8955845287         982        964324       50282         783        25.3
  1154     -261.8955872305         978        956484       50269         787        25.1
  1155     -261.8956130866         984        968256       50283         790        25.6
  1156     -261.8956223960         982        964324       50280         798        25.5
  1157     -261.8956340137         983        966289       50273         802        25.6
  1158     -261.8956378141         983        966289       50270         806        25.7
  1159     -261.8956382594         980        960400       50272         808        25.7
  1160     -261.8956404486         981        962361       50278         811        25.8
  1161     -261.8956407777         981        962361       50274         816        25.8
  1162     -261.8956410369         985        970225       50275         821        26.0
  1163     -261.8956721073         985        970225       50273         828        26.1
  1164     -261.8956729729         975        950625       50271         833        26.2
  1165     -261.8956749335         981        962361       50267         839        26.5
  1166     -261.8957180349         982        964324       50286         845        26.6
  1167     -261.8957267737         977        954529       50276         849        26.9
  1168     -261.8957286541         977        954529       50276         854        26.9
  1169     -261.8957290700         980        960400       50276         858        27.1
  1170     -261.8957495856         979        958441       50275         859        27.0
  1171     -261.8957496132         977        954529       50274         861        27.3
  1172     -261.8957527282         981        962361       50268         867        27.2
  1173     -261.8957538293         983        966289       50279         870        27.3
  1174     -261.8957573836         981        962361       50273         879        27.7
  1175     -261.8957591726         976        952576       50276         884        27.7
  1176     -261.8957592164         983        966289       50277         886        28.1
  1177     -261.8957647088         977        954529       50275         888        27.5
  1178     -261.8957656285         981        962361       50273         891        27.7
  1179     -261.8958091344         984        968256       50278         893        27.9
  1180     -261.8958157384         973        946729       50268         901        27.8
  1181     -261.8958367098         981        962361       50273         909        28.3
  1182     -261.8958560157         987        974169       50274         911        28.4
  1183     -261.8958863977         978        956484       50274         918        29.1
  1184     -261.8958889812         977        954529       50282         922        28.7
  1185     -261.8959030051         978        956484       50275         929        29.1
  1186     -261.8959126106         974        948676       50271         932        28.9
  1187     -261.8959168565         977        954529       50277         939        29.2
  1188     -261.8959184803         983        966289       50275         946        29.4
  1189     -261.8959207575         982        964324       50278         952        29.5
  1190     -261.8959227790         977        954529       50279         959        29.7
  1191     -261.8959337532         978        956484       50281         965        29.9
  1192     -261.8959363336         978        956484       50275         972        30.0
  1193     -261.8959525479         977        954529       50273         979        30.4
  1194     -261.8959871649         978        956484       50270         984        30.8
  1195     -261.8959927948         979        958441       50275         989        30.7
  1196     -261.8959962378         978        956484       50275         996        30.8
  1197     -261.8959971960         983        966289       50278        1001        31.1
  1198     -261.8960151269         978        956484       50269        1007        31.4
  1199     -261.8960159656         981        962361       50268        1011        31.6
  1200     -261.8960204786         987        974169       50274        1018        31.6
  1201     -261.8960221024         985        970225       50275        1024        32.0
  1202     -261.8960434763         982        964324       50268        1031        32.4
  1203     -261.8960457286         979        958441       50280        1035        33.3
  1204     -261.8960506614         978        956484       50281        1037        32.5
  1205     -261.8960605609         981        962361       50265        1046        32.6
  1206     -261.8960647729         979        958441       50276        1054        33.0
  1207     -261.8960658130         978        956484       50280        1061        33.1
  1208     -261.8960662808         981        962361       50275        1070        33.1
  1209     -261.8960676070         980        960400       50270        1079        33.3
  1210     -261.8960748407         974        948676       50277        1083        33.6
  1211     -261.8960792315         978        956484       50280        1087        33.8
  1212     -261.8960809597         982        964324       50284        1092        34.0
  1213     -261.8960815958         985        970225       50281        1095        34.0
  1214     -261.8960992587         978        956484       50282        1099        34.4
  1215     -261.8961003339         976        952576       50268        1104        34.2
  1216     -261.8961028112         976        952576       50273        1108        34.4
  1217     -261.8961035378         980        960400       50272        1113        34.9
  1218     -261.8961068144         983        966289       50276        1117        34.7
  1219     -261.8961123688         982        964324       50270        1119        35.1
  1220     -261.8961171291         978        956484       50271        1124        35.0
  1221     -261.8961177394         979        958441       50273        1127        36.2
  1222     -261.8961304015         975        950625       50267        1136        35.3
  1223     -261.8961612289         982        964324       50279        1141        35.7
  1224     -261.8961697441         982        964324       50268        1146        35.9
  1225     -261.8961794501         985        970225       50276        1151        35.9
  1226     -261.8961823266         982        964324       50277        1157        36.1
  1227     -261.8961833956         981        962361       50284        1163        36.3
  1228     -261.8962340674         985        970225       50270        1171        36.5
  1229     -261.8962344994         977        954529       50277        1177        36.9
  1230     -261.8962362616         980        960400       50265        1182        37.0
  1231     -261.8962371492         983        966289       50272        1187        37.2
  1232     -261.8962376771         981        962361       50273        1191        37.3
  1233     -261.8962421071         986        972196       50275        1199        37.5
  1234     -261.8962458418         981        962361       50273        1203        37.7
  1235     -261.8962471002         985        970225       50277        1208        38.1
  1236     -261.8962569731         979        958441       50273        1215        38.0
  1237     -261.8962600255         982        964324       50265        1219        38.8
  1238     -261.8962840594         983        966289       50268        1227        38.4
  1239     -261.8962861476         980        960400       50270        1231        38.5
  1240     -261.8963288634         978        956484       50271        1237        38.8
  1241     -261.8963308808         978        956484       50278        1244        38.8
  1242     -261.8963407256         982        964324       50279        1249        39.2
  1243     -261.8963453711         982        964324       50280        1256        39.3
  1244     -261.8963480316         974        948676       50276        1260        39.6
  1245     -261.8963489066         974        948676       50270        1262        39.4
  1246     -261.8963535045         977        954529       50283        1269        39.8
  1247     -261.8963543753         979        958441       50272        1272        40.0
  1248     -261.8963566081         978        956484       50270        1276        40.2
  1249     -261.8963594893         978        956484       50273        1281        40.3
  1250     -261.8963765801         977        954529       50278        1285        40.5
  1251     -261.8963880466         982        964324       50281        1294        41.1
  1252     -261.8964022576         979        958441       50274        1300        41.3
  1253     -261.8964056642         981        962361       50274        1307        41.3
  1254     -261.8964070202         985        970225       50274        1312        41.8
  1255     -261.8964088188         982        964324       50271        1323        41.7
  1256     -261.8964104436         979        958441       50274        1327        42.1
  1257     -261.8964485214         975        950625       50273        1333        42.4
  1258     -261.8964513888         984        968256       50259        1341        42.9
  1259     -261.8964557004         978        956484       50274        1344        43.0
  1260     -261.8964573207         980        960400       50265        1347        43.0
  1261     -261.8964700819         981        962361       50283        1352        43.3
  1262     -261.8964739414         985        970225       50278        1356        43.6
  1263     -261.8964769492         977        954529       50263        1359        43.5
  1264     -261.8964940871         981        962361       50272        1365        43.8
  1265     -261.8964988438         979        958441       50272        1370        43.7
  1266     -261.8965074374         982        964324       50264        1374        44.4
  1267     -261.8965239815         980        960400       50265        1377        44.2
  1268     -261.8965250103         978        956484       50274        1382        44.3
  1269     -261.8965283745         977        954529       50277        1384        44.6
  1270     -261.8965289840         978        956484       50277        1387        44.7
  1271     -261.8965339426         982        964324       50267        1388        44.7
  1272     -261.8965357994         976        952576       50276        1393        44.8
  1273     -261.8965401898         973        946729       50272        1397        44.8
  1274     -261.8965462727         982        964324       50278        1405        45.2
  1275     -261.8965702389         978        956484       50271        1409        45.4
  1276     -261.8965709460         979        958441       50274        1415        45.3
  1277     -261.8965710651         980        960400       50271        1417        45.3
  1278     -261.8965762471         979        958441       50278        1424        45.8
  1279     -261.8965852881         977        954529       50272        1434        46.4
  1280     -261.8966097873         978        956484       50274        1438        46.3
  1281     -261.8966121737         984        968256       50275        1441        46.6
  1282     -261.8966391826         978        956484       50270        1445        46.8
  1283     -261.8966451625         977        954529       50276        1453        46.9
  1284     -261.8966462638         977        954529       50270        1457        47.4
  1285     -261.8966474112         978        956484       50273        1463        47.7
  1286     -261.8966479628         976        952576       50283        1465        47.8
  1287     -261.8966563181         976        952576       50275        1469        47.8
  1288     -261.8966777264         977        954529       50271        1474        48.1
  1289     -261.8966779407         978        956484       50268        1478        48.1
  1290     -261.8966802694         977        954529       50272        1480        48.3
  1291     -261.8966975861         983        966289       50281        1488        48.5
  1292     -261.8967016211         978        956484       50267        1498        49.8
  1293     -261.8967074631         980        960400       50261        1508        49.5
  1294     -261.8967088848         980        960400       50279        1511        49.8
  1295     -261.8967090939         982        964324       50265        1514        49.8
  1296     -261.8967143614         975        950625       50272        1521        50.0
  1297     -261.8967156604         987        974169       50271        1526        50.4
  1298     -261.8967205286         981        962361       50275        1532        50.5
  1299     -261.8967302780         985        970225       50266        1536        50.7
  1300     -261.8967307436         984        968256       50275        1539        51.1
  1301     -261.8967404686         982        964324       50273        1544        51.0
  1302     -261.8967407966         980        960400       50275        1549        51.4
  1303     -261.8967567880         978        956484       50272        1556        51.3
  1304     -261.8967664500         982        964324       50270        1558        52.7
  1305     -261.8967671329         984        968256       50275        1563        51.7
  1306     -261.8967698186         981        962361       50278        1571        52.2
  1307     -261.8967702277         979        958441       50269        1576        52.4
  1308     -261.8967707801         976        952576       50279        1580        52.6
  1309     -261.8967996016         979        958441       50271        1585        52.6
  1310     -261.8968021159         980        960400       50271        1591        53.0
  1311     -261.8968048276         979        958441       50270        1597        53.4
  1312     -261.8968058764         977        954529       50269        1603        53.5
  1313     -261.8968121276         981        962361       50275        1607        53.9
  1314     -261.8968131528         978        956484       50279        1611        53.9
  1315     -261.8968202380         974        948676       50269        1614        54.3
  1316     -261.8968330286         986        972196       50275        1622        54.7
  1317     -261.8968757503         979        958441       50264        1626        54.7
  1318     -261.8969354045         981        962361       50276        1631        54.8
  1319     -261.8969356313         979        958441       50270        1635        54.9
  1320     -261.8969368419         978        956484       50275        1643        55.2
  1321     -261.8969517505         977        954529       50283        1648        55.4
  1322     -261.8969613253         975        950625       50269        1653        55.8
  1323     -261.8969959424         977        954529       50274        1657        56.0
  1324     -261.8969963217         981        962361       50281        1662        56.1
  1325     -261.8969981800         986        972196       50272        1670        56.8
  1326     -261.8970024391         977        954529       50276        1675        57.1
  1327     -261.8970093889         982        964324       50277        1679        57.1
  1328     -261.8970125412         980        960400       50276        1685        57.5
  1329     -261.8970412041         977        954529       50259        1692        57.8
  1330     -261.8970556843         982        964324       50278        1702        58.0
  1331     -261.8970587160         982        964324       50272        1705        58.3
  1332     -261.8970623286         983        966289       50276        1711        58.8
  1333     -261.8970685586         979        958441       50273        1714        59.3
  1334     -261.8970691892         975        950625       50264        1719        59.3
  1335     -261.8970696562         976        952576       50267        1724        59.6
  1336     -261.8970717602         979        958441       50274        1730        60.1
  1337     -261.8970756122         979        958441       50275        1736        60.0
  1338     -261.8971145702         984        968256       50281        1741        60.2
  1339     -261.8971167351         976        952576       50267        1745        60.2
  1340     -261.8971175460         977        954529       50274        1753        60.5
  1341     -261.8971214394         979        958441       50271        1759        60.9
  1342     -261.8971232904         984        968256       50276        1764        60.8
  1343     -261.8971447414         977        954529       50275        1771        61.2
  1344     -261.8971455257         977        954529       50277        1777        61.5
  1345     -261.8971459027         982        964324       50274        1781        61.9
  1346     -261.8971493901         983        966289       50272        1786        62.3
  1347     -261.8971532550         984        968256       50270        1788        62.6
  1348     -261.8971838785         983        966289       50276        1791        62.5
  1349     -261.8971848150         986        972196       50277        1795        62.8
  1350     -261.8971850861         974        948676       50278        1798        62.8
  1351     -261.8971855633         983        966289       50271        1803        63.1
  1352     -261.8971866962         971        942841       50279        1807        63.1
  1353     -261.8971889369         986        972196       50272        1810        63.4
  1354     -261.8971943532         984        968256       50266        1815        63.8
  1355     -261.8971974706         983        966289       50280        1818        64.2
  1356     -261.8972004600         979        958441       50273        1824        63.9
  1357     -261.8972022331         978        956484       50277        1831        64.4
  1358     -261.8972121552         984        968256       50264        1840        64.7
  1359     -261.8972150179         984        968256       50268        1845        65.2
  1360     -261.8972242960         983        966289       50278        1848        65.3
  1361     -261.8972277515         985        970225       50278        1855        65.9
  1362     -261.8972304124         969        938961       50281        1860        65.8
  1363     -261.8972309165         980        960400       50277        1862        66.2
  1364     -261.8972362235         980        960400       50262        1868        66.7
  1365     -261.8972378286         978        956484       50274        1871        66.8
  1366     -261.8972437743         982        964324       50277        1876        66.9
  1367     -261.8972485950         976        952576       50278        1880        67.1
  1368     -261.8972524473         976        952576       50278        1886        67.6
  1369     -261.8972578774         980        960400       50272        1895        67.7
  1370     -261.8973312524         983        966289       50269        1903        68.5
  1371     -261.8973346565         980        960400       50277        1908        69.0
  1372     -261.8973444389         984        968256       50271        1913        69.2
  1373     -261.8973449859         984        968256       50270        1918        69.8
  1374     -261.8973532830         975        950625       50276        1924        70.9
  1375     -261.8973578551         984        968256       50280        1931        70.3
  1376     -261.8973640570         977        954529       50267        1937        70.6
  1377     -261.8973653313         979        958441       50274        1941        71.3
  1378     -261.8973671359         985        970225       50277        1947        71.4
  1379     -261.8973720626         979        958441       50269        1954        72.1
  1380     -261.8973830342         980        960400       50280        1961        72.7
  1381     -261.8973837942         988        976144       50276        1966        72.9
  1382     -261.8973911510         984        968256       50279        1973        73.3
  1383     -261.8973925835         980        960400       50274        1978        73.1
  1384     -261.8973966875         976        952576       50270        1982        73.6
  1385     -261.8973988961         977        954529       50275        1984        74.0
  1386     -261.8974048036         980        960400       50272        1987        73.8
  1387     -261.8974415123         983        966289       50276        1991        74.1
  1388     -261.8974426234         982        964324       50271        1997        74.7
  1389     -261.8974492089         976        952576       50265        2002        74.8
  1390     -261.8974539742         983        966289       50273        2008        76.0
  1391     -261.8974717966         983        966289       50279        2013        75.8
  1392     -261.8974757136         979        958441       50268        2020        76.2
  1393     -261.8974909283         973        946729       50270        2030        76.4
  1394     -261.8975242708         983        966289       50279        2035        77.5
  1395     -261.8975244440         979        958441       50274        2039        77.6
  1396     -261.8975286017         985        970225       50273        2045        78.3
  1397     -261.8975298325         980        960400       50276        2048        78.4
  1398     -261.8975304581         973        946729       50278        2054        78.0
  1399     -261.8975354939         984        968256       50283        2057        78.7
  1400     -261.8975367800         984        968256       50277        2065        79.2
  1401     -261.8975380799         978        956484       50268        2067        79.2
  1402     -261.8975388431         974        948676       50271        2070        79.6
  1403     -261.8975403515         982        964324       50279        2074        79.9
  1404     -261.8975431808         981        962361       50275        2078        80.4
  1405     -261.8975494578         971        942841       50275        2082        80.9
  1406     -261.8975497464         981        962361       50268        2085        80.5
  1407     -261.8975611145         985        970225       50276        2089        80.7
  1408     -261.8975731584         980        960400       50275        2096        80.9
  1409     -261.8975736864         980        960400       50280        2100        81.0
  1410     -261.8975826263         980        960400       50273        2104        81.7
  1411     -261.8975849694         981        962361       50275        2108        82.2
  1412     -261.8976037236         975        950625       50269        2112        81.9
  1413     -261.8976152050         979        958441       50280        2121        82.4
  1414     -261.8976244792         983        966289       50271        2128        83.2
  1415     -261.8976353761         979        958441       50277        2133        83.8
  1416     -261.8976372810         983        966289       50279        2137        84.4
  1417     -261.8976510631         979        958441       50275        2142        84.1
  1418     -261.8976551194         973        946729       50267        2147        84.7
  1419     -261.8976584785         974        948676       50277        2153        85.1
  1420     -261.8976590355         985        970225       50269        2158        85.6
  1421     -261.8976605907         987        974169       50270        2163        86.0
  1422     -261.8976639706         980        960400       50276        2169        85.9
  1423     -261.8976643901         982        964324       50275        2173        86.6
  1424     -261.8976910306         987        974169       50274        2178        86.8
  1425     -261.8977006085         983        966289       50272        2181        87.3
  1426     -261.8977016043         981        962361       50283        2188        87.7
  1427     -261.8977036442         981        962361       50281        2194        88.4
  1428     -261.8977038258         982        964324       50274        2196        88.2
  1429     -261.8977136951         979        958441       50271        2201        88.5
  1430     -261.8977144139         973        946729       50267        2205        79.7
  1431     -261.8977202749         985        970225       50273        2207        80.1
  1432     -261.8977203134         977        954529       50266        2208        80.0
  1433     -261.8977206051         979        958441       50273        2213        80.1
  1434     -261.8977214134         976        952576       50277        2221        80.1
  1435     -261.8977231535         977        954529       50274        2229        80.7
  1436     -261.8977266508         981        962361       50267        2233        81.3
  1437     -261.8977271994         982        964324       50275        2235        81.6
  1438     -261.8977291445         975        950625       50274        2239        81.9
  1439     -261.8977293135         978        956484       50270        2241        82.1
  1440     -261.8977431669         984        968256       50270        2247        82.3
  1441     -261.8977484492         978        956484       50284        2251        82.7
  1442     -261.8977490921         976        952576       50281        2254        83.0
  1443     -261.8977507005         985        970225       50269        2257        83.7
  1444     -261.8977531088         977        954529       50283        2260        83.4
  1445     -261.8977552273         977        954529       50276        2269        83.7
  1446     -261.8977571958         980        960400       50278        2277        84.5
  1447     -261.8977626082         975        950625       50271        2279        85.5
  1448     -261.8977631505         983        966289       50271        2284        85.4
  1449     -261.8977793078         978        956484       50274        2286        85.5
  1450     -261.8977852789         973        946729       50276        2290        85.4
  1451     -261.8977910650         980        960400       50282        2295        86.3
  1452     -261.8977925335         978        956484       50279        2299        86.7
  1453     -261.8977926329         982        964324       50275        2303        86.8
  1454     -261.8978043889         985        970225       50268        2309        87.4
  1455     -261.8978059040         979        958441       50274        2315        87.6
  1456     -261.8978085036         982        964324       50283        2321        88.3
  1457     -261.8978094644         984        968256       50277        2327        88.6
  1458     -261.8978163897         978        956484       50279        2332        89.3
  1459     -261.8978165882         980        960400       50278        2336        89.3
  1460     -261.8978193479         985        970225       50272        2341        90.1
  1461     -261.8978276651         982        964324       50270        2347        91.5
  1462     -261.8978279205         981        962361       50269        2350        90.8
  1463     -261.8978279832         984        968256       50274        2351        91.1
  1464     -261.8978454552         988        976144       50271        2358        91.5
  1465     -261.8978572297         976        952576       50275        2363        91.5
  1466     -261.8978595874         987        974169       50267        2369        92.2
  1467     -261.8978607802         982        964324       50277        2375        92.6
  1468     -261.8978611453         982        964324       50277        2379        93.4
  1469     -261.8978675206         984        968256       50273        2383        93.6
  1470     -261.8978682672         978        956484       50274        2387        93.4
  1471     -261.8978736651         978        956484       50283        2390        93.8
  1472     -261.8978755420         983        966289       50278        2393        94.1
  1473     -261.8978778356         981        962361       50273        2400        94.4
  1474     -261.8978824990         980        960400       50279        2405        95.7
  1475     -261.8978844288         977        954529       50276        2412        95.1
  1476     -261.8978862108         981        962361       50269        2418        95.9
  1477     -261.8978869533         975        950625       50271        2423        95.7
  1478     -261.8978987543         980        960400       50270        2434        96.6
  1479     -261.8979075006         979        958441       50269        2437        97.2
  1480     -261.8979140898         984        968256       50273        2443        98.0
