9.991536892010881576e-01
9.988957247705474440e-01
9.989111857417887208e-01
9.989433820051827340e-01
9.978716166468563076e-01
9.966256601497295309e-01
9.983659147652546029e-01
9.978923850922427619e-01
9.957281012724221725e-01
9.956315040746372969e-01
9.963240388359564381e-01
9.964954369404757095e-01
9.993648915736557115e-01
9.933077327793633504e-01
9.932428160772597270e-01
9.954328192875721015e-01
9.991539744610724444e-03
1.851902300806705648e-02
5.119392089692436157e-03
5.185615053887074680e-03
4.428556452381992269e-03
4.568973560377705655e-03
