op     18   21   46   49   21   18   46   49                       -0.02886939072965523725                                                    
op     17   21   45   49   21   17   45   49                       -0.02078487885245587294                                                    
mvp2   18   21   44   54   21   18   44   54                       -0.00722161821663663914    0.00116999729867088911                          
op     19   25   47   53   25   19   47   53                       -0.00789950992672155093                                                    
a_ia   46   53                                                     -0.00131306573310305242                                                    
a_ia   15   21                                                      0.00630476633563495630                                                    
a_ia   15   21                                                     -0.00027567857823322553                                                    
mvp2   18   21   19   25   18   19   25   21                       -0.00867542559834566171    0.18021682730809454598                          
a_ia   18   25                                                     -0.00120698346904727911                                                    
mvp2   18   23   46   49   23   18   46   49                        0.01497128030790762822    0.31150950244872172012                          
mvp2   18   23   47   53   23   18   47   53                        0.00521567504862022798   -0.30039857256052765466                          
mvp2   19   27   46   49   27   19   46   49                        0.00866276803164338013    0.26141794391769468398                          
op      6   21   34   49   21    6   34   49                       -0.01086508892106513233                                                    
