9.999955467505687867e-01
9.999882695407126265e-01
9.999875240447717584e-01
9.957396887886469372e-01
9.956269977051359632e-01
9.949597841125884523e-01
9.955285872604058284e-01
9.943390577237998240e-01
9.962359095685463517e-01
9.931476912568196758e-01
9.942415596836798874e-01
9.873702333535100406e-01
9.929124798142341390e-01
9.925663352064582057e-01
9.804726374115584342e-01
9.757215678834330053e-01
3.156612697251364591e-02
1.941013725954102848e-02
5.465386188390273896e-03
4.443936723330470066e-03
8.786450673130868222e-03
2.442395840210234703e-03
4.735179586605543604e-03
2.603244565218371023e-03
3.935362365401615624e-03
2.791099549506929987e-03
1.129544405808633996e-03
5.283586942589992008e-03
2.941913537195689401e-03
5.561252420973857372e-03
5.343678781189194205e-03
4.726834026393724950e-03
