op      3   13   27   37   13    3   27   37                       -0.03950223925588385726                                                    
op      3   17   27   41   17    3   27   41                       -0.02138139284135244511                                                    
op      3   18   27   42   18    3   27   42                       -0.01741872617195801970                                                    
op      3   14   27   42   14    3   27   42                       -0.00606287641305047319                                                    
op      3   21   27   45   21    3   27   45                       -0.01743608820790193414                                                    
op      3   22   27   46   22    3   27   46                       -0.01007467778370527318                                                    
op      3   21   27   46   21    3   27   46                        0.00756744107446236276                                                    
op      5   13   29   37   13    5   29   37                       -0.01325288339425332619                                                    
mvp3   27   45   33   46   27   33   46   45   27   33   45   46    0.01697276964258448428   -0.31121171882509113260    0.47662974827999970984
mvp2    3   22   27   45   22    3   27   45                        0.01553026375182789409   -0.09441698700308220893                          
om      3   21   27   37   21    3   27   37                       -0.02390360769278705028                                                    
a_ia   27   37                                                      0.00373365210467138794                                                    
mvp2    3   22   27   37   22    3   27   37                        0.02632868546613887500   -0.31989711312476953875                          
mvp3   27   37   33   46   27   33   46   37   27   33   37   46    0.02146941932764531713   -0.40024446307981914606    0.15914487807155958121
mvp2    3   22   33   43   22    3   33   43                        0.00577106190796031638   -0.60618613584025249352                          
mvp2    3   22   33   40   22    3   33   40                        0.00597527662639585865   -0.75731573247272487848                          
a_ia   33   46                                                      0.00265743922021057996                                                    
mvp2    9   22   33   46   22    9   33   46                       -0.01038839550390694214   -0.87702770534514462586                          
om      9   14   33   38   14    9   33   38                       -0.01827383629149638422                                                    
mvp2    9   22   33   38   22    9   33   38                        0.00923818018218735756   -0.88184235374553510134                          
om      9   18   33   42   18    9   33   42                       -0.00632298323131042731                                                    
mvp2    3   16   27   40   16    3   27   40                       -0.00489201329453654681    0.06147086284137891904                          
mvp2    9   16   27   45   16    9   27   45                       -0.00853496948915305476   -0.46803226509080708695                          
mvp2    9   16   27   37   16    9   27   37                       -0.01155271710743425995   -0.22981185249235422385                          
mvp2    9   21   27   37   21    9   27   37                        0.00814877031829887820    0.27320278735441427820                          
mvp2    9   21   27   45   21    9   27   45                        0.00754421949991953677   -0.04207193398154223524                          
a_ia   27   45                                                     -0.00168798437531898098                                                    
a_ia    9   21                                                      0.00103111576402051654                                                    
a_ia   37   46                                                     -0.26376325114964233043                                                    
a_ia   33   38                                                      0.00342776301283323351                                                    
