op      3   13   27   37   13    3   27   37                       -0.05839352638923731020                                                    
op      3   17   27   41   17    3   27   41                       -0.02481204022464523345                                                    
op      3   18   27   42   18    3   27   42                       -0.01683776659554243535                                                    
op      3   14   27   42   14    3   27   42                       -0.00215529834742507692                                                    
op      3   21   27   45   21    3   27   45                       -0.00778644343636288212                                                    
op      3   22   27   46   22    3   27   46                       -0.00352437141347689562                                                    
op      3   21   27   46   21    3   27   46                       -0.00059831135047426866                                                    
op      5   13   29   37   13    5   29   37                       -0.00305093208312795299                                                    
mvp3   27   45   33   46   27   33   46   45   27   33   45   46    0.02250804332554661238   -0.67995910750202304129    0.13836612947789339589
mvp2    3   22   27   45   22    3   27   45                        0.01675729930213398430   -0.56438105636727553538                          
om      3   21   27   37   21    3   27   37                       -0.04198654103114030783                                                    
a_ia   27   37                                                      0.00189353744414508121                                                    
mvp2    3   22   27   37   22    3   27   37                        0.03251215683706094872   -0.33421965446566764824                          
mvp3   27   37   33   46   27   33   46   37   27   33   37   46    0.04955878946164596344   -0.53707284891410422834   -0.33627104711868971432
mvp2    3   22   33   43   22    3   33   43                        0.00495640892131834956   -0.66401475051244895909                          
mvp2    3   22   33   40   22    3   33   40                        0.00588767430771450651   -0.87113549357935948780                          
a_ia   33   46                                                      0.00137997145316425527                                                    
mvp2    9   22   33   46   22    9   33   46                       -0.01302361641067277011   -0.48899344693295132558                          
om      9   14   33   38   14    9   33   38                       -0.00562378237828978916                                                    
mvp2    9   22   33   38   22    9   33   38                        0.01337601170430550122   -0.93833678718803392726                          
om      9   18   33   42   18    9   33   42                       -0.00646074940335494841                                                    
mvp2    3   16   27   40   16    3   27   40                       -0.00421431164003696970    0.09764786258787540307                          
mvp2    9   16   27   45   16    9   27   45                        0.00275830819615875862   -0.47334777253809373621                          
mvp2    9   16   27   37   16    9   27   37                       -0.01839788892658276651   -0.26427577374585242698                          
mvp2    9   21   27   37   21    9   27   37                        0.00813695342603904317    0.10113402129872575697                          
mvp2    9   21   27   45   21    9   27   45                       -0.00231411315170386130    0.27495865403563629625                          
a_ia   27   45                                                     -0.00725346001347018828                                                    
a_ia    9   21                                                      0.00030195269533924639                                                    
a_ia   37   46                                                     -0.16676668003743069790                                                    
a_ia   33   38                                                      0.00094086406931309402                                                    
a_ia    3   16                                                     -0.00096597158177250066                                                    
mvp2    9   19   27   37   19    9   27   37                       -0.02179553628064366880   -0.51681942632760424772                          
mvp2    9   19   27   45   19    9   27   45                        0.00361616323957905097   -0.85319847344031118919                          
a_ia   37   45                                                      0.94989584620740619147                                                    
mvp2    3   19   27   45   19    3   27   45                        0.00401231764691350763    0.17973532569199376918                          
op      3   23   27   47   23    3   27   47                       -0.00529893040080268302                                                    
a_ia    3   23                                                     -0.00105100961298184160                                                    
a_ia   27   40                                                     -0.00098986781708899842                                                    
mvp2    9   19   27   46   19    9   27   46                        0.00323663038927268169    0.16631682935019331815                          
a_ia   45   46                                                     -0.23707275187440329800                                                    
op      7   17   31   41   17    7   31   41                       -0.00911691651246834302                                                    
op      8   17   31   41   17    8   31   41                        0.00456115661400507272                                                    
a_ia   33   42                                                     -0.00174615471584223898                                                    
op      7   17   32   41   17    7   32   41                        0.00535564596219622983                                                    
op      7   17   29   41   17    7   29   41                        0.00433329724786426281                                                    
mvp2    7   22   33   46   22    7   33   46                        0.01364668207696979017    1.03445648544089130461                          
mvp2    7   14   33   46   14    7   33   46                       -0.00165759034189650678   -0.28903285839912573607                          
mvp2    7   22   31   46   22    7   31   46                       -0.01537684842706573546    0.50771611118172144117                          
a_ia   14   22                                                      0.62715467231469235188                                                    
a_ia    9   19                                                      0.00720692641940913134                                                    
a_ia    5   13                                                      0.00128688910578578990                                                    
a_ia   13   17                                                     -0.09231803290843396126                                                    
a_ia   12   13                                                      0.42649686481807375094                                                    
a_ia    8    9                                                      0.47935543610633091216                                                    
a_ia    5    7                                                      0.42805157660848619505                                                    
a_ia   36   41                                                     -0.32744071566618904168                                                    
a_ia    6    7                                                      0.31819016759685070372                                                    
a_ia    3    5                                                     -0.38986749539687293176                                                    
a_ia   27   29                                                     -0.36409185140724176222                                                    
a_ia   30   33                                                     -0.20127193855443720194                                                    
