op      3   13   27   37   13    3   27   37                       -0.04348908404764637026                                                    
op      3   17   27   41   17    3   27   41                       -0.02116060908534531798                                                    
op      3   18   27   42   18    3   27   42                       -0.01737321361894196559                                                    
op      3   14   27   42   14    3   27   42                       -0.00601866888340493820                                                    
op      3   21   27   45   21    3   27   45                       -0.00919956451333855431                                                    
op      3   22   27   46   22    3   27   46                       -0.00572882746322405864                                                    
op      3   21   27   46   21    3   27   46                        0.00121318008755808525                                                    
op      5   13   29   37   13    5   29   37                       -0.01247894702129974040                                                    
mvp3   27   45   33   46   27   33   46   45   27   33   45   46    0.00952493637492468105   -0.34119942184914842098    0.64109725261886341130
mvp2    3   22   27   45   22    3   27   45                        0.00820601740308455826   -0.30193664959575716722                          
om      3   21   27   37   21    3   27   37                       -0.02990619442731172126                                                    
a_ia   27   37                                                      0.00174269194155564746                                                    
mvp2    3   22   27   37   22    3   27   37                        0.03372920935488768479   -0.47200966877549571654                          
mvp3   27   37   33   46   27   33   46   37   27   33   37   46    0.03163333081981510586   -0.35952815716029862259    0.16791275367395866458
mvp2    3   22   33   43   22    3   33   43                        0.00563998213169862594   -0.66019573862990876822                          
mvp2    3   22   33   40   22    3   33   40                        0.00587356471730585052   -0.83309128455764469567                          
a_ia   33   46                                                      0.00142679416322354200                                                    
mvp2    9   22   33   46   22    9   33   46                       -0.01155978412869059120   -0.86407159985811088365                          
om      9   14   33   38   14    9   33   38                       -0.01790504230505497035                                                    
mvp2    9   22   33   38   22    9   33   38                        0.00893404251478943645   -0.86968763262298698358                          
om      9   18   33   42   18    9   33   42                       -0.00620596157624686735                                                    
mvp2    3   16   27   40   16    3   27   40                       -0.00489464454970734569    0.10136892894597496206                          
mvp2    9   16   27   45   16    9   27   45                       -0.00465720345408792129   -0.36848823165476418673                          
mvp2    9   16   27   37   16    9   27   37                       -0.01425366234811679955   -0.30229106892709428633                          
mvp2    9   21   27   37   21    9   27   37                        0.00897726520784047043    0.26062647695483831534                          
mvp2    9   21   27   45   21    9   27   45                        0.00149217277698943779   -0.02006567540999982385                          
a_ia   27   45                                                     -0.00319635058303241459                                                    
a_ia    9   21                                                      0.00070306104084783612                                                    
a_ia   37   46                                                     -0.12354076216263248922                                                    
a_ia   33   38                                                      0.00285438497869510300                                                    
a_ia    3   16                                                     -0.00054381720902939800                                                    
mvp2    9   19   27   37   19    9   27   37                       -0.01417259504668795175   -0.38768767039783735839                          
mvp2    9   19   27   45   19    9   27   45                       -0.00495728011254907390    0.03399236746303655604                          
a_ia   37   45                                                      0.48336978765874627495                                                    
mvp2    3   19   27   45   19    3   27   45                        0.00592885881071687857    0.35132374032625668381                          
op      3   23   27   47   23    3   27   47                       -0.00423088756640115950                                                    
a_ia    3   23                                                     -0.00092615234921475246                                                    
a_ia   27   40                                                     -0.00089796931455296731                                                    
mvp2    9   19   27   46   19    9   27   46                        0.00090129749262980784    0.26890127098043054010                          
a_ia   45   46                                                     -0.43618969961314307815                                                    
op      7   17   31   41   17    7   31   41                       -0.00809485750453833690                                                    
op      8   17   31   41   17    8   31   41                        0.00481138806827292528                                                    
a_ia   33   42                                                     -0.00132849401247202184                                                    
op      7   17   32   41   17    7   32   41                        0.00480040976178264245                                                    
op      7   17   29   41   17    7   29   41                        0.00507073593562818239                                                    
