op      3   13   27   37   13    3   27   37                       -0.04713299685803171851                                                    
op      3   17   27   41   17    3   27   41                       -0.02125894510849896807                                                    
op      3   18   27   42   18    3   27   42                       -0.01716945580558182360                                                    
op      3   14   27   42   14    3   27   42                       -0.00195378938415047710                                                    
op      3   21   27   45   21    3   27   45                       -0.00903084380536342372                                                    
op      3   22   27   46   22    3   27   46                       -0.00506625725538006454                                                    
op      3   21   27   46   21    3   27   46                        0.00066856439667631784                                                    
op      5   13   29   37   13    5   29   37                       -0.01134043757703423992                                                    
mvp3   27   45   33   46   27   33   46   45   27   33   45   46    0.02002065989141991326   -0.53152381936449732969    0.34042591052787707362
mvp2    3   22   27   45   22    3   27   45                        0.01246243617333184749   -0.65521370901015418831                          
om      3   21   27   37   21    3   27   37                       -0.03283994590419793413                                                    
a_ia   27   37                                                      0.00150652490655333237                                                    
mvp2    3   22   27   37   22    3   27   37                        0.03388259732316487027   -0.38162039690563498429                          
mvp3   27   37   33   46   27   33   46   37   27   33   37   46    0.04548991708400880463   -0.56368700815839889451    0.01005840836103935251
mvp2    3   22   33   43   22    3   33   43                        0.00648293555780086062   -0.59383651066606413238                          
mvp2    3   22   33   40   22    3   33   40                        0.00732077972447014134   -0.68215259024173147129                          
a_ia   33   46                                                      0.00103548518595160941                                                    
mvp2    9   22   33   46   22    9   33   46                       -0.01540874219028630365   -0.62255369216255462828                          
om      9   14   33   38   14    9   33   38                       -0.00864928591843019262                                                    
mvp2    9   22   33   38   22    9   33   38                        0.01839682140216936795   -0.70806735026857114956                          
om      9   18   33   42   18    9   33   42                       -0.00605402321256808765                                                    
mvp2    3   16   27   40   16    3   27   40                       -0.00497563003564845899    0.12790133413066739898                          
mvp2    9   16   27   45   16    9   27   45                       -0.00280271591937366130   -0.45183962625051432571                          
mvp2    9   16   27   37   16    9   27   37                       -0.01414137516499195876   -0.25478172595318054894                          
mvp2    9   21   27   37   21    9   27   37                        0.00926515890609737845    0.19340967698907357564                          
mvp2    9   21   27   45   21    9   27   45                        0.00089894924200676263    0.17494017257083871453                          
a_ia   27   45                                                     -0.00434908831044810828                                                    
a_ia    9   21                                                      0.00109627553679535021                                                    
a_ia   37   46                                                     -0.15328089829459035087                                                    
a_ia   33   38                                                      0.00069403177374279847                                                    
a_ia    3   16                                                     -0.00056055051877270464                                                    
mvp2    9   19   27   37   19    9   27   37                       -0.01373031327189446447   -0.34640726784074216127                          
mvp2    9   19   27   45   19    9   27   45                       -0.00314989053777497106   -0.41101180854647517693                          
a_ia   37   45                                                      0.60288380086419890436                                                    
mvp2    3   19   27   45   19    3   27   45                        0.00561515861069261050    0.28956471115801790672                          
op      3   23   27   47   23    3   27   47                       -0.00458985317194861991                                                    
a_ia    3   23                                                     -0.00116539261863233493                                                    
a_ia   27   40                                                     -0.00118567271145455112                                                    
mvp2    9   19   27   46   19    9   27   46                        0.00246836250633093116    0.11120930602122666708                          
a_ia   45   46                                                     -0.30380216419627448232                                                    
op      7   17   31   41   17    7   31   41                       -0.00814376179309261698                                                    
op      8   17   31   41   17    8   31   41                        0.00484515752113657237                                                    
a_ia   33   42                                                     -0.00143533978713038354                                                    
op      7   17   32   41   17    7   32   41                        0.00505928090598469632                                                    
op      7   17   29   41   17    7   29   41                        0.00485888867576107861                                                    
mvp2    7   22   33   46   22    7   33   46                        0.01140327683682570807    1.00158911308715614652                          
mvp2    7   14   33   46   14    7   33   46                       -0.00088450866487232755   -0.23568492469693730351                          
mvp2    7   22   31   46   22    7   31   46                       -0.01325685252622484968    0.55522476632749495629                          
a_ia   14   22                                                      0.68327634074974064049                                                    
a_ia    9   19                                                      0.00204441646952141943                                                    
a_ia    5   13                                                     -0.00462977648370197122                                                    
