op      3   13   27   37   13    3   27   37                       -0.05822956601225063450                                                    
op      3   17   27   41   17    3   27   41                       -0.02481851373169264088                                                    
op      3   18   27   42   18    3   27   42                       -0.01682868354140836312                                                    
op      3   14   27   42   14    3   27   42                       -0.00215061322212689544                                                    
op      3   21   27   45   21    3   27   45                       -0.00779827434714684600                                                    
op      3   22   27   46   22    3   27   46                       -0.00348325388825652818                                                    
op      3   21   27   46   21    3   27   46                       -0.00096265924315162713                                                    
op      5   13   29   37   13    5   29   37                       -0.00305555731916320539                                                    
mvp3   27   45   33   46   27   33   46   45   27   33   45   46    0.02252455886798757773   -0.68098513047403497200    0.14564222937972692851
mvp2    3   22   27   45   22    3   27   45                        0.01679930747921809173   -0.55850811831012581177                          
om      3   21   27   37   21    3   27   37                       -0.04231555727802815275                                                    
a_ia   27   37                                                      0.00231502947886105251                                                    
mvp2    3   22   27   37   22    3   27   37                        0.03255681063911181755   -0.33403791198885851577                          
mvp3   27   37   33   46   27   33   46   37   27   33   37   46    0.04940282905664403201   -0.53588264337090929512   -0.35648767950394588677
mvp2    3   22   33   43   22    3   33   43                        0.00496965688434163749   -0.66125965622705362712                          
mvp2    3   22   33   40   22    3   33   40                        0.00587619021668377064   -0.87077437031042259630                          
a_ia   33   46                                                      0.00003804311288312090                                                    
mvp2    9   22   33   46   22    9   33   46                       -0.01305251101470934413   -0.49055113340445988257                          
om      9   14   33   38   14    9   33   38                       -0.00582478370674261239                                                    
mvp2    9   22   33   38   22    9   33   38                        0.01320654928854307630   -0.94314710214503394425                          
om      9   18   33   42   18    9   33   42                       -0.00646333872174124392                                                    
mvp2    3   16   27   40   16    3   27   40                       -0.00423101016777564787    0.09736518413160721863                          
mvp2    9   16   27   45   16    9   27   45                        0.00276451368206878005   -0.47389305960546479479                          
mvp2    9   16   27   37   16    9   27   37                       -0.01842637764785338625   -0.26347116994393315892                          
mvp2    9   21   27   37   21    9   27   37                        0.00815362588901422797    0.10103147171124882142                          
mvp2    9   21   27   45   21    9   27   45                       -0.00238492962544776957    0.27576068082587473773                          
a_ia   27   45                                                     -0.00740229013793580921                                                    
a_ia    9   21                                                      0.00042237848793195905                                                    
a_ia   37   46                                                     -0.16310475331115659170                                                    
a_ia   33   38                                                      0.00077951659128385679                                                    
a_ia    3   16                                                     -0.00098790455540029580                                                    
mvp2    9   19   27   37   19    9   27   37                       -0.02180898961175638945   -0.51669145107194580646                          
mvp2    9   19   27   45   19    9   27   45                        0.00360870706329987452   -0.85357199878314449215                          
a_ia   37   45                                                      0.94900123598923680213                                                    
mvp2    3   19   27   45   19    3   27   45                        0.00400862831435743437    0.17988100747645505151                          
op      3   23   27   47   23    3   27   47                       -0.00574848300698533893                                                    
a_ia    3   23                                                     -0.00099379846905924820                                                    
a_ia   27   40                                                     -0.00100869917164735936                                                    
mvp2    9   19   27   46   19    9   27   46                        0.00310557095928207672    0.16286316682073406770                          
a_ia   45   46                                                     -0.24084027616897440982                                                    
op      7   17   31   41   17    7   31   41                       -0.00909693417024716455                                                    
op      8   17   31   41   17    8   31   41                        0.00456084834326250018                                                    
a_ia   33   42                                                     -0.00171833258942602528                                                    
op      7   17   32   41   17    7   32   41                        0.00534666799064176506                                                    
op      7   17   29   41   17    7   29   41                        0.00432518688581874384                                                    
mvp2    7   22   33   46   22    7   33   46                        0.01360602558072237199    1.03319549475779326464                          
mvp2    7   14   33   46   14    7   33   46                       -0.00162698705546073311   -0.28754801560058790288                          
mvp2    7   22   31   46   22    7   31   46                       -0.01540823760642030631    0.50897950696907057200                          
a_ia   14   22                                                      0.62639105708028541830                                                    
a_ia    9   19                                                      0.00705338427460150755                                                    
a_ia    5   13                                                      0.00126017842843026417                                                    
a_ia   13   17                                                     -0.09235233836244204075                                                    
a_ia   12   13                                                      0.42638974065306506356                                                    
a_ia    8    9                                                      0.47988382888880870558                                                    
a_ia    5    7                                                      0.42857187426690673826                                                    
a_ia   36   41                                                     -0.32790918800188412208                                                    
a_ia    6    7                                                      0.31853080981051429266                                                    
a_ia    3    5                                                     -0.38972331572510182651                                                    
a_ia   27   29                                                     -0.36455392394747576645                                                    
a_ia   30   33                                                     -0.19567246947605546059                                                    
mvp2    7   22   31   38   22    7   31   38                        0.00901207352665215136   -0.01245351228083990680                          
a_ia    7   22                                                     -0.00209103625620476541                                                    
