op      3   13   27   37   13    3   27   37                       -0.04424253432107325135                                                    
op      3   17   27   41   17    3   27   41                       -0.02107992356062535905                                                    
op      3   18   27   42   18    3   27   42                       -0.01734389424875513661                                                    
op      3   14   27   42   14    3   27   42                       -0.00601165410607586159                                                    
op      3   21   27   45   21    3   27   45                       -0.01035742674649767041                                                    
op      3   22   27   46   22    3   27   46                       -0.00547505937622302062                                                    
op      3   21   27   46   21    3   27   46                        0.00054814423582503829                                                    
op      5   13   29   37   13    5   29   37                       -0.01228285406780557296                                                    
mvp3   27   45   33   46   27   33   46   45   27   33   45   46    0.01121796248766652494   -0.36478156681466628042    0.59736857907362872488
mvp2    3   22   27   45   22    3   27   45                        0.00960181072827977038   -0.35677226016703134093                          
om      3   21   27   37   21    3   27   37                       -0.03097494515195202067                                                    
a_ia   27   37                                                      0.00186723202610088613                                                    
mvp2    3   22   27   37   22    3   27   37                        0.03252444645259995604   -0.46809704883143649079                          
mvp3   27   37   33   46   27   33   46   37   27   33   37   46    0.03514645177151355659   -0.42128736109731529380    0.15561720175684698453
mvp2    3   22   33   43   22    3   33   43                        0.00566260527591467850   -0.63471910315791590929                          
mvp2    3   22   33   40   22    3   33   40                        0.00597192653189528456   -0.82462746789943608405                          
a_ia   33   46                                                      0.00078727592279457539                                                    
mvp2    9   22   33   46   22    9   33   46                       -0.01163138361613142054   -0.70387459822773013052                          
om      9   14   33   38   14    9   33   38                       -0.01802540472751080342                                                    
mvp2    9   22   33   38   22    9   33   38                        0.00909187097709146519   -0.87874228642632634667                          
om      9   18   33   42   18    9   33   42                       -0.00628011777164112339                                                    
mvp2    3   16   27   40   16    3   27   40                       -0.00489030559099929655    0.10641721895928522856                          
mvp2    9   16   27   45   16    9   27   45                       -0.00467298671746796141   -0.38722569130608486265                          
mvp2    9   16   27   37   16    9   27   37                       -0.01414414418269317048   -0.29078619678920214486                          
mvp2    9   21   27   37   21    9   27   37                        0.00912136639370721321    0.21079566944594005373                          
mvp2    9   21   27   45   21    9   27   45                        0.00175927397280594301    0.00595138881232299636                          
a_ia   27   45                                                     -0.00344576345854196364                                                    
a_ia    9   21                                                      0.00072906949538510376                                                    
a_ia   37   46                                                     -0.11643683087849275581                                                    
a_ia   33   38                                                      0.00170231709244639913                                                    
a_ia    3   16                                                     -0.00045726678552788353                                                    
mvp2    9   19   27   37   19    9   27   37                       -0.01395056111889903666   -0.39117566723119040484                          
mvp2    9   19   27   45   19    9   27   45                       -0.00502359976586658295   -0.04337195556955288078                          
a_ia   37   45                                                      0.48283818771804010161                                                    
mvp2    3   19   27   45   19    3   27   45                        0.00581417910023120793    0.32352250298199303202                          
op      3   23   27   47   23    3   27   47                       -0.00421465684831897041                                                    
a_ia    3   23                                                     -0.00101683189809824675                                                    
a_ia   27   40                                                     -0.00079935277888742615                                                    
mvp2    9   19   27   46   19    9   27   46                        0.00111934690581290365    0.23796511259811137240                          
a_ia   45   46                                                     -0.41448503201966796494                                                    
op      7   17   31   41   17    7   31   41                       -0.00821332054327260884                                                    
op      8   17   31   41   17    8   31   41                        0.00475580968433367366                                                    
a_ia   33   42                                                     -0.00147862086055294156                                                    
op      7   17   32   41   17    7   32   41                        0.00492130867650121973                                                    
op      7   17   29   41   17    7   29   41                        0.00501960666423731730                                                    
mvp2    7   22   33   46   22    7   33   46                        0.00798933923269448155    0.70888718522965121771                          
