op      3   13   27   37   13    3   27   37                       -0.03435670298330485012                                                    
op      3   17   27   41   17    3   27   41                       -0.02157365563773075076                                                    
op      3   18   27   42   18    3   27   42                       -0.01754676773969847045                                                    
op      3   14   27   42   14    3   27   42                       -0.00619821477726121683                                                    
op      3   21   27   45   21    3   27   45                       -0.01759242352456733341                                                    
op      3   22   27   46   22    3   27   46                       -0.01313376654032002294                                                    
op      3   21   27   46   21    3   27   46                        0.01214023653364778958                                                    
op      5   13   29   37   13    5   29   37                       -0.01442681536610721828                                                    
mvp3   27   45   33   46   27   33   46   45   27   33   45   46    0.01114936299799507494   -0.19146431296336496874    0.45465772567305073881
mvp2    3   22   27   45   22    3   27   45                        0.01446844708619439250    0.30266184567444226472                          
om      3   21   27   37   21    3   27   37                       -0.01964453520962735830                                                    
a_ia   27   37                                                      0.00346762246774646446                                                    
mvp2    3   22   27   37   22    3   27   37                        0.01923495147653057902   -0.13241671242150188093                          
mvp3   27   37   33   46   27   33   46   37   27   33   37   46    0.00924730134051916092   -0.24486258873135899328    0.14093955461331519885
mvp2    3   22   33   43   22    3   33   43                        0.00599100705270328836   -0.62585432141959929098                          
mvp2    3   22   33   40   22    3   33   40                        0.00614546483960643711   -0.69276990595970533438                          
