op      3   13   27   37   13    3   27   37                       -0.03925484168402716689                                                    
op      3   17   27   41   17    3   27   41                       -0.02136053059266582177                                                    
op      3   18   27   42   18    3   27   42                       -0.01742669769894285639                                                    
op      3   14   27   42   14    3   27   42                       -0.00608424642550703994                                                    
op      3   21   27   45   21    3   27   45                       -0.01724204322224632061                                                    
op      3   22   27   46   22    3   27   46                       -0.00965880191283445717                                                    
op      3   21   27   46   21    3   27   46                        0.00774203078272453840                                                    
op      5   13   29   37   13    5   29   37                       -0.01346831739691734496                                                    
mvp3   27   45   33   46   27   33   46   45   27   33   45   46    0.01666671936349474817   -0.29705868959777348426    0.51111201150353757772
mvp2    3   22   27   45   22    3   27   45                        0.01442257984271241682   -0.12831517756910701400                          
om      3   21   27   37   21    3   27   37                       -0.02375540898325061850                                                    
a_ia   27   37                                                      0.00306786632056089059                                                    
mvp2    3   22   27   37   22    3   27   37                        0.03178649836007937934   -0.34064262349496193805                          
mvp3   27   37   33   46   27   33   46   37   27   33   37   46    0.02415561392222770332   -0.37241441002725689247    0.14860172829603685019
mvp2    3   22   33   43   22    3   33   43                        0.00566445130510721904   -0.60897420928613921198                          
mvp2    3   22   33   40   22    3   33   40                        0.00587148612796943060   -0.76794857199185384555                          
a_ia   33   46                                                      0.00142386194368529376                                                    
mvp2    9   22   33   46   22    9   33   46                       -0.01026052653229307318   -0.89991893541923129174                          
om      9   14   33   38   14    9   33   38                       -0.01802717921366249476                                                    
mvp2    9   22   33   38   22    9   33   38                        0.00898814374740706037   -0.88798764158660670187                          
om      9   18   33   42   18    9   33   42                       -0.00625311204306678442                                                    
mvp2    3   16   27   40   16    3   27   40                       -0.00488801665726171751    0.07584299766968034817                          
mvp2    9   16   27   45   16    9   27   45                       -0.00845446250085479974   -0.42849499437487070796                          
mvp2    9   16   27   37   16    9   27   37                       -0.01184023840923828334   -0.23645885501296656783                          
mvp2    9   21   27   37   21    9   27   37                        0.00816840769379959496    0.27235490569326709087                          
mvp2    9   21   27   45   21    9   27   45                        0.00761687248341972288   -0.08277837922062740439                          
a_ia   27   45                                                     -0.00176148304533700530                                                    
a_ia    9   21                                                      0.00112064682120205741                                                    
a_ia   37   46                                                     -0.24825985182669832452                                                    
a_ia   33   38                                                      0.00261812856490913201                                                    
a_ia    3   16                                                     -0.00101932600372535561                                                    
mvp2    9   19   27   37   19    9   27   37                       -0.01010090406414894566   -0.49500668538525799400                          
