op      3   13   27   37   13    3   27   37                       -0.03332248580937828553                                                    
op      3   17   27   41   17    3   27   41                       -0.02144312532475432104                                                    
op      3   18   27   42   18    3   27   42                       -0.01760132751056939573                                                    
op      3   14   27   42   14    3   27   42                       -0.00617882930199828602                                                    
op      3   21   27   45   21    3   27   45                       -0.01906576418005847401                                                    
op      3   22   27   46   22    3   27   46                       -0.00990969171793237846                                                    
op      3   21   27   46   21    3   27   46                        0.01171783233325579196                                                    
op      5   13   29   37   13    5   29   37                       -0.01428168657130051734                                                    
mvp3   27   45   33   46   27   33   46   45   27   33   45   46    0.01267305586126550587   -0.55798021595100977255    0.40332321440223328768
mvp2    3   22   27   45   22    3   27   45                        0.00977791535002385005    0.32581957253736598679                          
om      3   21   27   37   21    3   27   37                       -0.01859007084935853510                                                    
a_ia   27   37                                                      0.00323760455957152003                                                    
mvp2    3   22   27   37   22    3   27   37                        0.01177954277537763932   -0.00010773754852557001                          
