op      3   13   27   37   13    3   27   37                       -0.03467671095320886548                                                    
op      3   17   27   41   17    3   27   41                       -0.02141211899122302115                                                    
op      3   18   27   42   18    3   27   42                       -0.01769946422639263536                                                    
op      3   14   27   42   14    3   27   42                       -0.00623199557525332126                                                    
op      3   21   27   45   21    3   27   45                       -0.01713715453221601945                                                    
op      3   22   27   46   22    3   27   46                       -0.00995620028751142624                                                    
op      3   21   27   46   21    3   27   46                        0.01174426823891755109                                                    
op      5   13   29   37   13    5   29   37                       -0.01430000935150199659                                                    
mvp3   27   45   33   46   27   33   46   45   27   33   45   46    0.01181841048983599783   -0.50651804474947059731    0.43302107512434506731
mvp2    3   22   27   45   22    3   27   45                        0.00968543239278169509    0.35869304219162417846                          
om      3   21   27   37   21    3   27   37                       -0.01945464901764922330                                                    
a_ia   27   37                                                      0.00362728492068888032                                                    
mvp2    3   22   27   37   22    3   27   37                        0.01287704797535548472   -0.01263364497897890779                          
mvp3   27   37   33   46   27   33   46   37   27   33   37   46    0.00975275676486105601   -0.21612405753099395156    0.02535465267840016079
