op      3   13   27   37   13    3   27   37                       -0.05226157134022993422                                                    
op      3   17   27   41   17    3   27   41                       -0.01991702321814646862                                                    
op      3   18   27   42   18    3   27   42                       -0.01726187158225810786                                                    
op      3   14   27   42   14    3   27   42                       -0.00201865420769460407                                                    
op      3   21   27   45   21    3   27   45                       -0.00813912818169095637                                                    
op      3   22   27   46   22    3   27   46                       -0.00556321126501982052                                                    
op      3   21   27   46   21    3   27   46                        0.00058007508605453751                                                    
op      5   13   29   37   13    5   29   37                       -0.01041011446182994217                                                    
mvp3   27   45   33   46   27   33   46   45   27   33   45   46    0.02039499487804402600   -0.56527517456882092617    0.16447039230238663654
mvp2    3   22   27   45   22    3   27   45                        0.01325153888397273896   -0.63675426119972167172                          
om      3   21   27   37   21    3   27   37                       -0.03371103549429435575                                                    
a_ia   27   37                                                      0.00137387248597071175                                                    
mvp2    3   22   27   37   22    3   27   37                        0.03366856170555667521   -0.36735853495682330161                          
mvp3   27   37   33   46   27   33   46   37   27   33   37   46    0.04450102044217935787   -0.56628076415858241699   -0.11389453881618777364
mvp2    3   22   33   43   22    3   33   43                        0.00656280518701799973   -0.59261243229579596559                          
mvp2    3   22   33   40   22    3   33   40                        0.00731991683243694239   -0.67696027825766735830                          
a_ia   33   46                                                      0.00096560130412488929                                                    
mvp2    9   22   33   46   22    9   33   46                       -0.01548896929898708162   -0.60650151846437172498                          
om      9   14   33   38   14    9   33   38                       -0.00849624965943749158                                                    
mvp2    9   22   33   38   22    9   33   38                        0.01823482974924244687   -0.71173143656785020639                          
om      9   18   33   42   18    9   33   42                       -0.00602867503535302503                                                    
mvp2    3   16   27   40   16    3   27   40                       -0.00492501804719928070    0.13838789088144082262                          
mvp2    9   16   27   45   16    9   27   45                       -0.00228890652683293996   -0.44348311694499525926                          
mvp2    9   16   27   37   16    9   27   37                       -0.01433779298175941359   -0.25420207731555477526                          
mvp2    9   21   27   37   21    9   27   37                        0.00932501124983545204    0.17362058170139163527                          
mvp2    9   21   27   45   21    9   27   45                        0.00045366547321445245    0.19931216375341220814                          
a_ia   27   45                                                     -0.00484948651550528350                                                    
a_ia    9   21                                                      0.00107928219370373858                                                    
a_ia   37   46                                                     -0.15920555387928761459                                                    
a_ia   33   38                                                      0.00067754455413108539                                                    
a_ia    3   16                                                     -0.00092306352452445220                                                    
mvp2    9   19   27   37   19    9   27   37                       -0.01390763304892924518   -0.33018472491989564466                          
mvp2    9   19   27   45   19    9   27   45                       -0.00230786034389250487   -0.52206730330269779383                          
a_ia   37   45                                                      0.64812827034469888687                                                    
mvp2    3   19   27   45   19    3   27   45                        0.00565339261298364228    0.28305798557128869497                          
op      3   23   27   47   23    3   27   47                       -0.00407481054059115246                                                    
a_ia    3   23                                                     -0.00088628551958402349                                                    
a_ia   27   40                                                     -0.00084245717805612737                                                    
mvp2    9   19   27   46   19    9   27   46                        0.00238590161890330768    0.12764275450712214699                          
a_ia   45   46                                                     -0.30220034718726535017                                                    
op      7   17   31   41   17    7   31   41                       -0.00766901782329746685                                                    
op      8   17   31   41   17    8   31   41                        0.00446619642687854160                                                    
a_ia   33   42                                                     -0.00148490419459075974                                                    
op      7   17   32   41   17    7   32   41                        0.00458731460670530871                                                    
op      7   17   29   41   17    7   29   41                        0.00475236243111022260                                                    
mvp2    7   22   33   46   22    7   33   46                        0.01121317563088087589    0.99363629382025808745                          
mvp2    7   14   33   46   14    7   33   46                       -0.00103414725182858188   -0.20520074024244305821                          
mvp2    7   22   31   46   22    7   31   46                       -0.01327950628724695534    0.55916536103969305405                          
a_ia   14   22                                                      0.68268688588543657847                                                    
a_ia    9   19                                                      0.00249808966825901691                                                    
a_ia    5   13                                                     -0.00287025862580653430                                                    
a_ia   13   17                                                     -0.11705939036267694331                                                    
a_ia   12   13                                                      0.38126621563851648133                                                    
