op      3   13   27   37   13    3   27   37                       -0.05618666538417205897                                                    
op      3   17   27   41   17    3   27   41                       -0.02246655474683411854                                                    
op      3   18   27   42   18    3   27   42                       -0.01698229007643429350                                                    
op      3   14   27   42   14    3   27   42                       -0.00212629607398968782                                                    
op      3   21   27   45   21    3   27   45                       -0.00775309527491789725                                                    
op      3   22   27   46   22    3   27   46                       -0.00678760939793028682                                                    
op      3   21   27   46   21    3   27   46                        0.00131575258956214726                                                    
op      5   13   29   37   13    5   29   37                       -0.00317759141125934516                                                    
mvp3   27   45   33   46   27   33   46   45   27   33   45   46    0.02312435356502466968   -0.67297657028259294520    0.09399589363735910696
mvp2    3   22   27   45   22    3   27   45                        0.01655484107167436159   -0.59116437675781952077                          
om      3   21   27   37   21    3   27   37                       -0.04017952578347648573                                                    
a_ia   27   37                                                      0.00081403462780699481                                                    
mvp2    3   22   27   37   22    3   27   37                        0.03242114086404492695   -0.33671950459913796427                          
mvp3   27   37   33   46   27   33   46   37   27   33   37   46    0.04697451582779584717   -0.55840845598245381076   -0.25055721516378387514
mvp2    3   22   33   43   22    3   33   43                        0.00542054076059666611   -0.68077696836003687153                          
mvp2    3   22   33   40   22    3   33   40                        0.00605615518888010830   -0.83142825201007841684                          
a_ia   33   46                                                      0.00088010509979176269                                                    
mvp2    9   22   33   46   22    9   33   46                       -0.01267213936024780274   -0.47995493885890944119                          
om      9   14   33   38   14    9   33   38                       -0.00574279953038421900                                                    
mvp2    9   22   33   38   22    9   33   38                        0.01301050581534022969   -0.94093166186793564254                          
om      9   18   33   42   18    9   33   42                       -0.00651250505219940542                                                    
mvp2    3   16   27   40   16    3   27   40                       -0.00420772530412210494    0.12954467280206025115                          
mvp2    9   16   27   45   16    9   27   45                        0.00237221378471081604   -0.47212034711104938767                          
mvp2    9   16   27   37   16    9   27   37                       -0.01727323938613641724   -0.28078808617352812860                          
mvp2    9   21   27   37   21    9   27   37                        0.00741304401861724201    0.11212638644544116462                          
mvp2    9   21   27   45   21    9   27   45                       -0.00246547639014391400    0.26411861536436276321                          
a_ia   27   45                                                     -0.00653552317267551853                                                    
a_ia    9   21                                                      0.00013181497901798035                                                    
a_ia   37   46                                                     -0.20960570068251588305                                                    
a_ia   33   38                                                      0.00078249520328772283                                                    
a_ia    3   16                                                     -0.00097433870482109487                                                    
mvp2    9   19   27   37   19    9   27   37                       -0.02024183021958179257   -0.54155010091000921335                          
mvp2    9   19   27   45   19    9   27   45                        0.00351953950943709312   -0.85705147803261527706                          
a_ia   37   45                                                      0.94223115871298457336                                                    
mvp2    3   19   27   45   19    3   27   45                        0.00412166751234385904    0.20635808512272510451                          
op      3   23   27   47   23    3   27   47                       -0.00458860271985389416                                                    
a_ia    3   23                                                     -0.00096972603860358904                                                    
a_ia   27   40                                                     -0.00096506094060418450                                                    
mvp2    9   19   27   46   19    9   27   46                        0.00487615671835301811    0.19336674943387041625                          
a_ia   45   46                                                     -0.23273240093337149714                                                    
op      7   17   31   41   17    7   31   41                       -0.00914749054873214423                                                    
op      8   17   31   41   17    8   31   41                        0.00453593223224650188                                                    
a_ia   33   42                                                     -0.00164181299182659533                                                    
op      7   17   32   41   17    7   32   41                        0.00534511420991610163                                                    
op      7   17   29   41   17    7   29   41                        0.00576317445147263210                                                    
mvp2    7   22   33   46   22    7   33   46                        0.01263114720165952470    1.03999561535448448168                          
mvp2    7   14   33   46   14    7   33   46                       -0.00155788846855761469   -0.29698930772082698937                          
mvp2    7   22   31   46   22    7   31   46                       -0.01533685406545760507    0.51044149970723373677                          
a_ia   14   22                                                      0.62669607779183011953                                                    
a_ia    9   19                                                      0.00687522522779329247                                                    
a_ia    5   13                                                      0.00057750314801808080                                                    
a_ia   13   17                                                     -0.09986598275149416448                                                    
a_ia   12   13                                                      0.40665142038744250819                                                    
a_ia    8    9                                                      0.48486006718183294328                                                    
a_ia    5    7                                                      0.42091385876909942487                                                    
a_ia   36   41                                                     -0.30972436107979561815                                                    
a_ia    6    7                                                      0.31328162998165581810                                                    
a_ia    3    5                                                     -0.34278413679551705817                                                    
