op      3   13   27   37   13    3   27   37                       -0.04667291976013942384                                                    
op      3   17   27   41   17    3   27   41                       -0.02106929259994008707                                                    
op      3   18   27   42   18    3   27   42                       -0.01724977032249079556                                                    
op      3   14   27   42   14    3   27   42                       -0.00184488953768078396                                                    
op      3   21   27   45   21    3   27   45                       -0.00951030091843319686                                                    
op      3   22   27   46   22    3   27   46                       -0.00412453090322327000                                                    
op      3   21   27   46   21    3   27   46                        0.00011974032934432482                                                    
op      5   13   29   37   13    5   29   37                       -0.01141056238660505262                                                    
mvp3   27   45   33   46   27   33   46   45   27   33   45   46    0.02006671691357922449   -0.50688604693368577436    0.45503141870742397357
mvp2    3   22   27   45   22    3   27   45                        0.01193634348198279252   -0.63727721390120561917                          
om      3   21   27   37   21    3   27   37                       -0.03335287606346044181                                                    
a_ia   27   37                                                      0.00255662992402822409                                                    
mvp2    3   22   27   37   22    3   27   37                        0.03380436162498217517   -0.39702988315513199069                          
mvp3   27   37   33   46   27   33   46   37   27   33   37   46    0.04542151334747150659   -0.56541409781365115084    0.10894194794603719034
mvp2    3   22   33   43   22    3   33   43                        0.00646737321208859430   -0.58044633922544774940                          
mvp2    3   22   33   40   22    3   33   40                        0.00730758764870046221   -0.67952430871591595896                          
a_ia   33   46                                                      0.00094364432081358142                                                    
mvp2    9   22   33   46   22    9   33   46                       -0.01543421667443657316   -0.58839872503898171807                          
om      9   14   33   38   14    9   33   38                       -0.00838489730302035587                                                    
mvp2    9   22   33   38   22    9   33   38                        0.01818890732223835127   -0.70864102826985209127                          
om      9   18   33   42   18    9   33   42                       -0.00618242391385853598                                                    
mvp2    3   16   27   40   16    3   27   40                       -0.00477252704749549922    0.12786046365168368677                          
mvp2    9   16   27   45   16    9   27   45                       -0.00290291405604410418   -0.45707683441710983407                          
mvp2    9   16   27   37   16    9   27   37                       -0.01438651828367227582   -0.25251566002684022738                          
mvp2    9   21   27   37   21    9   27   37                        0.00926590165756455662    0.17950951036510207071                          
mvp2    9   21   27   45   21    9   27   45                        0.00086823292662826102    0.13589633489505489883                          
a_ia   27   45                                                     -0.00396485851266716646                                                    
a_ia    9   21                                                      0.00090809426341244401                                                    
a_ia   37   46                                                     -0.17539105631612336711                                                    
a_ia   33   38                                                      0.00069049312246871489                                                    
a_ia    3   16                                                     -0.00090173942288446327                                                    
mvp2    9   19   27   37   19    9   27   37                       -0.01379944102329100537   -0.34607186416699331488                          
mvp2    9   19   27   45   19    9   27   45                       -0.00294852426330784005   -0.40934158536226711300                          
a_ia   37   45                                                      0.59638495774667277249                                                    
mvp2    3   19   27   45   19    3   27   45                        0.00564257936275299691    0.29001246271779601571                          
op      3   23   27   47   23    3   27   47                       -0.00422359895343017711                                                    
a_ia    3   23                                                     -0.00115335278181576129                                                    
a_ia   27   40                                                     -0.00075089408182148828                                                    
mvp2    9   19   27   46   19    9   27   46                        0.00232184168413161448    0.11082117624114115606                          
a_ia   45   46                                                     -0.30472165878727952570                                                    
op      7   17   31   41   17    7   31   41                       -0.00804118615480799853                                                    
op      8   17   31   41   17    8   31   41                        0.00469039924376181243                                                    
a_ia   33   42                                                     -0.00159833075940888692                                                    
op      7   17   32   41   17    7   32   41                        0.00473670250990286621                                                    
op      7   17   29   41   17    7   29   41                        0.00515577395811643059                                                    
mvp2    7   22   33   46   22    7   33   46                        0.01135934835503065767    1.00279567586168227855                          
mvp2    7   14   33   46   14    7   33   46                       -0.00089843134720879252   -0.23687857477174864562                          
mvp2    7   22   31   46   22    7   31   46                       -0.01319761500989608156    0.55301675073930189885                          
a_ia   14   22                                                      0.68336538866330487352                                                    
