op      3   13   27   37   13    3   27   37                       -0.05797895678046590534                                                    
op      3   17   27   41   17    3   27   41                       -0.02481805402209621633                                                    
op      3   18   27   42   18    3   27   42                       -0.01680359543158981006                                                    
op      3   14   27   42   14    3   27   42                       -0.00216529715898070973                                                    
op      3   21   27   45   21    3   27   45                       -0.00792283158800558343                                                    
op      3   22   27   46   22    3   27   46                       -0.00341790536881237707                                                    
op      3   21   27   46   21    3   27   46                       -0.00132901647435422336                                                    
op      5   13   29   37   13    5   29   37                       -0.00305825962333900955                                                    
mvp3   27   45   33   46   27   33   46   45   27   33   45   46    0.02241486706622993624   -0.68030418172396278642    0.14202748005680834731
mvp2    3   22   27   45   22    3   27   45                        0.01679599309396510864   -0.56134810302380655500                          
om      3   21   27   37   21    3   27   37                       -0.04205103142997652921                                                    
a_ia   27   37                                                      0.00175268280369088639                                                    
mvp2    3   22   27   37   22    3   27   37                        0.03255726179681407706   -0.33448878285369343377                          
mvp3   27   37   33   46   27   33   46   37   27   33   37   46    0.04928753173752896399   -0.53629685224377410258   -0.34622807450745279878
mvp2    3   22   33   43   22    3   33   43                        0.00495363744408823525   -0.66203822755130103950                          
mvp2    3   22   33   40   22    3   33   40                        0.00588537116569956813   -0.87085083425283482672                          
a_ia   33   46                                                      0.00185733573100225623                                                    
mvp2    9   22   33   46   22    9   33   46                       -0.01306839703032019150   -0.49023729504289820236                          
om      9   14   33   38   14    9   33   38                       -0.00594180056908478332                                                    
mvp2    9   22   33   38   22    9   33   38                        0.01304303865730523267   -0.94105265494056133946                          
om      9   18   33   42   18    9   33   42                       -0.00645530912004215959                                                    
mvp2    3   16   27   40   16    3   27   40                       -0.00424188837676142422    0.09751716915541980280                          
mvp2    9   16   27   45   16    9   27   45                        0.00280460576675321772   -0.47364697715632525510                          
mvp2    9   16   27   37   16    9   27   37                       -0.01848914517314763362   -0.26389547516422057205                          
mvp2    9   21   27   37   21    9   27   37                        0.00815726181998848929    0.10112949443495743151                          
mvp2    9   21   27   45   21    9   27   45                       -0.00245299147476867084    0.27539406319831788439                          
a_ia   27   45                                                     -0.00719270826424632005                                                    
a_ia    9   21                                                      0.00032411034909962444                                                    
a_ia   37   46                                                     -0.16466472663703685120                                                    
a_ia   33   38                                                      0.00154065661010801278                                                    
a_ia    3   16                                                     -0.00102746203596585793                                                    
mvp2    9   19   27   37   19    9   27   37                       -0.02186338365281777218   -0.51668445816969654771                          
mvp2    9   19   27   45   19    9   27   45                        0.00366075035782448786   -0.85326681340558507838                          
a_ia   37   45                                                      0.94956287992480681304                                                    
mvp2    3   19   27   45   19    3   27   45                        0.00399234431855615118    0.17977985450159844616                          
op      3   23   27   47   23    3   27   47                       -0.00566439237416997178                                                    
a_ia    3   23                                                     -0.00090818342972218179                                                    
a_ia   27   40                                                     -0.00099983223940653017                                                    
mvp2    9   19   27   46   19    9   27   46                        0.00305113535203627943    0.16461677643802058446                          
a_ia   45   46                                                     -0.23898508627009432126                                                    
op      7   17   31   41   17    7   31   41                       -0.00912088451230301522                                                    
op      8   17   31   41   17    8   31   41                        0.00451908901374778113                                                    
a_ia   33   42                                                     -0.00176489790673779322                                                    
op      7   17   32   41   17    7   32   41                        0.00532533096691426011                                                    
op      7   17   29   41   17    7   29   41                        0.00432151678221390917                                                    
mvp2    7   22   33   46   22    7   33   46                        0.01358335740014550430    1.03279029277630463035                          
mvp2    7   14   33   46   14    7   33   46                       -0.00157969460831871873   -0.28848158128816092649                          
mvp2    7   22   31   46   22    7   31   46                       -0.01540518571356706660    0.50893776240521904075                          
a_ia   14   22                                                      0.62726645369547462394                                                    
a_ia    9   19                                                      0.00728556525970339413                                                    
a_ia    5   13                                                      0.00138390883471808360                                                    
a_ia   13   17                                                     -0.09235291933782702190                                                    
a_ia   12   13                                                      0.42647237413928729133                                                    
a_ia    8    9                                                      0.47953270959946076024                                                    
a_ia    5    7                                                      0.42870856696505099670                                                    
a_ia   36   41                                                     -0.32769689594312506609                                                    
a_ia    6    7                                                      0.31875407886401813107                                                    
a_ia    3    5                                                     -0.38970790078379941024                                                    
a_ia   27   29                                                     -0.36444709899614075033                                                    
a_ia   30   33                                                     -0.19649802851275427473                                                    
mvp2    7   22   31   38   22    7   31   38                        0.00907922366565626707   -0.00613542755399539182                          
