op      3   13   27   37   13    3   27   37                       -0.05821164083780793613                                                    
op      3   17   27   41   17    3   27   41                       -0.02481050500318174312                                                    
op      3   18   27   42   18    3   27   42                       -0.01681892680989177657                                                    
op      3   14   27   42   14    3   27   42                       -0.00216445139728833977                                                    
op      3   21   27   45   21    3   27   45                       -0.00822931670102418182                                                    
op      3   22   27   46   22    3   27   46                       -0.00350427652701045932                                                    
op      3   21   27   46   21    3   27   46                       -0.00090120656833468150                                                    
op      5   13   29   37   13    5   29   37                       -0.00306684818413967318                                                    
mvp3   27   45   33   46   27   33   46   45   27   33   45   46    0.02264386924575992333   -0.68159897637920108249    0.14865734229216193141
mvp2    3   22   27   45   22    3   27   45                        0.01686450089079194123   -0.55592748997086438578                          
om      3   21   27   37   21    3   27   37                       -0.04261534278905080436                                                    
a_ia   27   37                                                      0.00104367371264646415                                                    
mvp2    3   22   27   37   22    3   27   37                        0.03254153013713766834   -0.33346880811903234498                          
mvp3   27   37   33   46   27   33   46   37   27   33   37   46    0.04965812236420175108   -0.53570757852177641745   -0.36596518071199668487
mvp2    3   22   33   43   22    3   33   43                        0.00497721358044276793   -0.66087556699742155963                          
mvp2    3   22   33   40   22    3   33   40                        0.00589648561713923981   -0.87071720232026994513                          
a_ia   33   46                                                      0.00185548174238128684                                                    
mvp2    9   22   33   46   22    9   33   46                       -0.01302910097001023886   -0.49013990910638011167                          
om      9   14   33   38   14    9   33   38                       -0.00562829252560001058                                                    
mvp2    9   22   33   38   22    9   33   38                        0.01331773403512442715   -0.94427914753107478063                          
om      9   18   33   42   18    9   33   42                       -0.00645845078217474351                                                    
mvp2    3   16   27   40   16    3   27   40                       -0.00420497374065718910    0.09725490446875295625                          
mvp2    9   16   27   45   16    9   27   45                        0.00275750871361373764   -0.47430307225307566377                          
mvp2    9   16   27   37   16    9   27   37                       -0.01847819515528723727   -0.26326322693738152259                          
mvp2    9   21   27   37   21    9   27   37                        0.00804878455439263403    0.10065883041997981950                          
mvp2    9   21   27   45   21    9   27   45                       -0.00235191315791204647    0.27586259665714485401                          
a_ia   27   45                                                     -0.00684900194448456560                                                    
a_ia    9   21                                                      0.00012495921812954780                                                    
a_ia   37   46                                                     -0.16168073046545886062                                                    
a_ia   33   38                                                      0.00107243113294342796                                                    
a_ia    3   16                                                     -0.00094113828565481426                                                    
mvp2    9   19   27   37   19    9   27   37                       -0.02184563360082752981   -0.51645827304720159923                          
mvp2    9   19   27   45   19    9   27   45                        0.00360307941025963217   -0.85359798864861180512                          
a_ia   37   45                                                      0.94876721024440624497                                                    
mvp2    3   19   27   45   19    3   27   45                        0.00399943916248918230    0.17983567002190029016                          
op      3   23   27   47   23    3   27   47                       -0.00533573521822246558                                                    
a_ia    3   23                                                     -0.00091371870032041450                                                    
a_ia   27   40                                                     -0.00098472869536925635                                                    
mvp2    9   19   27   46   19    9   27   46                        0.00306987338485981663    0.16144708714277775097                          
a_ia   45   46                                                     -0.24208627810435845440                                                    
op      7   17   31   41   17    7   31   41                       -0.00908401557616071199                                                    
op      8   17   31   41   17    8   31   41                        0.00459799207520724968                                                    
a_ia   33   42                                                     -0.00178150729747534350                                                    
op      7   17   32   41   17    7   32   41                        0.00538149926140574220                                                    
op      7   17   29   41   17    7   29   41                        0.00433764889237437182                                                    
mvp2    7   22   33   46   22    7   33   46                        0.01359482935950826442    1.03353783739712579148                          
mvp2    7   14   33   46   14    7   33   46                       -0.00160919596890289228   -0.28682149510017584948                          
mvp2    7   22   31   46   22    7   31   46                       -0.01538846350776476406    0.50861758349546648539                          
a_ia   14   22                                                      0.62599151088558802059                                                    
a_ia    9   19                                                      0.00758543046398500471                                                    
a_ia    5   13                                                      0.00141008369400738836                                                    
a_ia   13   17                                                     -0.09245399202490979518                                                    
a_ia   12   13                                                      0.42634481936757068210                                                    
a_ia    8    9                                                      0.48001897823031519641                                                    
a_ia    5    7                                                      0.42774408037512590131                                                    
a_ia   36   41                                                     -0.32804772522605413210                                                    
a_ia    6    7                                                      0.31813379458282553536                                                    
a_ia    3    5                                                     -0.38973598456782948540                                                    
a_ia   27   29                                                     -0.36462642847214016273                                                    
a_ia   30   33                                                     -0.19564602869352171188                                                    
mvp2    7   22   31   38   22    7   31   38                        0.00888084616951646290   -0.01852975999847582267                          
a_ia    7   22                                                      0.00013959093905787853                                                    
a_ia   16   21                                                     -0.00557517840493549233                                                    
