op      3   13   27   37   13    3   27   37                       -0.03681779760323908995                                                    
op      3   17   27   41   17    3   27   41                       -0.02141994284925694686                                                    
op      3   18   27   42   18    3   27   42                       -0.01756684605584678607                                                    
op      3   14   27   42   14    3   27   42                       -0.00617393435967813695                                                    
op      3   21   27   45   21    3   27   45                       -0.01778721094317982365                                                    
op      3   22   27   46   22    3   27   46                       -0.01332927874639756004                                                    
op      3   21   27   46   21    3   27   46                        0.01209272615693394656                                                    
op      5   13   29   37   13    5   29   37                       -0.01422012271597186857                                                    
mvp3   27   45   33   46   27   33   46   45   27   33   45   46    0.01605858943573198333   -0.35864539218505125939    0.49495777549731218015
mvp2    3   22   27   45   22    3   27   45                        0.01431946772352484486    0.04581887197113489879                          
om      3   21   27   37   21    3   27   37                       -0.02265547309561357150                                                    
a_ia   27   37                                                      0.00422188335719483714                                                    
mvp2    3   22   27   37   22    3   27   37                        0.01843527270538576623   -0.26594743414146121419                          
mvp3   27   37   33   46   27   33   46   37   27   33   37   46    0.01630316099720415315   -0.46373988781537439641    0.16883934335126105086
mvp2    3   22   33   43   22    3   33   43                        0.00588194305787600492   -0.57325241795083325957                          
mvp2    3   22   33   40   22    3   33   40                        0.00614871708469560702   -0.65014440550122898355                          
a_ia   33   46                                                      0.00210124035264710627                                                    
mvp2    9   22   33   46   22    9   33   46                       -0.01026966223239160828   -0.82626810907125425310                          
om      9   14   33   38   14    9   33   38                       -0.01821481259220366494                                                    
mvp2    9   22   33   38   22    9   33   38                        0.00913280453309126515   -0.84706742059887607521                          
om      9   18   33   42   18    9   33   42                       -0.00635039071754273533                                                    
mvp2    3   16   27   40   16    3   27   40                       -0.00495678814836572439    0.00000585131635440660                          
