op      3   13   27   37   13    3   27   37                       -0.04347205137464160707                                                    
op      3   17   27   41   17    3   27   41                       -0.02120900287169824247                                                    
op      3   18   27   42   18    3   27   42                       -0.01736828922843045367                                                    
op      3   14   27   42   14    3   27   42                       -0.00601986327552007493                                                    
op      3   21   27   45   21    3   27   45                       -0.00919603791351185709                                                    
op      3   22   27   46   22    3   27   46                       -0.00573369980718473754                                                    
op      3   21   27   46   21    3   27   46                        0.00122409498899864471                                                    
op      5   13   29   37   13    5   29   37                       -0.01251300949023435513                                                    
mvp3   27   45   33   46   27   33   46   45   27   33   45   46    0.00951598726803581929   -0.34115257515041530478    0.64124873734937259950
mvp2    3   22   27   45   22    3   27   45                        0.00820223843572425761   -0.30176469427597862882                          
om      3   21   27   37   21    3   27   37                       -0.02990103515253683675                                                    
a_ia   27   37                                                      0.00172285602565245264                                                    
mvp2    3   22   27   37   22    3   27   37                        0.03372714704170474975   -0.47201567541950734119                          
mvp3   27   37   33   46   27   33   46   37   27   33   37   46    0.03162842439989568821   -0.35940932777103606899    0.16795079449826913476
mvp2    3   22   33   43   22    3   33   43                        0.00563914490093016078   -0.66033202678316693657                          
mvp2    3   22   33   40   22    3   33   40                        0.00586833505799873052   -0.83310651012916270286                          
a_ia   33   46                                                      0.00140770768615758085                                                    
mvp2    9   22   33   46   22    9   33   46                       -0.01155604370228502202   -0.86460210830397066228                          
om      9   14   33   38   14    9   33   38                       -0.01789966527493826523                                                    
mvp2    9   22   33   38   22    9   33   38                        0.00893091628525158852   -0.86959544516313991291                          
om      9   18   33   42   18    9   33   42                       -0.00621469665473843927                                                    
mvp2    3   16   27   40   16    3   27   40                       -0.00489339391965820745    0.10136222125083119150                          
mvp2    9   16   27   45   16    9   27   45                       -0.00465923657125722705   -0.36846740778370506986                          
mvp2    9   16   27   37   16    9   27   37                       -0.01425077284520654200   -0.30246625158809953282                          
mvp2    9   21   27   37   21    9   27   37                        0.00898018741507033980    0.26107342213721479451                          
mvp2    9   21   27   45   21    9   27   45                        0.00149232668796646416   -0.02008658016085479794                          
a_ia   27   45                                                     -0.00321090457426504621                                                    
a_ia    9   21                                                      0.00068367823350221654                                                    
a_ia   37   46                                                     -0.12326097700975743865                                                    
a_ia   33   38                                                      0.00289053073654626158                                                    
a_ia    3   16                                                     -0.00054671990522547475                                                    
mvp2    9   19   27   37   19    9   27   37                       -0.01416796526056976653   -0.38790089513350628492                          
mvp2    9   19   27   45   19    9   27   45                       -0.00496024472080875550    0.03416451969500375330                          
a_ia   37   45                                                      0.48334190825616946130                                                    
mvp2    3   19   27   45   19    3   27   45                        0.00593044173308558773    0.35138554288159018490                          
op      3   23   27   47   23    3   27   47                       -0.00423052107149983394                                                    
a_ia    3   23                                                     -0.00092762721375495448                                                    
a_ia   27   40                                                     -0.00088366094363266103                                                    
mvp2    9   19   27   46   19    9   27   46                        0.00090365344724251649    0.26905236722618824929                          
a_ia   45   46                                                     -0.43601879810424065687                                                    
op      7   17   31   41   17    7   31   41                       -0.00778498648667751755                                                    
op      8   17   31   41   17    8   31   41                        0.00497867768195054891                                                    
