op      3   13   27   37   13    3   27   37                       -0.05822778396234888632                                                    
op      3   17   27   41   17    3   27   41                       -0.02483149299425319381                                                    
op      3   18   27   42   18    3   27   42                       -0.01686689840717480945                                                    
op      3   14   27   42   14    3   27   42                       -0.00213202964906656408                                                    
op      3   21   27   45   21    3   27   45                       -0.00780114397102660024                                                    
op      3   22   27   46   22    3   27   46                       -0.00341313165106093414                                                    
op      3   21   27   46   21    3   27   46                       -0.00043779021499168512                                                    
op      5   13   29   37   13    5   29   37                       -0.00304719019936314011                                                    
mvp3   27   45   33   46   27   33   46   45   27   33   45   46    0.02228654575324159198   -0.67033915058075166371    0.12161689559732496990
mvp2    3   22   27   45   22    3   27   45                        0.01694912160579285440   -0.58565068291356858765                          
om      3   21   27   37   21    3   27   37                       -0.04182635309390018985                                                    
a_ia   27   37                                                      0.00187400045332055364                                                    
mvp2    3   22   27   37   22    3   27   37                        0.03290398751889206386   -0.33220355319601424515                          
mvp3   27   37   33   46   27   33   46   37   27   33   37   46    0.04911981156639803892   -0.52962319924699430285   -0.29621923761958907084
mvp2    3   22   33   43   22    3   33   43                        0.00532036079222487478   -0.67616161748348713179                          
mvp2    3   22   33   40   22    3   33   40                        0.00586261038036697390   -0.86658241164234572906                          
a_ia   33   46                                                      0.00179069526331520723                                                    
mvp2    9   22   33   46   22    9   33   46                       -0.01257843103281801843   -0.48177218074222810662                          
om      9   14   33   38   14    9   33   38                       -0.00574809376853912483                                                    
mvp2    9   22   33   38   22    9   33   38                        0.01299266902896302131   -0.92305412109601270298                          
om      9   18   33   42   18    9   33   42                       -0.00643316104765233581                                                    
mvp2    3   16   27   40   16    3   27   40                       -0.00420188730113426299    0.10088750717526732970                          
mvp2    9   16   27   45   16    9   27   45                        0.00278110834224500406   -0.47130633749152645029                          
mvp2    9   16   27   37   16    9   27   37                       -0.01841970555732778611   -0.26478914046276214034                          
mvp2    9   21   27   37   21    9   27   37                        0.00822059094743691869    0.10095957934068353068                          
mvp2    9   21   27   45   21    9   27   45                       -0.00225116233470218450    0.27333952079554940662                          
a_ia   27   45                                                     -0.00702428813839460920                                                    
a_ia    9   21                                                      0.00034424659848874395                                                    
a_ia   37   46                                                     -0.17748724712878979903                                                    
a_ia   33   38                                                      0.00083807040337615713                                                    
a_ia    3   16                                                     -0.00102460188713123478                                                    
mvp2    9   19   27   37   19    9   27   37                       -0.02187054574269431742   -0.51758728659457864385                          
mvp2    9   19   27   45   19    9   27   45                        0.00362410112632523219   -0.85423425016605225579                          
a_ia   37   45                                                      0.95089289570753454672                                                    
mvp2    3   19   27   45   19    3   27   45                        0.00401251440720841370    0.17918847768433823764                          
op      3   23   27   47   23    3   27   47                       -0.00531253161783234312                                                    
a_ia    3   23                                                     -0.00100893936726514531                                                    
a_ia   27   40                                                     -0.00100327561013498039                                                    
mvp2    9   19   27   46   19    9   27   46                        0.00338096898286852814    0.17468962419852906987                          
a_ia   45   46                                                     -0.22975836280716485649                                                    
op      7   17   31   41   17    7   31   41                       -0.00901941022497932364                                                    
op      8   17   31   41   17    8   31   41                        0.00471467249553377942                                                    
a_ia   33   42                                                     -0.00169903689949873560                                                    
op      7   17   32   41   17    7   32   41                        0.00546041671370814038                                                    
op      7   17   29   41   17    7   29   41                        0.00434229336372844027                                                    
mvp2    7   22   33   46   22    7   33   46                        0.01257937252709254508    1.05592523438092467103                          
mvp2    7   14   33   46   14    7   33   46                       -0.00162233866573354671   -0.30042686266336560141                          
mvp2    7   22   31   46   22    7   31   46                       -0.01539506656361578490    0.50553944154027596891                          
a_ia   14   22                                                      0.62748977728405008758                                                    
a_ia    9   19                                                      0.00725239020306193190                                                    
a_ia    5   13                                                      0.00127629012457664242                                                    
a_ia   13   17                                                     -0.09171597063119492355                                                    
a_ia   12   13                                                      0.42667572352209726105                                                    
a_ia    8    9                                                      0.48262810782404991228                                                    
a_ia    5    7                                                      0.42750549330942583248                                                    
a_ia   36   41                                                     -0.32529306879463876223                                                    
a_ia    6    7                                                      0.31757163505309049523                                                    
a_ia    3    5                                                     -0.38953843239825536315                                                    
a_ia   27   29                                                     -0.37054395516443267011                                                    
