op      3   13   27   37   13    3   27   37                       -0.05916118594051660018                                                    
op      3   17   27   41   17    3   27   41                       -0.02467031603450266578                                                    
op      3   18   27   42   18    3   27   42                       -0.01651471015506419948                                                    
op      3   14   27   42   14    3   27   42                       -0.00173244225227943893                                                    
op      3   21   27   45   21    3   27   45                       -0.00718452038198699218                                                    
op      3   22   27   46   22    3   27   46                       -0.00190142879965914547                                                    
op      3   21   27   46   21    3   27   46                       -0.00714492887694522308                                                    
op      5   13   29   37   13    5   29   37                       -0.00347708032923234019                                                    
mvp3   27   45   33   46   27   33   46   45   27   33   45   46    0.02509381556425080775   -0.72556391580695600574    0.26275207128937677625
mvp2    3   22   27   45   22    3   27   45                        0.01799752893258538267   -0.49291569436156817963                          
om      3   21   27   37   21    3   27   37                       -0.04417092203966455771                                                    
a_ia   27   37                                                      0.00991243709577950549                                                    
mvp2    3   22   27   37   22    3   27   37                        0.03122836646721888904   -0.28362438934867734153                          
mvp3   27   37   33   46   27   33   46   37   27   33   37   46    0.05077917263216032845   -0.59433435173559445719   -0.83228662045906842692
mvp2    3   22   33   43   22    3   33   43                        0.00485982700830733545   -0.65480996460994667085                          
mvp2    3   22   33   40   22    3   33   40                        0.00584412378014978907   -0.87355950147962069252                          
a_ia   33   46                                                      0.00169513441555676114                                                    
mvp2    9   22   33   46   22    9   33   46                       -0.01290522886651511783   -0.42312979196603095478                          
om      9   14   33   38   14    9   33   38                       -0.00368845093882062651                                                    
mvp2    9   22   33   38   22    9   33   38                        0.01286353802321518226   -0.94006300982566481927                          
om      9   18   33   42   18    9   33   42                       -0.00651943770436539446                                                    
mvp2    3   16   27   40   16    3   27   40                       -0.00350777677162463376    0.07265860349099373394                          
mvp2    9   16   27   45   16    9   27   45                        0.00278401456775342936   -0.57512505884282338897                          
mvp2    9   16   27   37   16    9   27   37                       -0.02045280077484930639   -0.27358215175244920969                          
mvp2    9   21   27   37   21    9   27   37                        0.00377377519650596259    0.02141587847589072890                          
mvp2    9   21   27   45   21    9   27   45                       -0.00129130927334558123    0.19418897569019294425                          
a_ia   27   45                                                     -0.01025124270058421633                                                    
a_ia    9   21                                                     -0.00049862361733390352                                                    
a_ia   37   46                                                     -0.12952549210096292454                                                    
a_ia   33   38                                                      0.00499336423845645871                                                    
a_ia    3   16                                                      0.00135974481665557733                                                    
mvp2    9   19   27   37   19    9   27   37                       -0.02146547938142116460   -0.49051477955129613173                          
mvp2    9   19   27   45   19    9   27   45                        0.00289633499904786134   -0.88629648599730526115                          
a_ia   37   45                                                      0.91063946151141039742                                                    
mvp2    3   19   27   45   19    3   27   45                        0.00354055718296370598    0.11422428593968750321                          
op      3   23   27   47   23    3   27   47                        0.00025228380138661273                                                    
a_ia    3   23                                                     -0.00113830387903819728                                                    
a_ia   27   40                                                     -0.00092104820782692271                                                    
mvp2    9   19   27   46   19    9   27   46                        0.00215674844316498301    0.10895206745504343315                          
a_ia   45   46                                                     -0.21638925724358304414                                                    
op      7   17   31   41   17    7   31   41                       -0.00888385174031655275                                                    
op      8   17   31   41   17    8   31   41                        0.00448131267970415352                                                    
a_ia   33   42                                                     -0.00216082090387744764                                                    
op      7   17   32   41   17    7   32   41                        0.00526587560569253058                                                    
op      7   17   29   41   17    7   29   41                        0.00415521980073209080                                                    
mvp2    7   22   33   46   22    7   33   46                        0.01252144055514285009    1.10761278586700417925                          
mvp2    7   14   33   46   14    7   33   46                       -0.00081751481999580876   -0.38697724286354978629                          
mvp2    7   22   31   46   22    7   31   46                       -0.01597931906961646414    0.40624903128938766317                          
a_ia   14   22                                                      0.69996775008398082196                                                    
a_ia    9   19                                                      0.00815185839208429006                                                    
a_ia    5   13                                                      0.00155643115512163021                                                    
a_ia   13   17                                                     -0.09489769494698044316                                                    
a_ia   12   13                                                      0.42261886605985143905                                                    
a_ia    8    9                                                      0.46686499486733235020                                                    
a_ia    5    7                                                      0.35878365705656689588                                                    
a_ia   36   41                                                     -0.32663557592676623065                                                    
a_ia    6    7                                                      0.24673140124152520558                                                    
a_ia    3    5                                                     -0.39872012151313102057                                                    
a_ia   27   29                                                     -0.37137817196648609253                                                    
a_ia   30   33                                                     -0.19844834458889995532                                                    
mvp2    7   22   31   38   22    7   31   38                        0.00989204795088056976   -0.31609846863970436637                          
a_ia    7   22                                                     -0.00435129781293616940                                                    
a_ia   16   21                                                     -0.25316115158902774418                                                    
mvp2    7   14   31   38   14    7   31   38                       -0.01435304920221315214    0.34107321677959578921                          
a_ia    7   22                                                      0.00260009978686077860                                                    
