op      3   13   27   37   13    3   27   37                       -0.04341554236078670748                                                    
op      3   17   27   41   17    3   27   41                       -0.02127415687040304718                                                    
op      3   18   27   42   18    3   27   42                       -0.01734963738228257474                                                    
op      3   14   27   42   14    3   27   42                       -0.00601219116859632880                                                    
op      3   21   27   45   21    3   27   45                       -0.00917999071381843217                                                    
op      3   22   27   46   22    3   27   46                       -0.00577371398144565368                                                    
op      3   21   27   46   21    3   27   46                        0.00131574202305285255                                                    
op      5   13   29   37   13    5   29   37                       -0.01273138812886328783                                                    
mvp3   27   45   33   46   27   33   46   45   27   33   45   46    0.00957102735298410306   -0.34113753872895102859    0.64129778689033367645
mvp2    3   22   27   45   22    3   27   45                        0.00821873884062083657   -0.30170863753826870912                          
om      3   21   27   37   21    3   27   37                       -0.02978109827419112357                                                    
a_ia   27   37                                                      0.00173622860968679696                                                    
mvp2    3   22   27   37   22    3   27   37                        0.03375767266082549400   -0.47201742665013468603                          
mvp3   27   37   33   46   27   33   46   37   27   33   37   46    0.03169112054994329547   -0.35937119215460744392    0.16796295376369441144
mvp2    3   22   33   43   22    3   33   43                        0.00570972231461619288   -0.66037636724737924787                          
mvp2    3   22   33   40   22    3   33   40                        0.00581221446230530472   -0.83311138201330114939                          
a_ia   33   46                                                      0.00141687795330502409                                                    
mvp2    9   22   33   46   22    9   33   46                       -0.01159486626440188461   -0.86477423810099141033                          
om      9   14   33   38   14    9   33   38                       -0.01791670719773472489                                                    
mvp2    9   22   33   38   22    9   33   38                        0.00894633940983263418   -0.86956549272248506721                          
om      9   18   33   42   18    9   33   42                       -0.00621872942935785752                                                    
mvp2    3   16   27   40   16    3   27   40                       -0.00486461309763230442    0.10136023318933654047                          
mvp2    9   16   27   45   16    9   27   45                       -0.00464249929613441518   -0.36846062997963757724                          
mvp2    9   16   27   37   16    9   27   37                       -0.01418435327236148603   -0.30252312786180968196                          
mvp2    9   21   27   37   21    9   27   37                        0.00904336870743711191    0.26121821960825375442                          
mvp2    9   21   27   45   21    9   27   45                        0.00157439990680090453   -0.02009367618120243629                          
a_ia   27   45                                                     -0.00324322401391386166                                                    
a_ia    9   21                                                      0.00060212661385720847                                                    
a_ia   37   46                                                     -0.12317217917905778912                                                    
a_ia   33   38                                                      0.00288878204019335071                                                    
a_ia    3   16                                                     -0.00055176214527609358                                                    
mvp2    9   19   27   37   19    9   27   37                       -0.01412536157444297877   -0.38796931947766455373                          
mvp2    9   19   27   45   19    9   27   45                       -0.00501215812750975022    0.03422085382862102149                          
a_ia   37   45                                                      0.48333831554600709124                                                    
mvp2    3   19   27   45   19    3   27   45                        0.00607966760937182944    0.35140673093262958515                          
op      3   23   27   47   23    3   27   47                       -0.00423766684158464416                                                    
a_ia    3   23                                                     -0.00091490836982306191                                                    
a_ia   27   40                                                     -0.00084634182692770732                                                    
mvp2    9   19   27   46   19    9   27   46                        0.00087095901308485647    0.26910089312312174270                          
a_ia   45   46                                                     -0.43596533360681544167                                                    
