op      3   13   27   37   13    3   27   37                       -0.03681300902848709533                                                    
op      3   17   27   41   17    3   27   41                       -0.02142478168082760301                                                    
op      3   18   27   42   18    3   27   42                       -0.01761215457354755112                                                    
op      3   14   27   42   14    3   27   42                       -0.00617433203952708759                                                    
op      3   21   27   45   21    3   27   45                       -0.01779397386837772849                                                    
op      3   22   27   46   22    3   27   46                       -0.01332716899902190374                                                    
op      3   21   27   46   21    3   27   46                        0.01209756049012889779                                                    
op      5   13   29   37   13    5   29   37                       -0.01417877537474358449                                                    
mvp3   27   45   33   46   27   33   46   45   27   33   45   46    0.01605867985803903844   -0.35866409301469082127    0.49496820894697435289
mvp2    3   22   27   45   22    3   27   45                        0.01431791006671283804    0.04586560338292888783                          
om      3   21   27   37   21    3   27   37                       -0.02265844237899334451                                                    
a_ia   27   37                                                      0.00420337262203816613                                                    
mvp2    3   22   27   37   22    3   27   37                        0.01844007167038403880   -0.26592965926194783721                          
mvp3   27   37   33   46   27   33   46   37   27   33   37   46    0.01630298419789651468   -0.46379076775261290910    0.16884282748727066914
mvp2    3   22   33   43   22    3   33   43                        0.00588041299713743925   -0.57325224290568366214                          
mvp2    3   22   33   40   22    3   33   40                        0.00615003444351419886   -0.65013622405232929236                          
a_ia   33   46                                                      0.00206204439649219830                                                    
mvp2    9   22   33   46   22    9   33   46                       -0.01033982787298878131   -0.82618967038434476535                          
om      9   14   33   38   14    9   33   38                       -0.01825840873731614245                                                    
mvp2    9   22   33   38   22    9   33   38                        0.00917303358567153268   -0.84708111727008739145                          
om      9   18   33   42   18    9   33   42                       -0.00635112229602203399                                                    
