op     10   20   34   44   20   10   34   44                       -0.05140327166906503986                                                    
op     10   20   34   41   20   10   34   41                        0.02855647853175034140                                                    
op     10   17   34   44   17   10   34   44                        0.00343779198000072634                                                    
a_ia   34   44                                                      0.00212672256021498784                                                    
op     10   20   34   42   20   10   34   42                        0.02110270449561922612                                                    
a_ia   10   20                                                     -0.00303821105752663783                                                    
mvp2   10   20   34   38   20   10   34   38                        0.02385795846196276174    0.23417897728382008893                          
mvp2   10   18   34   44   18   10   34   44                       -0.00021619562207010162    0.25727790277797407681                          
op      9   14   33   38   14    9   33   38                       -0.01891487373359011098                                                    
mvp2   10   16   34   44   16   10   34   44                        0.00664787838105366461   -0.24174176346720341324                          
mvp2   10   20   33   42   20   10   33   42                        0.02372882201820275885   -0.32796237360580904330                          
mvp2    9   20   10   22    9   10   20   22                        0.04067031742611563333   -0.35826415685033113911                          
mvp2    9   18   34   44   18    9   34   44                       -0.00184718079622717352    0.18498243752934878659                          
mvp2   10   22   34   44   22   10   34   44                        0.01019482214654458818    0.37683516346464468461                          
mvp3    9   18   10   22    9   10   22   18    9   10   18   22    0.00043667987652619227   -0.69345103979930644567   -0.17174539449239786815
mvp2    9   20   34   44   20    9   34   44                       -0.02129137467721429339   -0.15043546974902607949                          
a_ia    9   22                                                     -0.00145466328981389914                                                    
mvp2    9   22   33   46   22    9   33   46                       -0.01308909814138924967    0.92006785131637913722                          
mvp2   10   18   33   44   18   10   33   44                        0.00532748529640887213   -0.15610482919818374770                          
mvp2   10   20   34   46   20   10   34   46                        0.02309504987800760009   -0.35884341383706425122                          
mvp2   10   20   33   44   20   10   33   44                       -0.01410466955225247142    0.28314402994623727450                          
a_ia   34   46                                                      0.00011685812895249128                                                    
a_ia   10   20                                                     -0.00415754167813318053                                                    
mvp2    9   18   33   46   18    9   33   46                        0.00835562655620196784    0.31353483734964621155                          
a_ia    9   18                                                      0.00093777900949548873                                                    
mvp2    9   20   33   44   20    9   33   44                       -0.00651666236667346709    0.14014158449724742339                          
mvp2   10   22   34   46   22   10   34   46                       -0.00557392317065198532    0.17906929402225427173                          
mvp2   10   22   34   41   22   10   34   41                       -0.00315333363247385055    0.15908352498645683681                          
mvp2   10   20   28   45   20   10   28   45                        0.03253361639012988110   -0.37825273867625602842                          
a_ia   28   34                                                     -0.14324689151848102320                                                    
mvp2   10   20   28   37   20   10   28   37                       -0.02312135851937428821    0.32084279248600777734                          
a_ia   10   20                                                      0.00872391532696173595                                                    
mvp2   10   20   28   42   20   10   28   42                       -0.01022810470589630497    0.15672735233269158295                          
mvp2   10   17   34   41   17   10   34   41                       -0.00364140975015719848   -0.19281955748588716637                          
mvp2   10   17   34   46   17   10   34   46                       -0.00267940602965232016    0.16485509366707284951                          
a_ia   45   46                                                      0.39559676118828046576                                                    
mvp2   10   20   24   47   20   10   24   47                       -0.01734752124262461948    0.67416385372004872245                          
mvp2   10   20   24   36   20   10   24   36                       -0.01344156071336880323    0.53086736043095994475                          
mvp2   10   17   24   47   17   10   24   47                        0.00919597143539865533    0.20895092981035182089                          
mvp2    9   16   33   40   16    9   33   40                       -0.00670232144345742683   -0.31125858573586989708                          
a_ia   24   47                                                     -0.00395871169318097720                                                    
mvp2   10   17   24   36   17   10   24   36                        0.00728132921628846675    0.42680250367948180390                          
a_ia   28   47                                                      0.00065935900808178024                                                    
a_ia   15   20                                                      0.17090854940348285118                                                    
mvp2   10   22   24   47   22   10   24   47                        0.00727303744605854556    0.28907526834396179982                          
mvp2   10   18   24   47   18   10   24   47                        0.00828613082175572863    0.44599907544288741601                          
mvp2   10   18   24   36   18   10   24   36                        0.00689693514166502940    0.16642833616679320041                          
a_ia   28   36                                                     -0.00525200972855610106                                                    
mvp2   10   20   24   43   20   10   24   43                       -0.01028695056482724357    0.35268077531924640899                          
a_ia   24   43                                                     -0.00214360628443674558                                                    
mvp2   10   18   24   43   18   10   24   43                        0.00456835788905599408    0.04545883210503108562                          
mvp2   10   17   24   43   17   10   24   43                        0.00504135963479868370    0.01686570102118693099                          
mvp2    4   19   28   43   19    4   28   43                       -0.02145190675198343361    0.69909327333499926560                          
mvp2    4   21   24   47   21    4   24   47                        0.00948401992703060311    1.04817426893668175225                          
a_ia   27   28                                                      0.56340586181163110346                                                    
a_ia    4   10                                                     -0.12613030920439563531                                                    
a_ia    3    4                                                      0.59931305521694366867                                                    
a_ia    3    9                                                     -0.28188734640680412902                                                    
a_ia   24   33                                                      0.13070873009697281386                                                    
a_ia   31   33                                                      0.59406348286831633931                                                    
a_ia   34   35                                                      0.17571112161447274835                                                    
a_ia   10   18                                                     -0.00152691770645599248                                                    
a_ia    4   18                                                      0.00263624886361936688                                                    
a_ia   44   45                                                     -0.00645183976046404678                                                    
a_ia    4   18                                                     -0.00101391553562063595                                                    
