op     10   20   34   44   20   10   34   44                       -0.04669956765876048105                                                    
op     10   20   34   41   20   10   34   41                        0.02428249475941165331                                                    
op     10   17   34   44   17   10   34   44                        0.00901642253111051110                                                    
a_ia   34   44                                                      0.00170572626237339457                                                    
op     10   20   34   42   20   10   34   42                        0.02094586617184569788                                                    
a_ia   10   20                                                     -0.00228586657247805336                                                    
mvp2   10   20   34   38   20   10   34   38                        0.01901853175803064691    0.00042960620428433990                          
mvp2   10   18   34   44   18   10   34   44                       -0.00049930739483084764    0.00199099790111063836                          
op      9   14   33   38   14    9   33   38                       -0.01834144574996964677                                                    
mvp2   10   16   34   44   16   10   34   44                        0.00607655703380247884   -0.01095738561326729289                          
mvp2   10   20   33   42   20   10   33   42                        0.01808850842672138012   -0.30279712329781888203                          
mvp2    9   20   10   22    9   10   20   22                        0.02456684737683637737   -0.46975533280522407953                          
mvp2    9   18   34   44   18    9   34   44                        0.01003700156495633891    0.36428728268527982292                          
mvp2   10   22   34   44   22   10   34   44                        0.01260035278695638243    0.18227288999162388761                          
mvp3    9   18   10   22    9   10   22   18    9   10   18   22   -0.00854615457209641043   -0.02453449011498885085   -0.79949227715546655748
mvp2    9   20   34   44   20    9   34   44                       -0.01162176134035311503   -0.15153619927464023753                          
a_ia    9   22                                                     -0.00195112892979855857                                                    
mvp2    9   22   33   46   22    9   33   46                       -0.00981906123612250048    0.69719885308057349960                          
mvp2   10   18   33   44   18   10   33   44                        0.00668357848960146259   -0.07393826838218002517                          
mvp2   10   20   34   46   20   10   34   46                        0.01752955055394350356   -0.34280087360390942841                          
mvp2   10   20   33   44   20   10   33   44                       -0.01147106236255970163    0.23169142573307374700                          
a_ia   34   46                                                     -0.00001104931117758450                                                    
a_ia   10   20                                                     -0.00288844980560119639                                                    
mvp2    9   18   33   46   18    9   33   46                        0.00587524313772273127    0.01942017054249470243                          
a_ia    9   18                                                      0.00145093748431065778                                                    
mvp2    9   20   33   44   20    9   33   44                       -0.00584311648792229521    0.10688069654268704534                          
mvp2   10   22   34   46   22   10   34   46                       -0.00773978974575992209    0.08977666102270978610                          
mvp2   10   22   34   41   22   10   34   41                       -0.00608367346035745393    0.18493223262797053863                          
mvp2   10   20   28   45   20   10   28   45                        0.01864698317947143663   -0.40634648551397162253                          
a_ia   28   34                                                     -0.11528919682528512847                                                    
mvp2   10   20   28   37   20   10   28   37                       -0.01393118566812123413    0.34939254156107829585                          
a_ia   10   20                                                      0.00760485187836850308                                                    
mvp2   10   20   28   42   20   10   28   42                       -0.00579758618825591213    0.17084926986645226910                          
mvp2   10   17   34   41   17   10   34   41                       -0.00708803931115443205   -0.34680488393576963668                          
mvp2   10   17   34   46   17   10   34   46                       -0.00508719050325113532   -0.21246856197696559199                          
a_ia   45   46                                                      0.39451758596799213485                                                    
mvp2   10   20   24   47   20   10   24   47                       -0.01295119331985595916    0.34311680416232032131                          
mvp2   10   20   24   36   20   10   24   36                       -0.01281547334542268088    0.44985581214481201728                          
mvp2   10   17   24   47   17   10   24   47                        0.00658871497045513278    0.24695618880510702975                          
mvp2    9   16   33   40   16    9   33   40                       -0.00721312541511712722   -0.02309571030085757343                          
a_ia   24   47                                                     -0.00113436264888165574                                                    
mvp2   10   17   24   36   17   10   24   36                        0.00682912646765010053    0.26048708772171896841                          
a_ia   28   47                                                      0.00052869210594727091                                                    
a_ia   15   20                                                      0.17100566205251419016                                                    
mvp2   10   22   24   47   22   10   24   47                        0.00454153476578118484    0.00000258159144740227                          
