op     10   20   34   44   20   10   34   44                       -0.04820676533765939908                                                    
op     10   20   34   41   20   10   34   41                        0.02602780256578944573                                                    
op     10   17   34   44   17   10   34   44                        0.00209387085907524742                                                    
a_ia   34   44                                                      0.00164408267915735606                                                    
op     10   20   34   42   20   10   34   42                        0.02180672761643411353                                                    
a_ia   10   20                                                     -0.00150439046004084719                                                    
mvp2   10   20   34   38   20   10   34   38                        0.02023445153373759284    0.00449112704978164769                          
mvp2   10   18   34   44   18   10   34   44                       -0.00360201037866319813    0.00556503581836149432                          
op      9   14   33   38   14    9   33   38                       -0.01834842419118169754                                                    
mvp2   10   16   34   44   16   10   34   44                        0.00629099240449191958   -0.01745418174886993398                          
mvp2   10   20   33   42   20   10   33   42                        0.01834350369424619237   -0.29401592932782882883                          
mvp2    9   20   10   22    9   10   20   22                        0.02892307905430624090   -0.32940575140970085322                          
mvp2    9   18   34   44   18    9   34   44                        0.00758805191937642932    0.28903718051564364355                          
mvp2   10   22   34   44   22   10   34   44                        0.00800923067853012358    0.23905426384343780866                          
mvp3    9   18   10   22    9   10   22   18    9   10   18   22    0.00139693179117948035   -0.10812102263283708548   -0.54877233096055855199
mvp2    9   20   34   44   20    9   34   44                       -0.01394464139871764465   -0.12747976457259707628                          
a_ia    9   22                                                     -0.00223295500056177069                                                    
mvp2    9   22   33   46   22    9   33   46                       -0.00978317658745013127    0.77301714216195671625                          
mvp2   10   18   33   44   18   10   33   44                        0.00478517736978978977   -0.06455831040170652291                          
mvp2   10   20   34   46   20   10   34   46                        0.01972624779637213374   -0.33267487130195749767                          
mvp2   10   20   33   44   20   10   33   44                       -0.01256981927856113367    0.25442519686917447475                          
a_ia   34   46                                                      0.00015697643660838811                                                    
a_ia   10   20                                                     -0.00673471024424000808                                                    
mvp2    9   18   33   46   18    9   33   46                        0.00581782794996922679    0.17373436843145484421                          
a_ia    9   18                                                      0.00086007223967236803                                                    
mvp2    9   20   33   44   20    9   33   44                       -0.00569800432229495678    0.14096395886806040165                          
mvp2   10   22   34   46   22   10   34   46                       -0.00549786509006391141    0.16854766242588159475                          
mvp2   10   22   34   41   22   10   34   41                       -0.00314344879651971094    0.19830393622336964232                          
mvp2   10   20   28   45   20   10   28   45                        0.02166234426670069976   -0.33102249943091743845                          
a_ia   28   34                                                     -0.12944680042932624198                                                    
mvp2   10   20   28   37   20   10   28   37                       -0.01641783556123682999    0.27181121314077250073                          
a_ia   10   20                                                      0.01086883046018874768                                                    
mvp2   10   20   28   42   20   10   28   42                       -0.00714346296623199345    0.14718737244690649479                          
mvp2   10   17   34   41   17   10   34   41                       -0.00292841501996052040   -0.23878951141477683384                          
mvp2   10   17   34   46   17   10   34   46                       -0.00228657291852084766    0.13924650622414219692                          
a_ia   45   46                                                      0.38849221957203355915                                                    
mvp2   10   20   24   47   20   10   24   47                       -0.01312014398830021501    0.45747767508690007077                          
mvp2   10   20   24   36   20   10   24   36                       -0.01348649471322321304    0.56735281472649112811                          
mvp2   10   17   24   47   17   10   24   47                        0.00675406624596525985    0.31881914073897166251                          
mvp2    9   16   33   40   16    9   33   40                       -0.00722345524675321090   -0.06221427863567186717                          
a_ia   24   47                                                     -0.00142506662455462894                                                    
mvp2   10   17   24   36   17   10   24   36                        0.00705300434073886061    0.44254914589199367825                          
a_ia   28   47                                                      0.00055875688687637517                                                    
a_ia   15   20                                                      0.15696467143744161077                                                    
mvp2   10   22   24   47   22   10   24   47                        0.00436541427324758490    0.37204306085288479933                          
mvp2   10   18   24   47   18   10   24   47                        0.00692215353935440349    0.53403026325155766862                          
mvp2   10   18   24   36   18   10   24   36                        0.00722233501302159756    0.36236225895563917154                          
a_ia   28   36                                                     -0.00318716828825730755                                                    
mvp2   10   20   24   43   20   10   24   43                       -0.00972300857631639565    0.26202711154741797905                          
a_ia   24   43                                                     -0.00120167009041038746                                                    
mvp2   10   18   24   43   18   10   24   43                        0.00501302281936006656    0.00006234960990951792                          
