op     10   20   34   44   20   10   34   44                       -0.04398312112902573456                                                    
op     10   20   34   41   20   10   34   41                        0.02333862742478574892                                                    
op     10   17   34   44   17   10   34   44                        0.01555548466824499369                                                    
a_ia   34   44                                                      0.00220591120608486539                                                    
op     10   20   34   42   20   10   34   42                        0.01914644193656176926                                                    
a_ia   10   20                                                     -0.00106285786188979061                                                    
mvp2   10   20   34   38   20   10   34   38                        0.01757419135210118791   -0.00172077383794782038                          
mvp2   10   18   34   44   18   10   34   44                       -0.00078775675010292316    0.00078145725889766226                          
op      9   14   33   38   14    9   33   38                       -0.01848291710016616851                                                    
mvp2   10   16   34   44   16   10   34   44                        0.00601615516417114242   -0.00780013723992026460                          
mvp2   10   20   33   42   20   10   33   42                        0.01689606443864707930   -0.32948921123454621984                          
mvp2    9   20   10   22    9   10   20   22                        0.01997801973471757808   -0.49433626675349157109                          
mvp2    9   18   34   44   18    9   34   44                        0.01063224378125072686    0.37490718067760503418                          
mvp2   10   22   34   44   22   10   34   44                        0.01328918830610266270    0.12334828356587589082                          
mvp3    9   18   10   22    9   10   22   18    9   10   18   22   -0.00914195925716859530   -0.01483210748191215664   -0.80770175727335402627
mvp2    9   20   34   44   20    9   34   44                       -0.00922442295847187253   -0.21124055497433819051                          
a_ia    9   22                                                     -0.00206784119352448588                                                    
mvp2    9   22   33   46   22    9   33   46                       -0.00991421150761741254    0.68139495391863391660                          
mvp2   10   18   33   44   18   10   33   44                        0.00603482894186091728   -0.08715279501144215790                          
mvp2   10   20   34   46   20   10   34   46                        0.01650126819861907901   -0.38943916389545568668                          
mvp2   10   20   33   44   20   10   33   44                       -0.01127940753704851848    0.27393678194575438178                          
a_ia   34   46                                                      0.00028964482335764685                                                    
a_ia   10   20                                                     -0.00361260362049463206                                                    
mvp2    9   18   33   46   18    9   33   46                        0.00588669904491960234   -0.01414442739898091883                          
a_ia    9   18                                                      0.00156635303814193919                                                    
mvp2    9   20   33   44   20    9   33   44                       -0.00573112004461487357    0.06589348730357703909                          
mvp2   10   22   34   46   22   10   34   46                       -0.00772131624112870792    0.05921697863604670486                          
mvp2   10   22   34   41   22   10   34   41                       -0.00620640678835621736    0.11176188510921739039                          
mvp2   10   20   28   45   20   10   28   45                        0.01556222466638182596   -0.45821594028108514340                          
a_ia   28   34                                                     -0.06650419723843976894                                                    
mvp2   10   20   28   37   20   10   28   37                       -0.01114014763613934735    0.40113343131818601783                          
a_ia   10   20                                                      0.00615859894007472590                                                    
mvp2   10   20   28   42   20   10   28   42                       -0.00442836756484686882    0.19868157148053242067                          
mvp2   10   17   34   41   17   10   34   41                       -0.01007157495620076594   -0.18402551895697444317                          
mvp2   10   17   34   46   17   10   34   46                       -0.00734016850824555350   -0.18375561609297264010                          
a_ia   45   46                                                      0.43325335576389023551                                                    
