op     10   20   34   44   20   10   34   44                       -0.03574125663098828148                                                    
op     10   20   34   41   20   10   34   41                        0.01695276945086223591                                                    
op     10   17   34   44   17   10   34   44                        0.01530058603989602195                                                    
a_ia   34   44                                                      0.00161712473179901695                                                    
op     10   20   34   42   20   10   34   42                        0.01684194840736444668                                                    
a_ia   10   20                                                      0.00124813343069399198                                                    
mvp2   10   20   34   38   20   10   34   38                        0.01056789069758452479   -0.00022881681122847159                          
mvp2   10   18   34   44   18   10   34   44                        0.01586406230566851303   -0.00120246939315172240                          
op      9   14   33   38   14    9   33   38                       -0.01888809103479921481                                                    
mvp2   10   16   34   44   16   10   34   44                        0.00711401573693348430   -0.00074400672045586778                          
mvp2   10   20   33   42   20   10   33   42                        0.01211999889398363353   -0.21187921208896898229                          
mvp2    9   20   10   22    9   10   20   22                        0.01138933513502546867   -0.38467175975983325387                          
mvp2    9   18   34   44   18    9   34   44                        0.01089961623555064756    0.24315515021990594113                          
