op     10   20   34   44   20   10   34   44                       -0.04273293986917094112                                                    
op     10   20   34   41   20   10   34   41                        0.02191611801528397727                                                    
op     10   17   34   44   17   10   34   44                        0.01604830904766015379                                                    
a_ia   34   44                                                      0.00170564740731467919                                                    
op     10   20   34   42   20   10   34   42                        0.01847814704961898633                                                    
a_ia   10   20                                                     -0.00069577235367474801                                                    
mvp2   10   20   34   38   20   10   34   38                        0.02024348737614246538   -0.00208093319003354758                          
mvp2   10   18   34   44   18   10   34   44                       -0.00053320783544056011    0.00018624659895700738                          
op      9   14   33   38   14    9   33   38                       -0.01840377775010776026                                                    
mvp2   10   16   34   44   16   10   34   44                        0.00595322183662341971   -0.00689584796262610478                          
mvp2   10   20   33   42   20   10   33   42                        0.01656868381194047737   -0.33568533997476573960                          
mvp2    9   20   10   22    9   10   20   22                        0.01891318417029739032   -0.49070480562543739023                          
mvp2    9   18   34   44   18    9   34   44                        0.01047861721614989222    0.37447990455197643911                          
mvp2   10   22   34   44   22   10   34   44                        0.01340372998763677236    0.10847015385785652164                          
mvp3    9   18   10   22    9   10   22   18    9   10   18   22   -0.00889762444747158043   -0.01045338840010193691   -0.81238466462789737932
mvp2    9   20   34   44   20    9   34   44                       -0.00852152947300905371   -0.22100762715051133767                          
a_ia    9   22                                                     -0.00223297444413910048                                                    
mvp2    9   22   33   46   22    9   33   46                       -0.00977174515867600992    0.69074512910319385561                          
mvp2   10   18   33   44   18   10   33   44                        0.00576664213418827572   -0.09618434332257944086                          
mvp2   10   20   34   46   20   10   34   46                        0.01641419736098199966   -0.36741347478419789097                          
mvp2   10   20   33   44   20   10   33   44                       -0.01092788425652562075    0.29275000275469903466                          
a_ia   34   46                                                      0.00072793843293202337                                                    
a_ia   10   20                                                     -0.00412442837312158948                                                    
mvp2    9   18   33   46   18    9   33   46                        0.00574266267032294813   -0.00368449621682571038                          
a_ia    9   18                                                      0.00130939890981675256                                                    
mvp2    9   20   33   44   20    9   33   44                       -0.00576535790732666305    0.04607713986598713229                          
mvp2   10   22   34   46   22   10   34   46                       -0.00770137380102907040    0.03967036167147998393                          
mvp2   10   22   34   41   22   10   34   41                       -0.00634580501064634182    0.07337858791961907046                          
mvp2   10   20   28   45   20   10   28   45                        0.01384661737418766379   -0.39136042634950102270                          
a_ia   28   34                                                     -0.19381532266412263010                                                    
mvp2   10   20   28   37   20   10   28   37                       -0.01113349202140111356    0.39876567268607393535                          
a_ia   10   20                                                      0.00690161989527997462                                                    
mvp2   10   20   28   42   20   10   28   42                       -0.00641802630784781523    0.19000112926107012856                          
mvp2   10   17   34   41   17   10   34   41                       -0.00969308604594810476   -0.00030120718563503930                          
