op     10   20   34   44   20   10   34   44                       -0.04511624740168449638                                                    
op     10   20   34   41   20   10   34   41                        0.02405979030839802690                                                    
op     10   17   34   44   17   10   34   44                        0.01508027806503214364                                                    
a_ia   34   44                                                      0.00201884261754376642                                                    
op     10   20   34   42   20   10   34   42                        0.01979748959679087164                                                    
a_ia   10   20                                                     -0.00210591067668448179                                                    
mvp2   10   20   34   38   20   10   34   38                        0.01854213840956027426   -0.00140889525585777601                          
mvp2   10   18   34   44   18   10   34   44                       -0.00093565931205025503    0.00106692421482902340                          
op      9   14   33   38   14    9   33   38                       -0.01838061712503665304                                                    
mvp2   10   16   34   44   16   10   34   44                        0.00587131608928893531   -0.00855245330049032512                          
mvp2   10   20   33   42   20   10   33   42                        0.01763345336960590523   -0.32424057478858986370                          
mvp2    9   20   10   22    9   10   20   22                        0.02270984512483445808   -0.48220826683869300044                          
mvp2    9   18   34   44   18    9   34   44                        0.01034079195950293566    0.38363071590687464196                          
mvp2   10   22   34   44   22   10   34   44                        0.01337968502334264780    0.13548817164195947615                          
mvp3    9   18   10   22    9   10   22   18    9   10   18   22   -0.00895607965732466912   -0.01686649985756390885   -0.80417050595488903664
mvp2    9   20   34   44   20    9   34   44                       -0.00970604020644400163   -0.19378742565808865228                          
a_ia    9   22                                                     -0.00201956047376589164                                                    
mvp2    9   22   33   46   22    9   33   46                       -0.00983379495412235217    0.67922717662121101512                          
mvp2   10   18   33   44   18   10   33   44                        0.00622091788374251435   -0.08263084009648972994                          
mvp2   10   20   34   46   20   10   34   46                        0.01726478875556845469   -0.39174853887631422289                          
mvp2   10   20   33   44   20   10   33   44                       -0.01141852060465348845    0.26070365090467001457                          
a_ia   34   46                                                     -0.00000309425994667609                                                    
a_ia   10   20                                                     -0.00328816371369663367                                                    
mvp2    9   18   33   46   18    9   33   46                        0.00586610006661983027   -0.00652752432076157251                          
a_ia    9   18                                                      0.00164323853994031185                                                    
mvp2    9   20   33   44   20    9   33   44                       -0.00576242182865992995    0.07489271174117981267                          
mvp2   10   22   34   46   22   10   34   46                       -0.00771601077871284912    0.07065732237759166090                          
mvp2   10   22   34   41   22   10   34   41                       -0.00613538384466937470    0.13428447546175673044                          
mvp2   10   20   28   45   20   10   28   45                        0.01734997321813372406   -0.43268502699966315816                          
a_ia   28   34                                                     -0.10318660784384901807                                                    
mvp2   10   20   28   37   20   10   28   37                       -0.01275357875057928081    0.38802601498718070072                          
a_ia   10   20                                                      0.00700527128356414393                                                    
mvp2   10   20   28   42   20   10   28   42                       -0.00527213419985996315    0.18860412757880487544                          
mvp2   10   17   34   41   17   10   34   41                       -0.00991666766137682537   -0.24996915039567840777                          
mvp2   10   17   34   46   17   10   34   46                       -0.00723493624685655600   -0.22157071056269764253                          
a_ia   45   46                                                      0.40854492527657404466                                                    
mvp2   10   20   24   47   20   10   24   47                       -0.01281061542128190262    0.31880427415221629373                          
mvp2   10   20   24   36   20   10   24   36                       -0.01257385569459880219    0.34953156324104417418                          
mvp2   10   17   24   47   17   10   24   47                        0.00646853907376146193    0.00022080266785149186                          
mvp2    9   16   33   40   16    9   33   40                       -0.00721294724753629955   -0.00000886147808351040                          
