op     10   20   34   44   20   10   34   44                       -0.04620989972023011733                                                    
op     10   20   34   41   20   10   34   41                        0.02398336864653454956                                                    
op     10   17   34   44   17   10   34   44                        0.00940115521972078629                                                    
a_ia   34   44                                                      0.00179859513249255669                                                    
op     10   20   34   42   20   10   34   42                        0.02061325259696347723                                                    
a_ia   10   20                                                     -0.00193565095651512418                                                    
mvp2   10   20   34   38   20   10   34   38                        0.01868956445183819412    0.00006648195426658645                          
mvp2   10   18   34   44   18   10   34   44                       -0.00062884666889635266    0.00187683815557771415                          
op      9   14   33   38   14    9   33   38                       -0.01834075159864914997                                                    
mvp2   10   16   34   44   16   10   34   44                        0.00604134826323582050   -0.01061340494994174669                          
mvp2   10   20   33   42   20   10   33   42                        0.01792299962888106724   -0.29728300847226751813                          
mvp2    9   20   10   22    9   10   20   22                        0.02416331104794124107   -0.45883119209478073763                          
mvp2    9   18   34   44   18    9   34   44                        0.01005892357522090476    0.36756125055355309827                          
mvp2   10   22   34   44   22   10   34   44                        0.01271228659164365393    0.17539014320786455725                          
mvp3    9   18   10   22    9   10   22   18    9   10   18   22   -0.00867744814901921790   -0.02229209846492378327   -0.79577949932853719872
mvp2    9   20   34   44   20    9   34   44                       -0.01081156812826354792   -0.15643252863028933586                          
a_ia    9   22                                                     -0.00202919804146312012                                                    
mvp2    9   22   33   46   22    9   33   46                       -0.00976443820876872308    0.69224590761711113363                          
mvp2   10   18   33   44   18   10   33   44                        0.00660422187657112338   -0.07206068311439926821                          
mvp2   10   20   34   46   20   10   34   46                        0.01745721683865814403   -0.35151476006538862062                          
mvp2   10   20   33   44   20   10   33   44                       -0.01130005804973955620    0.22776736843342595962                          
a_ia   34   46                                                     -0.00008640245316026676                                                    
a_ia   10   20                                                     -0.00448137005011194425                                                    
mvp2    9   18   33   46   18    9   33   46                        0.00589481600725957205    0.01608940633867120967                          
a_ia    9   18                                                      0.00147340529119199446                                                    
mvp2    9   20   33   44   20    9   33   44                       -0.00561729572090337997    0.10107305111193173874                          
mvp2   10   22   34   46   22   10   34   46                       -0.00775020811467917736    0.09052346895184548714                          
mvp2   10   22   34   41   22   10   34   41                       -0.00610913098617340070    0.18618294144826427750                          
mvp2   10   20   28   45   20   10   28   45                        0.01837141939328211168   -0.39392175570887022484                          
a_ia   28   34                                                     -0.11675061423697896679                                                    
mvp2   10   20   28   37   20   10   28   37                       -0.01351327524705645336    0.33628351156448682557                          
a_ia   10   20                                                      0.00904650096910557429                                                    
mvp2   10   20   28   42   20   10   28   42                       -0.00581624816073965725    0.16675622726860164780                          
mvp2   10   17   34   41   17   10   34   41                       -0.00730576987923273018   -0.36350090343534602333                          
mvp2   10   17   34   46   17   10   34   46                       -0.00526580101803380152   -0.24673940220950016378                          
a_ia   45   46                                                      0.38717800845234423557                                                    
mvp2   10   20   24   47   20   10   24   47                       -0.01271040703627661882    0.38680698579349315214                          
mvp2   10   20   24   36   20   10   24   36                       -0.01270899214401755364    0.41457667462460234820                          
mvp2   10   17   24   47   17   10   24   47                        0.00654627991602489429    0.22568487653919733216                          
mvp2    9   16   33   40   16    9   33   40                       -0.00721306630629536902   -0.01984609181103373990                          
a_ia   24   47                                                     -0.00133243204606517331                                                    
mvp2   10   17   24   36   17   10   24   36                        0.00687820682416371253    0.25986455067431413202                          
a_ia   28   47                                                      0.00053722575136822210                                                    
