op     10   20   34   44   20   10   34   44                       -0.04818467435781836894                                                    
op     10   20   34   41   20   10   34   41                        0.02600961978402091535                                                    
op     10   17   34   44   17   10   34   44                        0.00206499193193492980                                                    
a_ia   34   44                                                      0.00163522211304792495                                                    
op     10   20   34   42   20   10   34   42                        0.02179220109160531771                                                    
a_ia   10   20                                                     -0.00147004661566172822                                                    
mvp2   10   20   34   38   20   10   34   38                        0.02022873292714780225    0.00449262430440937333                          
mvp2   10   18   34   44   18   10   34   44                       -0.00360718477914739833    0.00556660054777193512                          
op      9   14   33   38   14    9   33   38                       -0.01834405859791143900                                                    
mvp2   10   16   34   44   16   10   34   44                        0.00629078217750697177   -0.01745601787926037360                          
mvp2   10   20   33   42   20   10   33   42                        0.01833754403043794112   -0.29404966363837936605                          
mvp2    9   20   10   22    9   10   20   22                        0.02890131047560935001   -0.32940276413250663134                          
mvp2    9   18   34   44   18    9   34   44                        0.00759496518791233279    0.28898422986966648685                          
mvp2   10   22   34   44   22   10   34   44                        0.00800775062281083687    0.23905127071991788545                          
mvp3    9   18   10   22    9   10   22   18    9   10   18   22    0.00139576843215520564   -0.10815627390892960935   -0.54869842936253365728
mvp2    9   20   34   44   20    9   34   44                       -0.01394107111010840783   -0.12747324350235370027                          
a_ia    9   22                                                     -0.00224338831677748643                                                    
mvp2    9   22   33   46   22    9   33   46                       -0.00978432861297590800    0.77303477031745115866                          
mvp2   10   18   33   44   18   10   33   44                        0.00478534223057480897   -0.06456792366196519029                          
mvp2   10   20   34   46   20   10   34   46                        0.01971462622040052320   -0.33266381684495716087                          
mvp2   10   20   33   44   20   10   33   44                       -0.01255980319837459759    0.25441161327609745912                          
a_ia   34   46                                                      0.00018873820431163996                                                    
a_ia   10   20                                                     -0.00671030791338897079                                                    
mvp2    9   18   33   46   18    9   33   46                        0.00581796263264485348    0.17377995316910255230                          
a_ia    9   18                                                      0.00085412181632809367                                                    
mvp2    9   20   33   44   20    9   33   44                       -0.00569789542252030056    0.14098143773971455461                          
mvp2   10   22   34   46   22   10   34   46                       -0.00549751436123954978    0.16854856496386733111                          
mvp2   10   22   34   41   22   10   34   41                       -0.00314282929592618870    0.19830553303688480682                          
mvp2   10   20   28   45   20   10   28   45                        0.02165746622506960553   -0.33113064583107426619                          
a_ia   28   34                                                     -0.12941290373069880282                                                    
mvp2   10   20   28   37   20   10   28   37                       -0.01640621063743702771    0.27192119274970405485                          
a_ia   10   20                                                      0.01087155214991710438                                                    
mvp2   10   20   28   42   20   10   28   42                       -0.00715600726728181976    0.14719473394312251879                          
mvp2   10   17   34   41   17   10   34   41                       -0.00291025766861249899   -0.23877629050809454081                          
mvp2   10   17   34   46   17   10   34   46                       -0.00227294514150209667    0.13927736713699501170                          
a_ia   45   46                                                      0.38851309319956306432                                                    
mvp2   10   20   24   47   20   10   24   47                       -0.01311023080390497433    0.45738886401484629696                          
mvp2   10   20   24   36   20   10   24   36                       -0.01348458545012101197    0.56747728064735381004                          
mvp2   10   17   24   47   17   10   24   47                        0.00690339519766012839    0.31880120674829548477                          
mvp2    9   16   33   40   16    9   33   40                       -0.00722344309002789352   -0.06222270962589419863                          
a_ia   24   47                                                     -0.00147210565808036670                                                    
mvp2   10   17   24   36   17   10   24   36                        0.00732612666292479803    0.44250663510108606546                          
a_ia   28   47                                                      0.00055850492663258656                                                    
a_ia   15   20                                                      0.15708552590849950148                                                    
mvp2   10   22   24   47   22   10   24   47                        0.00433257416846067733    0.37201173793534669798                          
mvp2   10   18   24   47   18   10   24   47                        0.00687714508023827293    0.53414439862447593566                          
mvp2   10   18   24   36   18   10   24   36                        0.00718407022652820058    0.36231803327831763051                          
a_ia   28   36                                                     -0.00318670200373419657                                                    
mvp2   10   20   24   43   20   10   24   43                       -0.00979523094990167147    0.26202230483819083373                          
a_ia   24   43                                                     -0.00113841698005227019                                                    
mvp2   10   18   24   43   18   10   24   43                        0.00510944016280070242    0.00013530368364769526                          
mvp2   10   17   24   43   17   10   24   43                        0.00532281033787988626    0.00002244416641003985                          
