op     10   20   34   44   20   10   34   44                       -0.03498629040593720374                                                    
op     10   20   34   41   20   10   34   41                        0.01689294165319979099                                                    
op     10   17   34   44   17   10   34   44                        0.01444192331940388936                                                    
a_ia   34   44                                                      0.00166788746051498753                                                    
op     10   20   34   42   20   10   34   42                        0.01694763361768181903                                                    
a_ia   10   20                                                      0.00121863539065115989                                                    
mvp2   10   20   34   38   20   10   34   38                        0.01050748909815848314   -0.00009192419010167207                          
mvp2   10   18   34   44   18   10   34   44                        0.01589101396973677943   -0.00070269731313134123                          
op      9   14   33   38   14    9   33   38                       -0.01883993242232013046                                                    
mvp2   10   16   34   44   16   10   34   44                        0.00731430432487699227   -0.00039451782683526285                          
mvp2   10   20   33   42   20   10   33   42                        0.01221925693001269485   -0.23130095523022681236                          
mvp2    9   20   10   22    9   10   20   22                        0.01129545906695281210   -0.38165785808598257089                          
