op     10   20   34   44   20   10   34   44                       -0.04622609765714102287                                                    
op     10   20   34   41   20   10   34   41                        0.02385136187805526192                                                    
op     10   17   34   44   17   10   34   44                        0.00945563589502476654                                                    
a_ia   34   44                                                      0.00178908265300775247                                                    
op     10   20   34   42   20   10   34   42                        0.02052749970257038148                                                    
a_ia   10   20                                                     -0.00196762086854590686                                                    
mvp2   10   20   34   38   20   10   34   38                        0.01872044455076122063    0.00006539934414737603                          
mvp2   10   18   34   44   18   10   34   44                       -0.00059362252584438185    0.00187647725683953172                          
op      9   14   33   38   14    9   33   38                       -0.01834636715060030884                                                    
mvp2   10   16   34   44   16   10   34   44                        0.00609764950165340991   -0.01061243025255372702                          
mvp2   10   20   33   42   20   10   33   42                        0.01784700927210146684   -0.29726622019546772302                          
mvp2    9   20   10   22    9   10   20   22                        0.02408032571499119090   -0.45879633174902323400                          
mvp2    9   18   34   44   18    9   34   44                        0.01009773369502541679    0.36757061029484267012                          
mvp2   10   22   34   44   22   10   34   44                        0.01273000161025489123    0.17536919306797668638                          
mvp3    9   18   10   22    9   10   22   18    9   10   18   22   -0.00870261505928181765   -0.02228604458884137982   -0.79576987982499225449
mvp2    9   20   34   44   20    9   34   44                       -0.01088387789558026807   -0.15644536924952257007                          
a_ia    9   22                                                     -0.00201219747632912314                                                    
mvp2    9   22   33   46   22    9   33   46                       -0.00995964319212180177    0.69223100360095701777                          
mvp2   10   18   33   44   18   10   33   44                        0.00654765373293309406   -0.07205452585526274378                          
mvp2   10   20   34   46   20   10   34   46                        0.01748443980129166242   -0.35153803240750208792                          
mvp2   10   20   33   44   20   10   33   44                       -0.01145439894636691644    0.22775428369313063803                          
a_ia   34   46                                                     -0.00010549062204245428                                                    
a_ia   10   20                                                     -0.00452943042194256518                                                    
mvp2    9   18   33   46   18    9   33   46                        0.00586239708330100855    0.01608163739877016205                          
a_ia    9   18                                                      0.00147777632775271004                                                    
mvp2    9   20   33   44   20    9   33   44                       -0.00563238687179399514    0.10105690913804335485                          
mvp2   10   22   34   46   22   10   34   46                       -0.00782975682563640668    0.09052577977433148848                          
mvp2   10   22   34   41   22   10   34   41                       -0.00627854145599464862    0.18618635870376665231                          
mvp2   10   20   28   45   20   10   28   45                        0.01839182675857238200   -0.39388163994661146150                          
a_ia   28   34                                                     -0.11675545823949660951                                                    
mvp2   10   20   28   37   20   10   28   37                       -0.01343849404329423673    0.33624354627665453688                          
a_ia   10   20                                                      0.00904137476835647873                                                    
mvp2   10   20   28   42   20   10   28   42                       -0.00576595594906367196    0.16674373966969571748                          
mvp2   10   17   34   41   17   10   34   41                       -0.00732839822622955404   -0.36354875404340769585                          
mvp2   10   17   34   46   17   10   34   46                       -0.00527074415676221947   -0.24683692976817009357                          
a_ia   45   46                                                      0.38715687246430469104                                                    
mvp2   10   20   24   47   20   10   24   47                       -0.01272763850033272783    0.38694291530570951165                          
mvp2   10   20   24   36   20   10   24   36                       -0.01275446799934602457    0.41447030968084658253                          
mvp2   10   17   24   47   17   10   24   47                        0.00654185782200198025    0.22562161838705011019                          
mvp2    9   16   33   40   16    9   33   40                       -0.00723648952770558022   -0.01983675679137153827                          
a_ia   24   47                                                     -0.00131274658981740395                                                    
mvp2   10   17   24   36   17   10   24   36                        0.00688096580139942182    0.25986682304602687354                          
