op     10   20   34   44   20   10   34   44                       -0.05150816201412882628                                                    
op     10   20   34   41   20   10   34   41                        0.02862094939765101945                                                    
op     10   17   34   44   17   10   34   44                        0.00332985002005425565                                                    
a_ia   34   44                                                      0.00272191257740381741                                                    
op     10   20   34   42   20   10   34   42                        0.02120333145942100705                                                    
a_ia   10   20                                                     -0.00207461232228777891                                                    
mvp2   10   20   34   38   20   10   34   38                        0.02381366882348814537    0.22024050153526480988                          
mvp2   10   18   34   44   18   10   34   44                       -0.00015424578922527645    0.25517540295871771194                          
op      9   14   33   38   14    9   33   38                       -0.01882497462323506551                                                    
mvp2   10   16   34   44   16   10   34   44                        0.00665202286437348387   -0.23337610105082556844                          
mvp2   10   20   33   42   20   10   33   42                        0.02342917091468295354   -0.32763672707111590743                          
mvp2    9   20   10   22    9   10   20   22                        0.04049529398427675203   -0.35801738607663774472                          
mvp2    9   18   34   44   18    9   34   44                       -0.00074825104597928702    0.18722374965583843398                          
mvp2   10   22   34   44   22   10   34   44                        0.01037281591848032529    0.36698540527509487807                          
mvp3    9   18   10   22    9   10   22   18    9   10   18   22    0.00058226688012444653   -0.67346782500352808665   -0.17181023363458680642
mvp2    9   20   34   44   20    9   34   44                       -0.02079862733067965042   -0.14638397879108361321                          
a_ia    9   22                                                     -0.00129206323689432965                                                    
mvp2    9   22   33   46   22    9   33   46                       -0.01257229163527454757    0.92027144236610125549                          
mvp2   10   18   33   44   18   10   33   44                        0.00520004687420789688   -0.15735782040189646991                          
mvp2   10   20   34   46   20   10   34   46                        0.02308755700322940793   -0.35610232746490477762                          
mvp2   10   20   33   44   20   10   33   44                       -0.01336602603587569091    0.28324557229294428096                          
a_ia   34   46                                                      0.00011870958705501717                                                    
a_ia   10   20                                                     -0.00398947935193127729                                                    
mvp2    9   18   33   46   18    9   33   46                        0.00878871192878833730    0.31152408773730305702                          
a_ia    9   18                                                      0.00124538789449488477                                                    
mvp2    9   20   33   44   20    9   33   44                       -0.00650974606805685557    0.13589724076472339820                          
mvp2   10   22   34   46   22   10   34   46                       -0.00604514544172851925    0.17463429111065142951                          
mvp2   10   22   34   41   22   10   34   41                       -0.00294437179775985762    0.15806933231359249215                          
mvp2   10   20   28   45   20   10   28   45                        0.03260356996750403413   -0.37833172364397782417                          
a_ia   28   34                                                     -0.14216903769664279711                                                    
mvp2   10   20   28   37   20   10   28   37                       -0.02316820908317772029    0.32080874977254930647                          
a_ia   10   20                                                      0.00906098055743387830                                                    
mvp2   10   20   28   42   20   10   28   42                       -0.01057361291556387778    0.15668973555691212418                          
mvp2   10   17   34   41   17   10   34   41                       -0.00348350742318994256   -0.19445323930842570159                          
mvp2   10   17   34   46   17   10   34   46                       -0.00253022183437358545    0.16607723580622885118                          
a_ia   45   46                                                      0.39608704021074264690                                                    
mvp2   10   20   24   47   20   10   24   47                       -0.01787853972170567324    0.67370864149379550145                          
mvp2   10   20   24   36   20   10   24   36                       -0.01343761169693652099    0.53225444393176168933                          
mvp2   10   17   24   47   17   10   24   47                        0.00898618955672772675    0.20958161782865442069                          
mvp2    9   16   33   40   16    9   33   40                       -0.00647627966536973125   -0.23441235242966154684                          
a_ia   24   47                                                     -0.00309222444549492066                                                    
mvp2   10   17   24   36   17   10   24   36                        0.00727288544046019066    0.42655841733061083954                          
a_ia   28   47                                                      0.00088317857970524678                                                    
a_ia   15   20                                                      0.17115951640767981812                                                    
mvp2   10   22   24   47   22   10   24   47                        0.00725844806435188821    0.28783397777858465982                          
mvp2   10   18   24   47   18   10   24   47                        0.00820225636758498133    0.44528185215691812315                          
mvp2   10   18   24   36   18   10   24   36                        0.00691902918500067292    0.16886607568641243127                          
a_ia   28   36                                                     -0.00518302577714466802                                                    
mvp2   10   20   24   43   20   10   24   43                       -0.01039322701483624302    0.34987418662759245391                          
a_ia   24   43                                                     -0.00179737562689538796                                                    
mvp2   10   18   24   43   18   10   24   43                        0.00454790439478456199    0.04315533448392522287                          
mvp2   10   17   24   43   17   10   24   43                        0.00512008931306950996    0.01325033703588607108                          
mvp2    4   19   28   43   19    4   28   43                       -0.02135069325016330025    0.69419543942533179504                          
mvp2    4   21   24   47   21    4   24   47                        0.00939303594238540332    1.04814399841588645756                          
a_ia   27   28                                                      0.56340639782460488760                                                    
a_ia    4   10                                                     -0.12730876031201490695                                                    
a_ia    3    4                                                      0.59928809949836892024                                                    
a_ia    3    9                                                     -0.28166348250799666530                                                    
a_ia   24   33                                                      0.13064044757447715317                                                    
a_ia   31   33                                                      0.59485473446014269783                                                    
a_ia   34   35                                                      0.18051080357165719126                                                    
a_ia   10   18                                                     -0.00112077274597312238                                                    
