op     10   20   34   44   20   10   34   44                       -0.04122875393260445193                                                    
op     10   20   34   41   20   10   34   41                        0.02024957439341867199                                                    
op     10   17   34   44   17   10   34   44                        0.01634399738224039111                                                    
a_ia   34   44                                                      0.00205595899746839053                                                    
op     10   20   34   42   20   10   34   42                        0.01716653349075943774                                                    
a_ia   10   20                                                      0.00001060592028408410                                                    
mvp2   10   20   34   38   20   10   34   38                        0.01529049090297068467   -0.00238483133396865787                          
mvp2   10   18   34   44   18   10   34   44                       -0.00057004882521778763   -0.00095740084563024689                          
op      9   14   33   38   14    9   33   38                       -0.01841804118084434949                                                    
mvp2   10   16   34   44   16   10   34   44                        0.00610698578971855238   -0.00530063336253942634                          
mvp2   10   20   33   42   20   10   33   42                        0.01505072853903367640   -0.37334761740080096848                          
mvp2    9   20   10   22    9   10   20   22                        0.01400512008103804718   -0.55839320728169250518                          
mvp2    9   18   34   44   18    9   34   44                        0.01090845370050850908    0.36491062790963207929                          
mvp2   10   22   34   44   22   10   34   44                        0.01282602653004458367    0.10022393278897881452                          
mvp3    9   18   10   22    9   10   22   18    9   10   18   22   -0.00878087626664235225    0.00088166963139258271   -0.82070899580392731032
mvp2    9   20   34   44   20    9   34   44                       -0.00841626036126764954   -0.25885310609312273122                          
a_ia    9   22                                                     -0.00224641352707549225                                                    
mvp2    9   22   33   46   22    9   33   46                       -0.00989749904124861447    0.71787723267588743337                          
mvp2   10   18   33   44   18   10   33   44                        0.00548786517967549559   -0.09426692467041626611                          
mvp2   10   20   34   46   20   10   34   46                        0.01239986138129435533   -0.29784267120797730533                          
mvp2   10   20   33   44   20   10   33   44                       -0.00953455121530527583    0.36977142327458606408                          
a_ia   34   46                                                      0.00082035599314004236                                                    
a_ia   10   20                                                      0.00193543923244390522                                                    
mvp2    9   18   33   46   18    9   33   46                        0.00582779945415656895   -0.00012108534680938943                          
a_ia    9   18                                                      0.00144239542738796786                                                    
mvp2    9   20   33   44   20    9   33   44                       -0.00556059446546169206    0.00007838356463813148                          
mvp2   10   22   34   46   22   10   34   46                       -0.00735637835463249547    0.00006627598293073753                          
mvp2   10   22   34   41   22   10   34   41                       -0.00575180986352842333    0.00008207318568406495                          
