op     10   20   34   44   20   10   34   44                       -0.03579039626554580272                                                    
op     10   20   34   41   20   10   34   41                        0.01690140727614732052                                                    
op     10   17   34   44   17   10   34   44                        0.01566005687800312018                                                    
a_ia   34   44                                                      0.00171004783540642667                                                    
op     10   20   34   42   20   10   34   42                        0.01681273256925152129                                                    
a_ia   10   20                                                      0.00118512189464325241                                                    
mvp2   10   20   34   38   20   10   34   38                        0.01039380533014251824   -0.00022926347131577241                          
mvp2   10   18   34   44   18   10   34   44                        0.01549742458050163210   -0.00120409809051970481                          
op      9   14   33   38   14    9   33   38                       -0.01882934178674897097                                                    
mvp2   10   16   34   44   16   10   34   44                        0.00709107935454110754   -0.00074525118730186168                          
mvp2   10   20   33   42   20   10   33   42                        0.01212286852157701787   -0.21209903347848560462                          
mvp2    9   20   10   22    9   10   20   22                        0.01133251861018253794   -0.38464494196483606236                          
mvp2    9   18   34   44   18    9   34   44                        0.01083561970243849051    0.24317035421508848003                          
mvp2   10   22   34   44   22   10   34   44                        0.00890939050189967600    0.00007997490973298998                          
mvp3    9   18   10   22    9   10   22   18    9   10   18   22   -0.00815211558878204540    0.00000306266401547132   -0.00016926649987442110
