op     10   20   34   44   20   10   34   44                       -0.04914856605795109301                                                    
op     10   20   34   41   20   10   34   41                        0.02793333429444463945                                                    
op     10   17   34   44   17   10   34   44                        0.00302111091478361521                                                    
a_ia   34   44                                                      0.00224903320898534520                                                    
op     10   20   34   42   20   10   34   42                        0.02154834735421073955                                                    
a_ia   10   20                                                     -0.00327481554101179562                                                    
mvp2   10   20   34   38   20   10   34   38                        0.02704213211209107598    0.29221176313784186229                          
mvp2   10   18   34   44   18   10   34   44                       -0.00074208325638396543    0.26249342005262643607                          
op      9   14   33   38   14    9   33   38                       -0.01882175138383740051                                                    
mvp2   10   16   34   44   16   10   34   44                        0.00669857401015153727   -0.27971711459720882686                          
mvp2   10   20   33   42   20   10   33   42                        0.02397756743599454426   -0.33303576558354669457                          
mvp2    9   20   10   22    9   10   20   22                        0.04119145706978191712   -0.35074113545307855633                          
mvp2    9   18   34   44   18    9   34   44                       -0.00394717038422202036    0.18615789740701793598                          
mvp2   10   22   34   44   22   10   34   44                        0.01046307821039378985    0.42318493615382579698                          
mvp3    9   18   10   22    9   10   22   18    9   10   18   22    0.00025783344719905449   -0.77037589680948526105   -0.16986065550365933574
mvp2    9   20   34   44   20    9   34   44                       -0.02224929076973376080   -0.17851368855058905027                          
a_ia    9   22                                                     -0.00112018948330787002                                                    
mvp2    9   22   33   46   22    9   33   46                       -0.01294090759765076891    0.90435555032893544247                          
mvp2   10   18   33   44   18   10   33   44                        0.00528581843816668378   -0.15105949777215482710                          
mvp2   10   20   34   46   20   10   34   46                        0.02657224824761967100   -0.39297941753649356933                          
mvp2   10   20   33   44   20   10   33   44                       -0.01621702271117074490    0.28522054817536263149                          
a_ia   34   46                                                     -0.00041783818985808229                                                    
a_ia   10   20                                                     -0.00256642480444263911                                                    
mvp2    9   18   33   46   18    9   33   46                        0.00821437392872813310    0.32927187370008281775                          
a_ia    9   18                                                      0.00117774921389329898                                                    
mvp2    9   20   33   44   20    9   33   44                       -0.00662303779166848773    0.14974337647217136893                          
mvp2   10   22   34   46   22   10   34   46                       -0.00586347646407025126    0.19649068912912420748                          
mvp2   10   22   34   41   22   10   34   41                       -0.00319690148435901583    0.16188439286020911423                          
mvp2   10   20   28   45   20   10   28   45                        0.03295379697108852951   -0.38386352575932103370                          
a_ia   28   34                                                     -0.26740931283249363970                                                    
mvp2   10   20   28   37   20   10   28   37                       -0.02321574758214354356    0.32453151394149271081                          
a_ia   10   20                                                      0.00936038702558772764                                                    
mvp2   10   20   28   42   20   10   28   42                       -0.01292807880431599658    0.20069610153386494011                          
mvp2   10   17   34   41   17   10   34   41                       -0.00352541375912721880   -0.18731765011256701348                          
mvp2   10   17   34   46   17   10   34   46                       -0.00278577043427569865    0.15983138818705019957                          
a_ia   45   46                                                      0.36092782740881396153                                                    
mvp2   10   20   24   47   20   10   24   47                       -0.01742550441115827894    0.67366766853464832288                          
mvp2   10   20   24   36   20   10   24   36                       -0.01345168794805009366    0.52698017632569182922                          
mvp2   10   17   24   47   17   10   24   47                        0.00923367015751196292    0.21067401174511626860                          
mvp2    9   16   33   40   16    9   33   40                       -0.00671106661942517339   -0.65137484912937693160                          
a_ia   24   47                                                     -0.00288685093223037519                                                    
mvp2   10   17   24   36   17   10   24   36                        0.00725041354512393540    0.43045428144533937065                          
a_ia   28   47                                                      0.00073334210725963152                                                    
a_ia   15   20                                                      0.16989323454634513988                                                    
mvp2   10   22   24   47   22   10   24   47                        0.00734528844335560066    0.29077820790209246704                          
mvp2   10   18   24   47   18   10   24   47                        0.00829850278042912858    0.45125840751856310940                          
mvp2   10   18   24   36   18   10   24   36                        0.00685065729635564273    0.15772503848384822334                          
a_ia   28   36                                                     -0.00519886733224144727                                                    
mvp2   10   20   24   43   20   10   24   43                       -0.01027751234742814261    0.36516617661641276316                          
a_ia   24   43                                                     -0.00199642273345206544                                                    
mvp2   10   18   24   43   18   10   24   43                        0.00450937394975885631    0.05435130913934643065                          
mvp2   10   17   24   43   17   10   24   43                        0.00501573194054527258    0.03518841486876181368                          
mvp2    4   19   28   43   19    4   28   43                       -0.02140055417987794459    0.69834423018458691157                          
mvp2    4   21   24   47   21    4   24   47                        0.01122947299019323199    1.04924734011512788001                          
a_ia   27   28                                                      0.56074207827087751976                                                    
a_ia    4   10                                                     -0.13082552911692355013                                                    
a_ia    3    4                                                      0.59892738645061516234                                                    
a_ia    3    9                                                     -0.28111454503679761396                                                    
a_ia   24   33                                                      0.12872612978332717559                                                    
a_ia   31   33                                                      0.59649933385995901336                                                    
a_ia   34   35                                                      0.17659639244901231825                                                    
a_ia   10   18                                                     -0.00066759093271670348                                                    
a_ia    4   18                                                      0.00253812786707998707                                                    
a_ia   44   45                                                     -0.21125019108928949629                                                    
a_ia    4   18                                                     -0.00104559796726425534                                                    
a_ia   24   44                                                     -0.00052901992486608187                                                    
a_ia   10   18                                                     -0.00056607137926991031                                                    
a_ia   10   17                                                      0.00026950223513740203                                                    
a_ia    4   21                                                      0.00066205188131982927                                                    
a_ia   24   45                                                      0.00084675006756740432                                                    
op      8   14   32   38   14    8   32   38                       -0.01040931923225189674                                                    
a_ia   28   43                                                     -0.00061326188028678469                                                    
mvp2    4   21   24   43   21    4   24   43                        0.00739644825298035099   -0.00779355174069813403                          
