op     10   20   34   44   20   10   34   44                       -0.04121274832983888581                                                    
op     10   20   34   41   20   10   34   41                        0.02032212494800579236                                                    
op     10   17   34   44   17   10   34   44                        0.01639684663066936707                                                    
a_ia   34   44                                                      0.00203481469552463639                                                    
op     10   20   34   42   20   10   34   42                        0.01721648137451728747                                                    
a_ia   10   20                                                      0.00002689559566603296                                                    
mvp2   10   20   34   38   20   10   34   38                        0.01529372624897563232   -0.00238477775662753388                          
mvp2   10   18   34   44   18   10   34   44                       -0.00045330817908807177   -0.00095904822844019048                          
op      9   14   33   38   14    9   33   38                       -0.01845782474178063806                                                    
mvp2   10   16   34   44   16   10   34   44                        0.00611662823108527227   -0.00529865847476498550                          
mvp2   10   20   33   42   20   10   33   42                        0.01501336154066874352   -0.37343699282837700126                          
mvp2    9   20   10   22    9   10   20   22                        0.01404802267734644658   -0.55831447678866030770                          
mvp2    9   18   34   44   18    9   34   44                        0.01086181975833078010    0.36496373871081227991                          
mvp2   10   22   34   44   22   10   34   44                        0.01267649288865688693    0.10022355647844316540                          
mvp3    9   18   10   22    9   10   22   18    9   10   18   22   -0.00879399203293921433    0.00090181709110724194   -0.82072020150529989557
mvp2    9   20   34   44   20    9   34   44                       -0.00838221728259618860   -0.25887685573991348065                          
a_ia    9   22                                                     -0.00224778351740503261                                                    
mvp2    9   22   33   46   22    9   33   46                       -0.00998164415284045516    0.71796722366961762685                          
mvp2   10   18   33   44   18   10   33   44                        0.00546637345680657093   -0.09423202908330784167                          
mvp2   10   20   34   46   20   10   34   46                        0.01233260358670342643   -0.29770757321388907624                          
mvp2   10   20   33   44   20   10   33   44                       -0.00948248648087133585    0.36984176948482266889                          
a_ia   34   46                                                      0.00082790121558785229                                                    
a_ia   10   20                                                      0.00196201405652161702                                                    
mvp2    9   18   33   46   18    9   33   46                        0.00581428103766879877   -0.00008414968692750866                          
a_ia    9   18                                                      0.00145239336732717710                                                    
mvp2    9   20   33   44   20    9   33   44                       -0.00554174298980779963    0.00001894944047018795                          
