op     10   20   34   44   20   10   34   44                       -0.04513514480494560527                                                    
op     10   20   34   41   20   10   34   41                        0.02407204085523331413                                                    
op     10   17   34   44   17   10   34   44                        0.01509119459817597278                                                    
a_ia   34   44                                                      0.00199146819269596653                                                    
op     10   20   34   42   20   10   34   42                        0.01980599293688563647                                                    
a_ia   10   20                                                     -0.00215306056952990115                                                    
mvp2   10   20   34   38   20   10   34   38                        0.01855299708722185636   -0.00140973660803650480                          
mvp2   10   18   34   44   18   10   34   44                       -0.00094306297222016054    0.00106638548330530028                          
op      9   14   33   38   14    9   33   38                       -0.01832981523872680499                                                    
mvp2   10   16   34   44   16   10   34   44                        0.00587191024552366232   -0.00855149348713426898                          
mvp2   10   20   33   42   20   10   33   42                        0.01763404600529884167   -0.32425445239297046029                          
mvp2    9   20   10   22    9   10   20   22                        0.02274473009444952926   -0.48223138981592122976                          
mvp2    9   18   34   44   18    9   34   44                        0.01033875011716009658    0.38362394264256510779                          
mvp2   10   22   34   44   22   10   34   44                        0.01337333301875352244    0.13547029540748781185                          
mvp3    9   18   10   22    9   10   22   18    9   10   18   22   -0.00896362747630079400   -0.01686414503114757810   -0.80417666798844245069
mvp2    9   20   34   44   20    9   34   44                       -0.00972237048668506999   -0.19380920320309222293                          
a_ia    9   22                                                     -0.00200540199800305474                                                    
mvp2    9   22   33   46   22    9   33   46                       -0.00985906794828536256    0.67922460553312535847                          
mvp2   10   18   33   44   18   10   33   44                        0.00622365272815354319   -0.08263766553849899443                          
mvp2   10   20   34   46   20   10   34   46                        0.01727112138907829775   -0.39176489226487831719                          
mvp2   10   20   33   44   20   10   33   44                       -0.01141398049546952544    0.26072361233028240601                          
a_ia   34   46                                                      0.00006877160860201721                                                    
a_ia   10   20                                                     -0.00321485617357839199                                                    
mvp2    9   18   33   46   18    9   33   46                        0.00586613839846391889   -0.00654219939258773257                          
a_ia    9   18                                                      0.00167374051251015558                                                    
mvp2    9   20   33   44   20    9   33   44                       -0.00576311941169518459    0.07488008122487090079                          
mvp2   10   22   34   46   22   10   34   46                       -0.00771713885666942649    0.07064550269546074346                          
mvp2   10   22   34   41   22   10   34   41                       -0.00613189881471841967    0.13425784346819749637                          
mvp2   10   20   28   45   20   10   28   45                        0.01735839390549047054   -0.43271055523952162147                          
a_ia   28   34                                                     -0.10316903575686246775                                                    
mvp2   10   20   28   37   20   10   28   37                       -0.01269931212358747091    0.38805767257933576619                          
a_ia   10   20                                                      0.00705795504765805836                                                    
mvp2   10   20   28   42   20   10   28   42                       -0.00528177294612549534    0.18861647086278118812                          
mvp2   10   17   34   41   17   10   34   41                       -0.00992098860517378126   -0.24990059285504070963                          
mvp2   10   17   34   46   17   10   34   46                       -0.00722555007113835721   -0.22153993178428546540                          
a_ia   45   46                                                      0.40855780406509106806                                                    
mvp2   10   20   24   47   20   10   24   47                       -0.01277234869131993987    0.31884402188006810697                          
mvp2   10   20   24   36   20   10   24   36                       -0.01259969689281536728    0.34954934411021409968                          
mvp2   10   17   24   47   17   10   24   47                        0.00646871941126427475    0.00008465977223005219                          
