op     10   20   34   44   20   10   34   44                       -0.03310650551648022799                                                    
op     10   20   34   41   20   10   34   41                        0.01493939132406938396                                                    
op     10   17   34   44   17   10   34   44                        0.01466749451515033179                                                    
a_ia   34   44                                                      0.00141527714930426399                                                    
op     10   20   34   42   20   10   34   42                        0.01579486478686152259                                                    
a_ia   10   20                                                      0.00155800569422843895                                                    
mvp2   10   20   34   38   20   10   34   38                        0.00854624379946563630   -0.00000013312986448600                          
mvp2   10   18   34   44   18   10   34   44                        0.01599026657226952641   -0.00000210206880985908                          
op      9   14   33   38   14    9   33   38                       -0.01895693487481422967                                                    
mvp2   10   16   34   44   16   10   34   44                        0.00731406426437802414   -0.00000082304004607802                          
