9.999978210448652316e-01
9.999941099813375311e-01
9.999931730650003514e-01
9.958270778471841611e-01
9.957451528331870971e-01
9.947033134225418127e-01
9.955169995969408436e-01
9.942984118649628167e-01
9.960451676121748754e-01
9.929354646446634236e-01
9.938181386940607709e-01
9.873915069370352571e-01
9.925783141279850286e-01
9.921760408021753630e-01
9.802335407485481822e-01
9.758064982451815084e-01
3.159808942176165619e-02
1.944136807383234009e-02
5.523612748025773928e-03
4.445570244089056509e-03
9.167651166449901357e-03
2.396486621169200467e-03
4.748344205318111300e-03
2.808779593157129280e-03
3.955413933208950725e-03
2.811456132859986405e-03
1.074100283321852015e-03
5.682956620263995839e-03
2.925725179862699935e-03
5.813868271320757342e-03
5.646769510588005303e-03
4.899076526570556728e-03
