op     23   24   69   70   24   23   69   70                       -0.07354349463424164624                                                    
op     20   24   66   70   24   20   66   70                       -0.05399468458943203208                                                    
op      7   24   53   70   24    7   53   70                       -0.00297061951047362417                                                    
a_ia   15   24                                                     -0.00503936168358150739                                                    
op     20   25   66   70   25   20   66   70                        0.00171034375227558473                                                    
op     21   25   65   70   25   21   65   70                       -0.00812236033930565510                                                    
a_ia   20   22                                                      0.00439110160100321303                                                    
a_ia   20   21                                                     -0.46662568658474401495                                                    
a_ia   15   24                                                      0.00078518375798794168                                                    
a_ia   65   70                                                     -0.00762817798367896715                                                    
mvp2   22   26   69   70   26   22   69   70                       -0.01462833797731076003   -0.20421364136111921916                          
a_ia   66   68                                                      0.22875117649270118592                                                    
