op     23   24   69   70   24   23   69   70                       -0.08064409468275098025                                                    
op     20   24   66   70   24   20   66   70                       -0.06740717061866269288                                                    
op      7   24   53   70   24    7   53   70                       -0.00312823392799772013                                                    
a_ia   15   24                                                     -0.00430920245444484096                                                    
op     20   25   66   70   25   20   66   70                        0.02765730923864941418                                                    
op     21   25   65   70   25   21   65   70                       -0.00275441328413488472                                                    
a_ia   20   22                                                      0.31091141820984546928                                                    
a_ia   20   21                                                     -0.63350648847771007244                                                    
a_ia   15   24                                                      0.00151534298712459911                                                    
a_ia   65   70                                                      0.00279192270493696867                                                    
mvp2   22   26   69   70   26   22   69   70                       -0.00874935510843311351   -0.10622893271955617667                          
a_ia   66   68                                                      0.17391720356329370967                                                    
op     17   25   63   71   25   17   63   71                       -0.00491575784070540003                                                    
a_ia   67   71                                                      0.00244411724828989731                                                    
mvp3   68   70   69   74   68   69   74   70   68   69   70   74   -0.00720630199946294039    0.00341136414524411498    0.08582101413174998694
op     11   24   57   71   24   11   57   71                       -0.00928863402638588527                                                    
a_ia   20   22                                                     -0.02696504211074169169                                                    
a_ia   21   26                                                      0.00149989092498468090                                                    
op     11   25   58   70   25   11   58   70                       -0.00635862083248960996                                                    
mvp3   68   70   69   91   68   69   91   70   68   69   70   91   -0.04150470003284705695    0.18290989152959669095    0.45177380075065004528
a_ia   66   67                                                     -0.54631778480002901599                                                    
om     12   25   58   70   25   12   58   70                        0.01712235906078307668                                                    
mvp2   22   45   68   91   45   22   68   91                       -0.00589423526859687592   -1.02644497191010253268                          
op     18   24   54   71   24   18   54   71                        0.00665963380472979483                                                    
mvp2   19   43   69   70   43   19   69   70                        0.03047736383243796615    0.39234282904382983270                          
mvp2   22   45   68   89   45   22   68   89                        0.00833315216569034505   -1.17126131961336121812                          
a_ia   22   45                                                     -0.00277003306504536350                                                    
op     22   44   68   90   44   22   68   90                        0.00559252889964947063                                                    
mvp2   20   24   62   71   24   20   62   71                        0.00518189673406398849   -0.14159578911887643615                          
op     17   24   63   70   24   17   63   70                       -0.02328915414284932206                                                    
a_ia   24   25                                                      0.24736831412557666598                                                    
om     16   43   62   89   43   16   62   89                       -0.00939378020245660271                                                    
om     16   43   65   89   43   16   65   89                        0.00475085417852504164                                                    
a_ia   65   66                                                     -0.28800022739965575047                                                    
op     16   43   61   89   43   16   61   89                       -0.00171608135894432646                                                    
a_ia   65   74                                                     -0.03177041615817264436                                                    
mvp2   16   43   63   70   43   16   63   70                        0.00594061392660622661    0.13664804656616455492                          
a_ia   21   24                                                      0.00986383501394440428                                                    
mvp3   65   70   67   74   65   67   74   70   65   67   70   74    0.00560944727502720245   -0.48202926086655994986   -0.22190287241858888678
a_ia   70   72                                                      0.08583805775770714241                                                    
a_ia   19   22                                                     -0.66868798015634101084                                                    
a_ia   65   74                                                      0.03031830359318510651                                                    
a_ia   24   37                                                     -0.12353803707433916315                                                    
op     22   44   68   90   44   22   68   90                       -0.01036285611326214634                                                    
a_ia   32   43                                                     -0.23897569077025965223                                                    
a_ia   87   89                                                      0.65826416505864515649                                                    
a_ia   68   69                                                      0.17272888979283221311                                                    
a_ia   19   37                                                      0.00129826225727911436                                                    
a_ia   22   24                                                     -0.00594488381722979055                                                    
a_ia   65   70                                                     -0.00612032555038760813                                                    
a_ia   71   87                                                      0.59816974315924087424                                                    
a_ia   65   70                                                     -0.00207761840946946510                                                    
mvp2   21   45   66   70   45   21   66   70                       -0.00871502364829518719   -0.26447532237832943602                          
a_ia   21   45                                                      0.01677784047697955527                                                    
a_ia   70   75                                                     -0.02134545341274801666                                                    
a_ia   17   25                                                     -0.02912507562650630197                                                    
mvp2   16   45   63   70   45   16   63   70                       -0.00560397913511203292   -0.25827601625225837800                          
a_ia   16   22                                                     -0.22478089290750061235                                                    
a_ia   23   45                                                      0.00059055362281726397                                                    
a_ia   76   91                                                     -0.35601374726560153228                                                    
op     12   26   64   70   26   12   64   70                       -0.00335130058570872781                                                    
a_ia   61   70                                                     -0.00294729805527068744                                                    
mvp2   21   45   64   70   45   21   64   70                        0.00682723316853387201   -0.30259127931367851838                          
a_ia   70   81                                                     -0.06529061732920317385                                                    
mvp2    9   25   66   70   25    9   66   70                       -0.01484206946366909904   -0.20210329187720735278                          
a_ia   66   70                                                     -0.01659519627932062869                                                    
a_ia    9   25                                                      0.00145243157998795796                                                    
mvp2   11   25   57   70   25   11   57   70                       -0.00965995787659817626   -1.52263789640754931831                          
a_ia   21   45                                                     -0.01438255353697222814                                                    
a_ia   24   44                                                      0.04265167496679293790                                                    
mvp2   17   25   64   70   25   17   64   70                       -0.00731232925004714901    0.58866544674044107843                          
a_ia   17   25                                                      0.02234051077742954527                                                    
a_ia   21   45                                                     -0.00306517737904590717                                                    
mvp3   66   70   67   74   66   67   74   70   66   67   70   74    0.00690991432525835288   -0.04064842103399687184    0.02610429704937013845
a_ia   57   70                                                      0.00841537238710037168                                                    
a_ia   66   74                                                      0.00065744454905494038                                                    
mvp2   11   45   67   70   45   11   67   70                        0.00436193588405669238    0.21254125760000305845                          
a_ia   11   45                                                      0.00158725685550724664                                                    
mvp2   21   25   65   91   25   21   65   91                       -0.00530301942120411582    0.40440390979799811788                          
a_ia   21   25                                                      0.00494009132638926172                                                    
a_ia   62   91                                                     -0.00147435840859454540                                                    
a_ia   31   43                                                     -0.30177595268122786587                                                    
mvp2   11   45   62   91   45   11   62   91                        0.00347671259599782820   -0.66483659957717589073                          
a_ia   11   45                                                      0.00126489670912964731                                                    
a_ia    9   45                                                     -0.00037120865232946582                                                    
a_ia   23   25                                                      0.00143647626572206773                                                    
om      8   45   54   91   45    8   54   91                       -0.00314922133617202577                                                    
a_ia   64   91                                                      0.00017659994239806642                                                    
a_ia   67   91                                                     -0.00173757672151786239                                                    
a_ia   70   91                                                      0.03202036366680358764                                                    
mvp2   22   44   69   70   44   22   69   70                        0.01013052538062076194    0.14649956063430935593                          
a_ia   69   70                                                      0.00517438434506559304                                                    
a_ia   70   80                                                     -0.02080237791461389193                                                    
a_ia   22   43                                                     -0.00404030369974431487                                                    
mvp2    9   25   62   72   25    9   62   72                        0.00251477089266814681   -0.57673220081825959937                          
op      8   25   57   91   25    8   57   91                       -0.00285062630486874937                                                    
a_ia    8   26                                                     -0.00059272999688232946                                                    
mvp2   22   30   69   70   30   22   69   70                        0.00609011141728900939    0.10138612464516701117                          
a_ia   19   43                                                      0.00266675702513962092                                                    
a_ia   69   70                                                      0.00093680601126812639                                                    
a_ia   57   91                                                     -0.00018042918455659656                                                    
mvp2   11   45   57   91   45   11   57   91                       -0.00513233039189702703    0.57981090660306822127                          
a_ia   57   91                                                     -0.00037713371249070232                                                    
