op     23   24   69   70   24   23   69   70                       -0.07872945500479176795                                                    
op     20   24   66   70   24   20   66   70                       -0.06734803119269341942                                                    
op      7   24   53   70   24    7   53   70                       -0.00226612143320315592                                                    
a_ia   15   24                                                     -0.00447689880222053391                                                    
op     20   25   66   70   25   20   66   70                        0.02173560870786690746                                                    
op     21   25   65   70   25   21   65   70                       -0.00332297249135387251                                                    
a_ia   20   22                                                      0.29346660807839380913                                                    
a_ia   20   21                                                     -0.57781865632200912763                                                    
a_ia   15   24                                                      0.00134764663934891027                                                    
a_ia   65   70                                                      0.00575345344697545183                                                    
mvp2   22   26   69   70   26   22   69   70                       -0.00899204100602953721   -0.12704150276044315349                          
a_ia   66   68                                                      0.20938078984154870343                                                    
op     17   25   63   71   25   17   63   71                       -0.00500633619066976482                                                    
a_ia   67   71                                                      0.00272437888893960548                                                    
mvp3   68   70   69   74   68   69   74   70   68   69   70   74   -0.00572038707124940520   -0.03628950562392398160    0.09841750438581779725
op     11   24   57   71   24   11   57   71                       -0.00964074321366439890                                                    
a_ia   20   22                                                     -0.00417186988791885816                                                    
a_ia   21   26                                                      0.00201320800189887022                                                    
op     11   25   58   70   25   11   58   70                       -0.00646429002304018275                                                    
mvp3   68   70   69   91   68   69   91   70   68   69   70   91   -0.03951107553676891371    0.09171790173505435517    0.41954592082393038499
a_ia   66   67                                                     -0.53746624477865667657                                                    
om     12   25   58   70   25   12   58   70                        0.01715313206060728110                                                    
mvp2   22   45   68   91   45   22   68   91                       -0.00604031331926024786   -0.98697310167714624729                          
op     18   24   54   71   24   18   54   71                        0.00753713388317488880                                                    
mvp2   19   43   69   70   43   19   69   70                        0.02703329505549579431    0.39525742965588422928                          
mvp2   22   45   68   89   45   22   68   89                        0.01029167468948528723   -0.95816372469426691616                          
a_ia   22   45                                                     -0.00298224962821192797                                                    
op     22   44   68   90   44   22   68   90                        0.00582808201869954370                                                    
mvp2   20   24   62   71   24   20   62   71                        0.00555189800385141874   -0.18129955315040455210                          
op     17   24   63   70   24   17   63   70                       -0.02265768155477008300                                                    
a_ia   24   25                                                      0.24986666377018693086                                                    
om     16   43   62   89   43   16   62   89                       -0.01235767609883849268                                                    
om     16   43   65   89   43   16   65   89                        0.00497846108765322842                                                    
a_ia   65   66                                                     -0.31984803070154910198                                                    
op     16   43   61   89   43   16   61   89                       -0.00088474158616850607                                                    
a_ia   65   74                                                     -0.00345141676822851998                                                    
mvp2   16   43   63   70   43   16   63   70                        0.00715098138384146539    0.04874031151415707253                          
a_ia   21   24                                                      0.01218842802841041059                                                    
mvp3   65   70   67   74   65   67   74   70   65   67   70   74    0.00544066279632538733   -0.59253190962435542399   -0.23713192541469749197
a_ia   70   72                                                      0.10324809544626346869                                                    
a_ia   19   22                                                     -0.56343563848248445769                                                    
a_ia   65   74                                                      0.00153445112551446627                                                    
a_ia   24   37                                                     -0.11541668719818341804                                                    
op     22   44   68   90   44   22   68   90                       -0.01159051605669652457                                                    
a_ia   32   43                                                     -0.21835458346483271885                                                    
a_ia   87   89                                                      0.39369090557576058576                                                    
a_ia   68   69                                                      0.12902292293222242248                                                    
a_ia   19   37                                                      0.00106348818192379202                                                    
a_ia   22   24                                                     -0.00648360638783428492                                                    
a_ia   65   70                                                     -0.00697023132945326536                                                    
a_ia   71   87                                                      0.33599582103246089515                                                    
