op     23   24   69   70   24   23   69   70                       -0.08099325722512477899                                                    
op     20   24   66   70   24   20   66   70                       -0.07004229855168747632                                                    
op      7   24   53   70   24    7   53   70                       -0.00210611444955709475                                                    
a_ia   15   24                                                     -0.00471877432780927128                                                    
op     20   25   66   70   25   20   66   70                        0.02749961313949595212                                                    
op     21   25   65   70   25   21   65   70                       -0.00207822227494488089                                                    
a_ia   20   22                                                      0.32439077367526653051                                                    
a_ia   20   21                                                     -0.61265052623434135270                                                    
a_ia   15   24                                                      0.00110577111376016770                                                    
a_ia   65   70                                                      0.00177609423132152984                                                    
mvp2   22   26   69   70   26   22   69   70                       -0.00786417392312015531   -0.10549760908112008895                          
a_ia   66   68                                                      0.17129759720434581394                                                    
op     17   25   63   71   25   17   63   71                       -0.00491720543730355363                                                    
a_ia   67   71                                                      0.00215554065556685910                                                    
mvp3   68   70   69   74   68   69   74   70   68   69   70   74   -0.00721891402372850516    0.00714376557740975700    0.08284849654747732106
op     11   24   57   71   24   11   57   71                       -0.00914383508672902620                                                    
a_ia   20   22                                                     -0.02865803051735704363                                                    
a_ia   21   26                                                      0.00209817699135243308                                                    
op     11   25   58   70   25   11   58   70                       -0.00715682696772439696                                                    
mvp3   68   70   69   91   68   69   91   70   68   69   70   91   -0.04105698177437166335    0.19786238961347538123    0.44368884065670616268
a_ia   66   67                                                     -0.51576050629315650653                                                    
om     12   25   58   70   25   12   58   70                        0.01638518406594659249                                                    
mvp2   22   45   68   91   45   22   68   91                       -0.00523941155784664239   -1.03403266492844925217                          
op     18   24   54   71   24   18   54   71                        0.00665072192895957079                                                    
mvp2   19   43   69   70   43   19   69   70                        0.03126093763511091084    0.39118923654615650465                          
mvp2   22   45   68   89   45   22   68   89                        0.00801379706237238636   -1.17385485375373566086                          
a_ia   22   45                                                     -0.00273443570301170908                                                    
op     22   44   68   90   44   22   68   90                        0.00536291545318331054                                                    
mvp2   20   24   62   71   24   20   62   71                        0.00504258339237893035   -0.13076997556377126242                          
op     17   24   63   70   24   17   63   70                       -0.02346225916597808811                                                    
a_ia   24   25                                                      0.23812310216225157644                                                    
om     16   43   62   89   43   16   62   89                       -0.00920785356978685160                                                    
om     16   43   65   89   43   16   65   89                        0.00452238398405854173                                                    
a_ia   65   66                                                     -0.28729574925930662088                                                    
op     16   43   61   89   43   16   61   89                       -0.00157066746249014577                                                    
a_ia   65   74                                                     -0.03481794180634158881                                                    
mvp2   16   43   63   70   43   16   63   70                        0.00564316827658679649    0.11710749079257110061                          
a_ia   21   24                                                      0.00952791498329420145                                                    
mvp3   65   70   67   74   65   67   74   70   65   67   70   74    0.00536950929227428871   -0.44128116194510541570   -0.22223580641056256413
a_ia   70   72                                                      0.08281707181879119362                                                    
a_ia   19   22                                                     -0.68856219080199443372                                                    
a_ia   65   74                                                      0.03358042619885277108                                                    
a_ia   24   37                                                     -0.12626679240592780795                                                    
op     22   44   68   90   44   22   68   90                       -0.01036162779594229991                                                    
a_ia   32   43                                                     -0.24229976972030417559                                                    
a_ia   87   89                                                      0.67123670779034316780                                                    
a_ia   68   69                                                      0.18624621015379416722                                                    
a_ia   19   37                                                      0.00168546725690692885                                                    
a_ia   22   24                                                     -0.00583366027915926608                                                    
a_ia   65   70                                                     -0.00657383089733898796                                                    
a_ia   71   87                                                      0.60363480677048431122                                                    
a_ia   65   70                                                     -0.00253106279244697495                                                    
mvp2   21   45   66   70   45   21   66   70                       -0.01478222305454076832   -0.24651871751817183709                          
a_ia   21   45                                                      0.01547831498784931793                                                    
a_ia   70   75                                                     -0.01706913956693930853                                                    
a_ia   17   25                                                     -0.02984428796884594851                                                    
mvp2   16   45   63   70   45   16   63   70                       -0.00559341076003678963   -0.25170964014104590944                          
a_ia   16   22                                                     -0.27858106243706742822                                                    
a_ia   23   45                                                      0.00055122067686371313                                                    
a_ia   76   91                                                     -0.35889923517717081669                                                    
op     12   26   64   70   26   12   64   70                       -0.00323415383179844786                                                    
a_ia   61   70                                                     -0.00358882355157288642                                                    
mvp2   21   45   64   70   45   21   64   70                        0.00751679252484540456   -0.32382414530198433411                          
a_ia   70   81                                                     -0.06165249993605036866                                                    
mvp2    9   25   66   70   25    9   66   70                       -0.01825418373392964644   -0.27727911807316607540                          
a_ia   66   70                                                     -0.01481119856521540684                                                    
a_ia    9   25                                                      0.00200801982946626672                                                    
mvp2   11   25   57   70   25   11   57   70                       -0.00985510194120760991   -1.52614392435955914529                          
a_ia   21   45                                                     -0.01448904730234329419                                                    
a_ia   24   44                                                      0.04040717197227489121                                                    
mvp2   17   25   64   70   25   17   64   70                       -0.00728229896620424724    0.58500396372832896841                          
a_ia   17   25                                                      0.02295507929397203051                                                    
a_ia   21   45                                                     -0.00310612611360664955                                                    
mvp3   66   70   67   74   66   67   74   70   66   67   70   74    0.00745227441763909350   -0.05187488708036072649    0.01871088414517293325
a_ia   57   70                                                      0.00886004767962212357                                                    
a_ia   66   74                                                      0.00050830514123795744                                                    
mvp2   11   45   67   70   45   11   67   70                        0.00460616629308844075    0.32071702164032322990                          
a_ia   11   45                                                      0.00156358699753502599                                                    
mvp2   21   25   65   91   25   21   65   91                       -0.00535527189811353926    0.33226414377507335063                          
a_ia   21   25                                                      0.00593933844266822560                                                    
a_ia   62   91                                                     -0.00294043466919259198                                                    
a_ia   31   43                                                     -0.31780019070427606431                                                    
mvp2   11   45   62   91   45   11   62   91                        0.00381128147722001190   -0.57966402441679487634                          
a_ia   11   45                                                      0.00251397602293157657                                                    
a_ia    9   45                                                     -0.00031532045582080272                                                    
a_ia   23   25                                                      0.00113471743148626852                                                    
om      8   45   54   91   45    8   54   91                       -0.00382866068502835501                                                    
a_ia   64   91                                                      0.00085171758209619242                                                    
a_ia   67   91                                                     -0.00476465336500340314                                                    
a_ia   70   91                                                      0.06064843375197563613                                                    
mvp2   22   44   69   70   44   22   69   70                        0.00983488896996606576    0.14715356246064664747                          
a_ia   69   70                                                      0.00491976747844155658                                                    
a_ia   70   80                                                     -0.02065591911022808883                                                    
a_ia   22   43                                                     -0.00355700111682159727                                                    
mvp2    9   25   62   72   25    9   62   72                        0.00238721113637019484   -0.49237469627277657969                          
op      8   25   57   91   25    8   57   91                       -0.00345667797349886357                                                    
a_ia    8   26                                                     -0.00063141015642709502                                                    
mvp2   22   30   69   70   30   22   69   70                        0.00550231395101827368    0.10046290526088653972                          
a_ia   19   43                                                      0.00289814835911920412                                                    
a_ia   69   70                                                      0.00009520193670437476                                                    
a_ia   57   91                                                     -0.00061800885248773467                                                    
mvp2   11   45   57   91   45   11   57   91                       -0.00509394570976643736    0.70228702803750631123                          
a_ia   57   91                                                      0.00010490236216995454                                                    
mvp3   66   70   67   77   66   67   77   70   66   67   70   77   -0.00801137199927463156    0.16694052989764260331    0.01813416554697435540
a_ia   66   77                                                      0.00117117372291039470                                                    
a_ia   70   77                                                      0.06196451179571645096                                                    
a_ia   70   73                                                     -0.05522390521767163440                                                    
a_ia   66   77                                                     -0.00033369428718753931                                                    
mvp2    8   45   55   91   45    8   55   91                       -0.00245034092723315057    2.74094855016811678183                          
mvp2    9   25   67   91   25    9   67   91                       -0.00319038227107596231    0.67258357016841863185                          
a_ia    9   25                                                     -0.00282411296561304280                                                    
mvp2   19   43   66   70   43   19   66   70                       -0.01567930343874638852   -0.25435355579678897708                          
a_ia   19   43                                                      0.00458346981864223273                                                    
a_ia   66   70                                                     -0.00124448941329460762                                                    
mvp2    8   25   65   91   25    8   65   91                       -0.00340650576638912772    0.20710335807717419887                          
mvp2   21   41   69   70   41   21   69   70                        0.01436200649322189223    0.19713291763735513173                          
a_ia   19   21                                                     -0.13327854228810107062                                                    
a_ia   21   41                                                      0.00130432842947716845                                                    
mvp2   11   25   57   74   25   11   57   74                        0.00396318369329393648   -0.32599681041281647342                          
a_ia   19   43                                                      0.00023251869536937127                                                    
a_ia   62   77                                                     -0.00099930869029823347                                                    
mvp2   19   34   66   70   34   19   66   70                       -0.00546877269032804494   -0.10516522048090735930                          
a_ia   19   34                                                      0.00217720787903792233                                                    
