-2.618872674676841257e+02
-2.618990026469779195e+02
-2.619040021242822718e+02
-2.619067378844449081e+02
-2.619094160641780036e+02
-2.619106288861008238e+02
-2.619115316667517277e+02
-2.619123334245713863e+02
-2.619132112129548204e+02
-2.619137314606894051e+02
-2.619144761709248996e+02
-2.619151905946162060e+02
-2.619155427681311039e+02
-2.619158908876976852e+02
-2.619162672683868891e+02
-2.619166266933877978e+02
-2.619169830448087737e+02
-2.619173132262317836e+02
-2.619175707437960909e+02
-2.619179142127280784e+02
-2.619181311727114121e+02
-2.619183685008327984e+02
-2.619186483260430123e+02
-2.619187902051833134e+02
-2.619189149019006209e+02
-2.619191015596002217e+02
-2.619192835957488796e+02
-2.619193833757133234e+02
-2.619196495902793913e+02
-2.619198026264373880e+02
-2.619198857821472757e+02
-2.619200546794189108e+02
-2.619203017437072276e+02
-2.619203425497811963e+02
-2.619204873281815935e+02
-2.619205464640475043e+02
-2.619206938415961190e+02
-2.619207576842700860e+02
-2.619208452650901222e+02
-2.619209812809991149e+02
-2.619210698453371720e+02
-2.619211345533249755e+02
-2.619211954430105038e+02
-2.619212670957927003e+02
-2.619213392592254195e+02
-2.619213858712325873e+02
-2.619214786486722915e+02
-2.619215947239418938e+02
-2.619217067761018143e+02
-2.619217450893758041e+02
-2.619217939903451224e+02
-2.619218117169446032e+02
-2.619218748458952746e+02
-2.619219274700544133e+02
-2.619219517593469959e+02
-2.619220790140481085e+02
-2.619220893598056250e+02
-2.619221352939168810e+02
-2.619221427136910734e+02
-2.619221616468851721e+02
-2.619221840698436949e+02
-2.619222287230788879e+02
-2.619222646812575022e+02
-2.619222780488232729e+02
-2.619223085340544799e+02
-2.619223435369631829e+02
-2.619223731757201108e+02
-2.619223739864283971e+02
-2.619223758465427068e+02
-2.619224119909777073e+02
-2.619224181849738784e+02
-2.619224257649731840e+02
-2.619224307240231155e+02
-2.619224426523580860e+02
-2.619224597080719263e+02
-2.619224950436889117e+02
-2.619225183799015895e+02
-2.619225320203478873e+02
-2.619225502259731115e+02
-2.619225597661886127e+02
-2.619225652725023110e+02
-2.619225764540007049e+02
-2.619225764540005912e+02
-2.619225847678566197e+02
-2.619225895756973728e+02
-2.619226084863187225e+02
-2.619226223159495248e+02
-2.619226273105891210e+02
-2.619226472140982196e+02
-2.619226481667549251e+02
-2.619226559179065816e+02
-2.619226561203076926e+02
-2.619226735578806142e+02
-2.619226735597533207e+02
