9.999970934819379931e-01
9.999885518543282226e-01
9.999878121875579451e-01
9.958157528768279976e-01
9.957306250780502133e-01
9.946966739095306487e-01
9.954761412282693289e-01
9.942408071421821036e-01
9.960270109735183119e-01
9.929114426412379846e-01
9.937889874201977225e-01
9.873527262475141342e-01
9.925750517541018780e-01
9.921831698723926340e-01
9.799600793513448815e-01
9.754829135992684197e-01
3.207050644248652521e-02
1.962041401228842297e-02
5.537303209725164682e-03
4.477380131252933423e-03
9.180333473820773138e-03
2.423999556637214219e-03
4.758038201211571734e-03
2.815766693605668489e-03
3.975291130060018031e-03
2.819798947925903666e-03
1.080779698914747936e-03
5.695570933889814932e-03
2.944955749631630176e-03
5.821944055826297482e-03
5.645959994659364295e-03
4.917118147766852410e-03
