-4.224017123082111880e+02
-4.224156436926111837e+02
-4.224248588043246855e+02
-4.224317538168360215e+02
-4.224391786395607937e+02
-4.224471302291427151e+02
-4.224532476486286896e+02
-4.224551306550679897e+02
-4.224615893350195961e+02
-4.224648780818425280e+02
-4.224664743554367874e+02
-4.224679408860450280e+02
-4.224702860869941787e+02
-4.224728137652402893e+02
-4.224758570784425160e+02
-4.224776108845007911e+02
-4.224794310089162082e+02
-4.224816342841135111e+02
-4.224848918757758724e+02
-4.224874219511439719e+02
-4.224899349317087740e+02
-4.224908618088060166e+02
-4.224950682813113190e+02
-4.224977017378250821e+02
-4.224988145808711124e+02
-4.225022336248130728e+02
-4.225040641897572868e+02
-4.225043179497225765e+02
-4.225056202415061080e+02
-4.225058093948122746e+02
-4.225080808176257960e+02
-4.225088181249079753e+02
-4.225110018982754241e+02
-4.225119488619678805e+02
-4.225120100563094070e+02
-4.225122841950673092e+02
-4.225125018120228901e+02
-4.225131811805865141e+02
-4.225152970861079780e+02
-4.225156155567385099e+02
-4.225164707897665721e+02
-4.225186953691226108e+02
-4.225200773775384278e+02
-4.225209128755034840e+02
-4.225213207051875770e+02
-4.225224119276650754e+02
-4.225241058731588737e+02
-4.225246326998263271e+02
-4.225250683509856913e+02
-4.225271745050043251e+02
-4.225280826394858877e+02
-4.225302108950090201e+02
-4.225325463947021944e+02
-4.225340808154580259e+02
-4.225358974735395918e+02
-4.225370819388922996e+02
-4.225377951869467097e+02
-4.225378370390591840e+02
-4.225390535326397980e+02
-4.225394394378229208e+02
-4.225394709848637831e+02
-4.225395333665782118e+02
-4.225395842246468874e+02
-4.225400629745320202e+02
-4.225405722395582870e+02
