op     18   22   46   50   22   18   46   50                       -0.03995735331685935920                                                    
op     17   22   45   50   22   17   45   50                       -0.02098100370410406479                                                    
a_ia   42   50                                                      0.01616332830245178695                                                    
op     19   25   47   53   25   19   47   53                       -0.01667410338340929998                                                    
mvp2   46   50   47   52   46   47   52   50                        0.01927911351789141775   -0.44616667963891021298                          
mvp2   19   25   46   50   25   19   46   50                       -0.01038211442187720115   -0.18484774128889469580                          
a_ia   10   22                                                     -0.01200905845353738600                                                    
a_ia   46   52                                                     -0.00144428587156622524                                                    
op      5   26   33   54   26    5   33   54                       -0.02691480399144483698                                                    
op      0   26   33   54   26    0   33   54                        0.00836681004729226442                                                    
op      8   26   36   54   26    8   36   54                       -0.01110704392754561370                                                    
mvp2   19   24   47   52   24   19   47   52                       -0.02083372140344688997   -0.56216406133803098477                          
op      0   26   28   54   26    0   28   54                       -0.00783895010904923917                                                    
mvp3   46   49   47   52   46   47   52   49   46   47   49   52    0.00725605965348106747    0.70560729748452644117   -0.00074376711154882746
