op     18   22   46   50   22   18   46   50                       -0.03441706013144773396                                                    
op     17   22   45   50   22   17   45   50                       -0.02095612361293480025                                                    
a_ia   42   50                                                      0.01546444232055718855                                                    
op     19   25   47   53   25   19   47   53                       -0.01866123891134332038                                                    
mvp2   46   50   47   52   46   47   52   50                        0.01244539116396094734   -0.45017901700884321858                          
mvp2   19   25   46   50   25   19   46   50                       -0.01037824371176641891   -0.00135147523471816806                          
a_ia   10   22                                                     -0.01141808710935061401                                                    
a_ia   46   52                                                     -0.00136145821154964614                                                    
op      5   26   33   54   26    5   33   54                       -0.02725654970007796926                                                    
op      0   26   33   54   26    0   33   54                        0.00822445224710026922                                                    
op      8   26   36   54   26    8   36   54                       -0.01146749870462019857                                                    
mvp2   19   24   47   52   24   19   47   52                       -0.02002487042781820811   -0.00033567248500295649                          
