op     18   22   46   50   22   18   46   50                       -0.03440420642768769743                                                    
op     17   22   45   50   22   17   45   50                       -0.02095779064185024354                                                    
a_ia   42   50                                                      0.01543497519297757845                                                    
op     19   25   47   53   25   19   47   53                       -0.01866315630969478737                                                    
mvp2   46   50   47   52   46   47   52   50                        0.01244847065949345084   -0.45017342850092662010                          
mvp2   19   25   46   50   25   19   46   50                       -0.01038010852201999915   -0.00116193120534954981                          
a_ia   10   22                                                     -0.01144678396179596783                                                    
a_ia   46   52                                                     -0.00145585930462011114                                                    
op      5   26   33   54   26    5   33   54                       -0.02723125896660191780                                                    
op      0   26   33   54   26    0   33   54                        0.00820772762545104832                                                    
