op     18   22   46   50   22   18   46   50                       -0.04210707386709602873                                                    
op     17   22   45   50   22   17   45   50                       -0.02090132752662362745                                                    
a_ia   42   50                                                      0.01728950708084651261                                                    
op     19   25   47   53   25   19   47   53                       -0.01403313013078544974                                                    
mvp2   46   50   47   52   46   47   52   50                        0.02171737653697530107   -0.63645624049440285841                          
mvp2   19   25   46   50   25   19   46   50                       -0.01682789618477406948   -0.25449287758289101946                          
a_ia   10   22                                                     -0.01244874288446927435                                                    
a_ia   46   52                                                     -0.00132759187285988326                                                    
op      5   26   33   54   26    5   33   54                       -0.02702036745883710026                                                    
op      0   26   33   54   26    0   33   54                        0.00841903657271408229                                                    
op      8   26   36   54   26    8   36   54                       -0.01127519050238709290                                                    
mvp2   19   24   47   52   24   19   47   52                       -0.02080872732019521665   -0.63353670684183183148                          
op      0   26   28   54   26    0   28   54                       -0.00786501066169927390                                                    
mvp3   46   49   47   52   46   47   52   49   46   47   49   52    0.00699637962480199882    0.67687444872384816552   -0.00156604518983590011
a_ia   16   25                                                      0.00645706132212503416                                                    
mvp2   18   21   46   50   21   18   46   50                       -0.01955712798488461190   -0.34850773661219397459                          
mvp2   46   50   47   53   46   47   53   50                       -0.01137872677926703678    0.34476351283245798562                          
