op     15   35   59   79   35   15   59   79                       -0.01410849745634722846                                                    
op     15   24   59   68   24   15   59   68                       -0.01210611752039873930                                                    
a_ia   15   35                                                      0.00083139324411569233                                                    
op     15   26   59   73   26   15   59   73                        0.00609584714564475293                                                    
om     15   34   59   79   34   15   59   79                       -0.00432443987813691151                                                    
om     15   35   56   79   35   15   56   79                        0.00800280541527100160                                                    
op     15   40   59   84   40   15   59   84                       -0.00611534883679118717                                                    
op     15   29   59   79   29   15   59   79                       -0.00530574581888318235                                                    
op     14   35   56   79   35   14   56   79                       -0.00581981500199916721                                                    
om     15   29   59   70   29   15   59   70                        0.00645951838298405943                                                    
op     12   35   56   79   35   12   56   79                       -0.00607761660251395549                                                    
op     10   23   54   67   23   10   54   67                       -0.01036115673775044217                                                    
op     12   24   56   68   24   12   56   68                       -0.01350255250262217058                                                    
a_ia   56   79                                                     -0.00110034705582582248                                                    
op     12   40   59   84   40   12   59   84                        0.00628848956165341429                                                    
mvp2   15   35   59   70   35   15   59   70                        0.00812427392630450662   -0.00004308840586920889                          
a_ia   59   70                                                     -0.00096444643754812337                                                    
mvp2   12   35   59   79   35   12   59   79                        0.00777211853984172314    0.00010315838757773583                          
a_ia   12   35                                                     -0.00089715630315477448                                                    
op     10   23   57   67   23   10   57   67                        0.00735723971567273441                                                    
