op     15   35   59   79   35   15   59   79                       -0.01466411572885257045                                                    
op     15   24   59   68   24   15   59   68                       -0.01209259797844772916                                                    
a_ia   15   35                                                      0.00087589783909287596                                                    
op     15   26   59   73   26   15   59   73                        0.00620570571132309564                                                    
om     15   34   59   79   34   15   59   79                       -0.00432328731830976948                                                    
om     15   35   56   79   35   15   56   79                        0.00801776836781551740                                                    
op     15   40   59   84   40   15   59   84                       -0.00610277872261795473                                                    
op     15   29   59   79   29   15   59   79                       -0.00536228022645849831                                                    
op     14   35   56   79   35   14   56   79                       -0.00613560589778102371                                                    
om     15   29   59   70   29   15   59   70                        0.00644133553411673204                                                    
op     12   35   56   79   35   12   56   79                       -0.00617420466732411435                                                    
op     10   23   54   67   23   10   54   67                       -0.01066906143614271794                                                    
op     12   24   56   68   24   12   56   68                       -0.01351047981179543875                                                    
a_ia   56   79                                                     -0.00101223424638275457                                                    
op     12   40   59   84   40   12   59   84                        0.00624959564614506555                                                    
mvp2   15   35   59   70   35   15   59   70                        0.00818922777889588560   -0.00012242345507839188                          
a_ia   59   70                                                     -0.00100498950832814018                                                    
mvp2   12   35   59   79   35   12   59   79                        0.00775361066818387734    0.00061694851651767789                          
a_ia   12   35                                                     -0.00079030958977526855                                                    
op     10   23   57   67   23   10   57   67                        0.00738358750165211790                                                    
om     14   35   58   79   35   14   58   79                       -0.01006158870077325518                                                    
mvp2   14   35   59   79   35   14   59   79                        0.01040768963180278839    0.00009080417545608507                          
a_ia   14   35                                                     -0.00070361692965722935                                                    
mvp2   14   35   59   70   35   14   59   70                       -0.00679365872606246032   -0.00002361933806453419                          
mvp2   12   28   59   70   28   12   59   70                        0.00674353221978643471    0.00044828346631773844                          
a_ia   12   28                                                      0.00150231135901094780                                                    
mvp2   15   26   59   79   26   15   59   79                        0.00811690226649826319    0.00002061076609057250                          
mvp2   15   35   58   79   35   15   58   79                        0.01032833512118056137   -0.00000331952649545738                          
