op     15   35   59   79   35   15   59   79                       -0.01392780045304094390                                                    
op     15   24   59   68   24   15   59   68                       -0.01209883955602247645                                                    
a_ia   15   35                                                      0.00085863168486258114                                                    
op     15   26   59   73   26   15   59   73                        0.00604706527467182686                                                    
om     15   34   59   79   34   15   59   79                       -0.00428426311164487473                                                    
om     15   35   56   79   35   15   56   79                        0.00808154003326801498                                                    
op     15   40   59   84   40   15   59   84                       -0.00608329570447862546                                                    
op     15   29   59   79   29   15   59   79                       -0.00512470740881661516                                                    
op     14   35   56   79   35   14   56   79                       -0.00581384455698508162                                                    
om     15   29   59   70   29   15   59   70                        0.00673030268426792408                                                    
op     12   35   56   79   35   12   56   79                       -0.00600622707280156539                                                    
op     10   23   54   67   23   10   54   67                       -0.01036065696911802128                                                    
op     12   24   56   68   24   12   56   68                       -0.01350496441756941779                                                    
a_ia   56   79                                                     -0.00108075993019988255                                                    
op     12   40   59   84   40   12   59   84                        0.00627927819680644018                                                    
mvp2   15   35   59   70   35   15   59   70                        0.00806965411253251705   -0.00002653459690704305                          
a_ia   59   70                                                     -0.00112569679729381976                                                    
