op     15   35   59   79   35   15   59   79                       -0.01437379403486688419                                                    
op     15   24   59   68   24   15   59   68                       -0.01210307194551075126                                                    
a_ia   15   35                                                      0.00076885131718564133                                                    
op     15   26   59   73   26   15   59   73                        0.00609275550228791356                                                    
om     15   34   59   79   34   15   59   79                       -0.00430836269618154171                                                    
om     15   35   56   79   35   15   56   79                        0.00790748164191254661                                                    
op     15   40   59   84   40   15   59   84                       -0.00610967876753563260                                                    
op     15   29   59   79   29   15   59   79                       -0.00531111440556786187                                                    
op     14   35   56   79   35   14   56   79                       -0.00613393746093493595                                                    
om     15   29   59   70   29   15   59   70                        0.00645728002858463827                                                    
op     12   35   56   79   35   12   56   79                       -0.00613690564489291143                                                    
op     10   23   54   67   23   10   54   67                       -0.01067331058577639276                                                    
op     12   24   56   68   24   12   56   68                       -0.01350413958646472061                                                    
a_ia   56   79                                                     -0.00105676499161766794                                                    
op     12   40   59   84   40   12   59   84                        0.00625310062139745274                                                    
mvp2   15   35   59   70   35   15   59   70                        0.00821649796709086888   -0.00006332280427596972                          
a_ia   59   70                                                     -0.00099797897780478663                                                    
mvp2   12   35   59   79   35   12   59   79                        0.00782271081743681450    0.00022513823501022997                          
a_ia   12   35                                                     -0.00075028830113420860                                                    
op     10   23   57   67   23   10   57   67                        0.00738394481832024049                                                    
om     14   35   58   79   35   14   58   79                       -0.00972482042221758936                                                    
mvp2   14   35   59   79   35   14   59   79                        0.01052416382848742928    0.00001898553330571006                          
a_ia   14   35                                                     -0.00063359785573943804                                                    
