op     15   35   59   79   35   15   59   79                       -0.01415993728183492610                                                    
op     15   24   59   68   24   15   59   68                       -0.01265853069038505065                                                    
a_ia   15   35                                                      0.00064058371174288231                                                    
op     15   26   59   73   26   15   59   73                        0.00620603156870236806                                                    
om     15   34   59   79   34   15   59   79                       -0.00431994981260932099                                                    
om     15   35   56   79   35   15   56   79                        0.00800607742846884234                                                    
op     15   40   59   84   40   15   59   84                       -0.00584973934824290030                                                    
op     15   29   59   79   29   15   59   79                       -0.00520701217528442978                                                    
op     14   35   56   79   35   14   56   79                       -0.00571853655555753463                                                    
om     15   29   59   70   29   15   59   70                        0.00631113967734734695                                                    
