op     15   35   59   79   35   15   59   79                       -0.01471651892547568702                                                    
op     15   24   59   68   24   15   59   68                       -0.01208907620929696933                                                    
a_ia   15   35                                                      0.00110165477670328988                                                    
op     15   26   59   73   26   15   59   73                        0.00623468346065496250                                                    
om     15   34   59   79   34   15   59   79                       -0.00435303248004195471                                                    
om     15   35   56   79   35   15   56   79                        0.00804965640112672090                                                    
op     15   40   59   84   40   15   59   84                       -0.00609943597775056568                                                    
op     15   29   59   79   29   15   59   79                       -0.00543924003993779236                                                    
op     14   35   56   79   35   14   56   79                       -0.00613984500710434544                                                    
om     15   29   59   70   29   15   59   70                        0.00643644782845354414                                                    
op     12   35   56   79   35   12   56   79                       -0.00602257174801700598                                                    
op     10   23   54   67   23   10   54   67                       -0.01066940564003572567                                                    
op     12   24   56   68   24   12   56   68                       -0.01333749980173872321                                                    
a_ia   56   79                                                     -0.00095975852651202431                                                    
op     12   40   59   84   40   12   59   84                        0.00624646092378123696                                                    
mvp2   15   35   59   70   35   15   59   70                        0.00818013687753862268   -0.00015915112353738045                          
a_ia   59   70                                                     -0.00102519112031476439                                                    
mvp2   12   35   59   79   35   12   59   79                        0.00776733227646538883    0.00085675156378192088                          
a_ia   12   35                                                     -0.00088528679011086475                                                    
op     10   23   57   67   23   10   57   67                        0.00738332303221546794                                                    
om     14   35   58   79   35   14   58   79                       -0.01003720163729794959                                                    
mvp2   14   35   59   79   35   14   59   79                        0.01043122541091923497    0.00013672424159662120                          
a_ia   14   35                                                     -0.00070084078357398379                                                    
mvp2   14   35   59   70   35   14   59   70                       -0.00679630073023422716   -0.00004525684590416222                          
mvp2   12   28   59   70   28   12   59   70                        0.00685625217098951960    0.00073047951729974300                          
a_ia   12   28                                                      0.00171898341292116914                                                    
mvp2   15   26   59   79   26   15   59   79                        0.00836820153500588207    0.00007149236795364223                          
mvp2   15   35   58   79   35   15   58   79                        0.01030636809042585582   -0.00001494908995797583                          
mvp2   12   28   56   72   28   12   56   72                       -0.01381838123910685869    0.00005053911201851671                          
mvp2   15   26   58   79   26   15   58   79                       -0.00684492949344834862    0.00004628529970468068                          
a_ia   15   26                                                     -0.00163256931313354790                                                    
a_ia   58   79                                                      0.00000000000000000000                                                    
a_ia   58   79                                                     -0.00041279550576311491                                                    
