op     15   35   59   79   35   15   59   79                       -0.01872788067898699393                                                    
op     15   24   59   68   24   15   59   68                       -0.01302623241969918036                                                    
a_ia   15   35                                                      0.00158324751605385186                                                    
op     15   26   59   73   26   15   59   73                        0.00417938145423471259                                                    
om     15   34   59   79   34   15   59   79                       -0.00313224566908790235                                                    
om     15   35   56   79   35   15   56   79                        0.01044734153203789873                                                    
op     15   40   59   84   40   15   59   84                       -0.00716771662969144154                                                    
op     15   29   59   79   29   15   59   79                       -0.00647060757620059480                                                    
op     14   35   56   79   35   14   56   79                       -0.00677727066195239064                                                    
om     15   29   59   70   29   15   59   70                        0.00680632181707159414                                                    
op     12   35   56   79   35   12   56   79                       -0.00504504839818919852                                                    
op     10   23   54   67   23   10   54   67                       -0.01067013505538283100                                                    
op     12   24   56   68   24   12   56   68                       -0.01188388619136430957                                                    
a_ia   56   79                                                     -0.00113265636230431080                                                    
op     12   40   59   84   40   12   59   84                        0.00521217643827422833                                                    
mvp2   15   35   59   70   35   15   59   70                        0.00973349861190002386   -0.00019879880185889691                          
a_ia   59   70                                                     -0.00122974420860104709                                                    
mvp2   12   35   59   79   35   12   59   79                        0.00680426426479500100    0.00093197103208164894                          
a_ia   12   35                                                     -0.00092862421764124895                                                    
op     10   23   57   67   23   10   57   67                        0.00738305580954934197                                                    
om     14   35   58   79   35   14   58   79                       -0.01100388797754677309                                                    
mvp2   14   35   59   79   35   14   59   79                        0.01226009925926322026    0.00015850436729301557                          
a_ia   14   35                                                     -0.00070206051063365288                                                    
mvp2   14   35   59   70   35   14   59   70                       -0.00803138985660133489   -0.00006286061111443203                          
mvp2   12   28   59   70   28   12   59   70                        0.00632199392824162824    0.00087946257505040293                          
a_ia   12   28                                                      0.00168867335977279111                                                    
mvp2   15   26   59   79   26   15   59   79                        0.00622762968971392415    0.00009473821106821576                          
mvp2   15   35   58   79   35   15   58   79                        0.01352023599630559729   -0.00000841302642094343                          
mvp2   12   28   56   72   28   12   56   72                       -0.01367244585439322466    0.00007282739678414425                          
mvp2   15   26   58   79   26   15   58   79                       -0.00454653016074297624    0.00003256116855363007                          
a_ia   15   26                                                     -0.00131249015118729893                                                    
a_ia   58   79                                                     -0.00006277971466792417                                                    
a_ia   58   79                                                     -0.00047557522043103914                                                    
a_ia   59   72                                                     -0.00104272673424519731                                                    
a_ia   56   72                                                      0.00158767545209075544                                                    
mvp2   15   26   56   72   26   15   56   72                        0.00478800636307701900   -0.09629291794302058394                          
op     14   24   58   68   24   14   58   68                       -0.00610983794138930062                                                    
op     15   40   56   84   40   15   56   84                        0.00730541341675624428                                                    
a_ia   12   15                                                      0.14876756190447409933                                                    
op     12   33   56   77   33   12   56   77                       -0.00552579719642268870                                                    
a_ia   12   34                                                      0.00074730748246925216                                                    
mvp2   15   35   59   72   35   15   59   72                        0.00564174445464458302    0.14438310601396778243                          
mvp2   12   26   56   70   26   12   56   70                       -0.00580819882001696198    0.51414479020315873026                          
mvp2   15   35   59   73   35   15   59   73                       -0.00300872484510226416    0.10987741329282006697                          
mvp3   12   34   15   35   12   15   35   34   12   15   34   35   -0.00470832885891234437   -0.21264056770777389760   -0.16555032547741460602
a_ia   26   35                                                      0.24355524042950887909                                                    
a_ia   56   70                                                      0.00091523571562411241                                                    
op     14   25   58   69   25   14   58   69                       -0.00638837405874173939                                                    
mvp2   15   26   59   70   26   15   59   70                       -0.01244636393677476041   -0.00884192655504419979                          
a_ia   73   79                                                     -0.22668790070188332697                                                    
op     12   30   56   74   30   12   56   74                       -0.00622407507306537312                                                    
a_ia   12   27                                                      0.00136538542233779515                                                    
mvp2   15   35   56   70   35   15   56   70                       -0.00442823650869514536   -0.04046779236296499382                          
mvp2   14   28   58   72   28   14   58   72                       -0.00730076313309207733   -1.20622892434488604430                          
a_ia   58   72                                                      0.00091987118537518347                                                    
op     14   30   58   74   30   14   58   74                       -0.00775804801142008713                                                    
a_ia   72   79                                                      0.23969598050679802315                                                    
