op     15   35   59   79   35   15   59   79                       -0.01417702112178616247                                                    
op     15   24   59   68   24   15   59   68                       -0.01210688488466473388                                                    
a_ia   15   35                                                      0.00083523768464366453                                                    
op     15   26   59   73   26   15   59   73                        0.00609680436004412726                                                    
om     15   34   59   79   34   15   59   79                       -0.00432769308840892219                                                    
om     15   35   56   79   35   15   56   79                        0.00792070780405969462                                                    
op     15   40   59   84   40   15   59   84                       -0.00611439725570262979                                                    
op     15   29   59   79   29   15   59   79                       -0.00530990774163761243                                                    
op     14   35   56   79   35   14   56   79                       -0.00583475899422556885                                                    
om     15   29   59   70   29   15   59   70                        0.00646036352847049848                                                    
op     12   35   56   79   35   12   56   79                       -0.00619692730326985766                                                    
op     10   23   54   67   23   10   54   67                       -0.01054360060106636354                                                    
op     12   24   56   68   24   12   56   68                       -0.01350375044798941826                                                    
a_ia   56   79                                                     -0.00109610317184083189                                                    
op     12   40   59   84   40   12   59   84                        0.00624320632871440406                                                    
mvp2   15   35   59   70   35   15   59   70                        0.00812659605196545606   -0.00004692508131925348                          
a_ia   59   70                                                     -0.00094947175429342656                                                    
mvp2   12   35   59   79   35   12   59   79                        0.00774113090100550950    0.00012674060028539737                          
a_ia   12   35                                                     -0.00090737379309146116                                                    
op     10   23   57   67   23   10   57   67                        0.00736429582404935987                                                    
om     14   35   58   79   35   14   58   79                       -0.00942799753164044047                                                    
