op     15   35   59   79   35   15   59   79                       -0.01577867050855668793                                                    
op     15   24   59   68   24   15   59   68                       -0.01295810210937186485                                                    
a_ia   15   35                                                      0.00109259642564949475                                                    
op     15   26   59   73   26   15   59   73                        0.00658155952046273005                                                    
om     15   34   59   79   34   15   59   79                       -0.00387838503967229044                                                    
om     15   35   56   79   35   15   56   79                        0.00883140349460267635                                                    
op     15   40   59   84   40   15   59   84                       -0.00718351392822846272                                                    
op     15   29   59   79   29   15   59   79                       -0.00558862545180320580                                                    
op     14   35   56   79   35   14   56   79                       -0.00612538553081345104                                                    
om     15   29   59   70   29   15   59   70                        0.00651731273837513440                                                    
op     12   35   56   79   35   12   56   79                       -0.00475047414946508373                                                    
op     10   23   54   67   23   10   54   67                       -0.01066951396705436740                                                    
op     12   24   56   68   24   12   56   68                       -0.01214306991086814592                                                    
a_ia   56   79                                                     -0.00094633204803171742                                                    
op     12   40   59   84   40   12   59   84                        0.00527773023000704250                                                    
mvp2   15   35   59   70   35   15   59   70                        0.00885684127220685152   -0.00016770159267155848                          
a_ia   59   70                                                     -0.00102421181481796085                                                    
mvp2   12   35   59   79   35   12   59   79                        0.00541048786687846252    0.00090842973068353493                          
a_ia   12   35                                                     -0.00075904124031843563                                                    
op     10   23   57   67   23   10   57   67                        0.00738303238685691053                                                    
om     14   35   58   79   35   14   58   79                       -0.01005814394320272975                                                    
mvp2   14   35   59   79   35   14   59   79                        0.01041637898525988974    0.00014192566393681625                          
a_ia   14   35                                                     -0.00062629083600335915                                                    
mvp2   14   35   59   70   35   14   59   70                       -0.00680110288856363224   -0.00004989361528298287                          
mvp2   12   28   59   70   28   12   59   70                        0.00627462259653156513    0.00079522077817932796                          
a_ia   12   28                                                      0.00161761127848635369                                                    
mvp2   15   26   59   79   26   15   59   79                        0.00905092881680362449    0.00009093771983547415                          
mvp2   15   35   58   79   35   15   58   79                        0.01121946229096638763   -0.00001675842204913516                          
mvp2   12   28   56   72   28   12   56   72                       -0.01354114644436614501    0.00004778087106362435                          
mvp2   15   26   58   79   26   15   58   79                       -0.00732472685805234808    0.00005200821787956162                          
a_ia   15   26                                                     -0.00149187316896656026                                                    
a_ia   58   79                                                     -0.00003319446854006115                                                    
a_ia   58   79                                                     -0.00044598997430317610                                                    
a_ia   59   72                                                     -0.00075004725316100854                                                    
a_ia   56   72                                                      0.00154171234755726334                                                    
mvp2   15   26   56   72   26   15   56   72                        0.00667167611266072762   -0.09624375770892273918                          
op     14   24   58   68   24   14   58   68                       -0.00622477596631696058                                                    
op     15   40   56   84   40   15   56   84                        0.00731320445578989044                                                    
a_ia   12   15                                                      0.14847460272579185436                                                    
op     12   33   56   77   33   12   56   77                       -0.00562459305209265115                                                    
a_ia   12   34                                                      0.00067117494982809809                                                    
