Energy (SCF): -399.227503444

--------------------------------------------------------------------------------
CEO-ADAPT-VQE iteration: 1
--------------------------------------------------------------------------------
    gate        derivative      name       op1       op2       op3        g_unscaled   penalty
  114548        0.00302938        op      2976      2977                  0.07573444        25
  114549        0.00302938        om      2976      2977                  0.07573444        25
    2976        0.00184718    a_iajb      2976                            0.07573444        41
  114418        0.00163333        op      2846      2847                  0.06696634        41
  114419        0.00163333        om      2846      2847                  0.06696634        41
  114350        0.00160458        op      2778      2779                  0.07862420        49
  114351        0.00160458        om      2778      2779                  0.07862420        49
  114210        0.00145385        op      2638      2639                  0.10613123        73
  114211        0.00145385        om      2638      2639                  0.10613123        73
  114214        0.00143498        op      2642      2643                  0.12771342        89

  ==> Add operator: op -1: 2976 2977
  ==> Current qubit order: 0  1  2  3  4  5  6  7  8  9  10  11  12  13  14  15  16  17  18  19  20  21  22  23  24  25  26  27  28  29  30  31  32  33  34  35  36  37  38  39  40  41  42  43  44  45  46  47  48  49  50  51  52  53  54  55  56  57  58  59  60  61  62  63  64  65  66  67  68  69  70  71  72  73  74  75  76  77  78  79  80  81  82  83  84  85  86  87  88  89  90  91  92  93  94  95  96  97  98  99  100  101  102  103  104  105  106  107  108  109  110  111  112  113  114  115  116  117  118  119  120  121  122  123  124  125  126  127  


  ==> Energy                -399.231135684
  ==> dE                       -3.63e-03
  ==> Gradient Norm             8.42e-01
  ==> Abs. Max. Deriv.          1.28e-01
  ==> Time-Grad. (s)             892.223
  ==> Time-Energy (s)             26.242
  ==> Time-Iter. (s)             918.722

--------------------------------------------------------------------------------
CEO-ADAPT-VQE iteration: 2
--------------------------------------------------------------------------------
    gate        derivative      name       op1       op2       op3        g_unscaled   penalty
  239202        0.00145385        op     97213     97214                  0.10613123        73
  239203        0.00145385        om     97213     97214                  0.10613123        73
  239208        0.00143498        op     97219     97220                  0.12771342        89
  239209        0.00143498        om     97219     97220                  0.12771342        89
  242714        0.00143110        op     99945     99946                  0.07012395        49
  242715        0.00143110        om     99945     99946                  0.07012395        49
  244204        0.00134121        op    101099    101100                  0.05498967        41
  244205        0.00134121        om    101099    101100                  0.05498967        41
  234764        0.00130734        op     93840     93841                  0.11635313        89
  234765        0.00130734        om     93840     93841                  0.11635313        89

  ==> Add operator: op -1: 97213 97214
  ==> Current qubit order: 0  1  2  3  4  5  6  7  8  9  10  11  12  13  14  15  16  17  18  19  20  21  22  23  24  25  26  27  28  29  30  31  32  33  34  35  36  37  38  39  40  41  42  43  44  45  46  47  48  49  50  51  54  55  56  57  58  59  60  52  53  66  67  61  62  63  64  65  68  69  70  71  72  73  74  75  76  77  78  79  80  81  82  83  84  85  86  87  88  89  90  91  92  93  94  95  96  97  98  99  100  101  102  103  104  105  106  107  108  109  110  111  112  113  114  115  116  117  118  119  120  121  122  123  124  125  126  127  


  ==> Energy                -399.234283447
  ==> dE                       -3.15e-03
  ==> Gradient Norm             8.12e-01
  ==> Abs. Max. Deriv.          1.28e-01
  ==> Time-Grad. (s)             906.406
  ==> Time-Energy (s)             38.862
  ==> Time-Iter. (s)             949.403

--------------------------------------------------------------------------------
CEO-ADAPT-VQE iteration: 3
--------------------------------------------------------------------------------
    gate        derivative      name       op1       op2       op3        g_unscaled   penalty
  248295       -0.00037659        op    103598    103600                 -0.02824407        75
  248296       -0.00037659        op    103598    103600                 -0.02824407        75
  248291       -0.00037659        op    103598    103599                 -0.02824405        75
  248292       -0.00037659        op    103598    103599                 -0.02824405        75
  103598       -0.00031037    a_iajb    103598                           -0.02824405        91
  212227        0.00029985        op     76201     76202                  0.07706036       257
  212228        0.00029985        om     76201     76202                  0.07706036       257
   76201        0.00028227    a_iajb     76201                            0.07706036       273
  249171        0.00026798        op    104259    104260                  0.02599451        97
  249172        0.00026798        om    104259    104260                  0.02599451        97

  ==> Add operator: op -1: 103598 103600
  ==> Current qubit order: 0  1  2  3  4  5  6  7  8  9  10  11  12  13  14  15  16  17  18  19  20  21  22  23  24  25  26  27  28  29  30  31  32  33  34  35  36  37  38  39  40  41  42  43  44  45  46  47  49  50  51  54  55  56  57  58  59  60  52  48  66  62  72  53  67  61  63  64  65  68  69  70  71  73  74  75  76  77  78  79  80  81  82  83  84  85  86  87  88  89  90  91  92  93  94  95  96  97  98  99  100  101  102  103  104  105  106  107  108  109  110  111  112  113  114  115  116  117  118  119  120  121  122  123  124  125  126  127  


  ==> Energy                -399.234538229
  ==> dE                       -2.55e-04
  ==> Gradient Norm             5.39e-01
  ==> Abs. Max. Deriv.          1.09e-01
  ==> Time-Grad. (s)             914.863
  ==> Time-Energy (s)             30.929
  ==> Time-Iter. (s)             949.646

--------------------------------------------------------------------------------
CEO-ADAPT-VQE iteration: 4
--------------------------------------------------------------------------------
    gate        derivative      name       op1       op2       op3        g_unscaled   penalty
  248119        0.00023799        op    103465    103466                  0.02022957        85
  248120        0.00023799        om    103465    103466                  0.02022957        85
  147499        0.00022632        op     27262     27263                  0.10886041       481
  147500        0.00022632        om     27262     27263                  0.10886041       481
   27262        0.00021904    a_iajb     27262                            0.10886041       497
  163509        0.00020819        op     39390     39391                  0.06682740       321
  163510        0.00020819        om     39390     39391                  0.06682740       321
  103465        0.00020029    a_iajb    103465                            0.02022957       101
   39390        0.00019830    a_iajb     39390                            0.06682740       337
  161452       -0.00019263        om     37785     37786                 -0.03717760       193

  ==> Add operator: op -1: 103465 103466
  ==> Current qubit order: 0  1  2  3  4  5  6  7  8  9  10  11  12  13  14  15  16  17  18  19  20  21  22  23  24  25  26  27  28  29  30  31  32  33  34  35  36  37  38  39  40  41  42  43  44  45  46  47  49  50  54  55  56  57  58  59  60  52  66  62  72  51  48  70  71  53  67  61  63  64  65  68  69  73  74  75  76  77  78  79  80  81  82  83  84  85  86  87  88  89  90  91  92  93  94  95  96  97  98  99  100  101  102  103  104  105  106  107  108  109  110  111  112  113  114  115  116  117  118  119  120  121  122  123  124  125  126  127  


  ==> Energy                -399.234642970
  ==> dE                       -1.05e-04
  ==> Gradient Norm             4.70e-01
  ==> Abs. Max. Deriv.          1.09e-01
  ==> Time-Grad. (s)             901.772
  ==> Time-Energy (s)             31.412
  ==> Time-Iter. (s)             936.818

--------------------------------------------------------------------------------
CEO-ADAPT-VQE iteration: 5
--------------------------------------------------------------------------------
    gate        derivative      name       op1       op2       op3        g_unscaled   penalty
  156460        0.00022632        op     34151     34152                  0.10886041       481
  156461        0.00022632        om     34151     34152                  0.10886041       481
  244088       -0.00022586        op    100731    100732                 -0.04584899       203
   34151        0.00021904    a_iajb     34151                            0.10886041       497
  176538        0.00020819        op     49366     49367                  0.06682740       321
  176539        0.00020819        om     49366     49367                  0.06682740       321
  244089       -0.00020331        om    100731    100732                 -0.04127196       203
  100731       -0.00019891    a_iajb    100731                           -0.04356048       219
   49366        0.00019830    a_iajb     49366                            0.06682740       337
  173895       -0.00019465        om     47331     47332                 -0.03717779       191

  ==> Add operator: op -1: 34151 34152
  ==> Current qubit order: 0  1  2  3  6  7  8  9  10  11  12  13  14  15  16  17  18  19  20  21  22  23  24  25  26  27  28  29  30  31  32  33  34  35  36  37  38  39  40  41  42  43  44  45  46  47  49  50  54  55  56  57  58  59  60  52  66  62  72  51  4  5  120  121  48  70  71  53  67  61  63  64  65  68  69  73  74  75  76  77  78  79  80  81  82  83  84  85  86  87  88  89  90  91  92  93  94  95  96  97  98  99  100  101  102  103  104  105  106  107  108  109  110  111  112  113  114  115  116  117  118  119  122  123  124  125  126  127  


  ==> Energy                -399.235255622
  ==> dE                       -6.13e-04
  ==> Gradient Norm             4.58e-01
  ==> Abs. Max. Deriv.          1.09e-01
  ==> Time-Grad. (s)             939.674
  ==> Time-Energy (s)             34.258
  ==> Time-Iter. (s)             977.792

--------------------------------------------------------------------------------
CEO-ADAPT-VQE iteration: 6
--------------------------------------------------------------------------------
    gate        derivative      name       op1       op2       op3        g_unscaled   penalty
  165035        0.00087360        op     40589     40590                  0.03232329        37
  165036        0.00087360        om     40589     40590                  0.03232329        37
   40589        0.00060987    a_iajb     40589                            0.03232329        53
  244219        0.00051450        op    100750    100751                  0.03858758        75
  244220        0.00051450        op    100750    100751                  0.03858758        75
  186190       -0.00049564        om     56589     56590                 -0.03717311        75
  244223        0.00048008        op    100750    100752                  0.03600565        75
  244224        0.00048008        op    100750    100752                  0.03600565        75
  186189       -0.00046218        op     56589     56590                 -0.03466383        75
  165033        0.00046146        op     40587     40588                  0.03184078        69

  ==> Add operator: op -1: 40589 40590
  ==> Current qubit order: 0  1  2  3  6  7  8  9  10  11  12  13  14  15  16  17  18  19  20  21  22  23  24  25  26  27  28  29  30  31  32  33  34  35  36  37  38  39  40  41  42  43  44  45  46  47  49  50  54  55  56  57  58  59  60  52  66  62  72  51  120  4  5  70  71  121  48  53  67  61  63  64  65  68  69  73  74  75  76  77  78  79  80  81  82  83  84  85  86  87  88  89  90  91  92  93  94  95  96  97  98  99  100  101  102  103  104  105  106  107  108  109  110  111  112  113  114  115  116  117  118  119  122  123  124  125  126  127  


  ==> Energy                -399.235358902
  ==> dE                       -1.03e-04
  ==> Gradient Norm             4.36e-01
  ==> Abs. Max. Deriv.          6.68e-02
  ==> Time-Grad. (s)             911.799
  ==> Time-Energy (s)             35.034
  ==> Time-Iter. (s)             950.483

--------------------------------------------------------------------------------
CEO-ADAPT-VQE iteration: 7
--------------------------------------------------------------------------------
    gate        derivative      name       op1       op2       op3        g_unscaled   penalty
  173897        0.00048793        op     47313     47314                  0.03171536        65
  173898        0.00048793        om     47313     47314                  0.03171536        65
  173905        0.00041514        op     47321     47322                  0.03196558        77
  173906        0.00041514        om     47321     47322                  0.03196558        77
  173891        0.00041462        op     47307     47308                  0.02114575        51
  173892        0.00041462        om     47307     47308                  0.02114575        51
  173911        0.00040706        op     47327     47328                  0.03785643        93
  173912        0.00040706        om     47327     47328                  0.03785643        93
   47313        0.00039155    a_iajb     47313                            0.03171536        81
  249699       -0.00037329        op    104773    104774                 -0.02874304        77

  ==> Add operator: op -1: 47313 47314
  ==> Current qubit order: 0  1  2  3  6  7  8  9  10  11  12  13  14  15  16  17  18  19  20  21  22  23  24  25  26  27  28  29  30  31  32  33  34  35  36  37  38  39  40  41  42  43  44  45  46  47  49  50  54  55  56  57  58  59  60  52  66  62  72  51  120  70  71  121  48  53  67  4  5  68  69  61  63  64  65  73  74  75  76  77  78  79  80  81  82  83  84  85  86  87  88  89  90  91  92  93  94  95  96  97  98  99  100  101  102  103  104  105  106  107  108  109  110  111  112  113  114  115  116  117  118  119  122  123  124  125  126  127  


  ==> Energy                -399.235461093
  ==> dE                       -1.02e-04
  ==> Gradient Norm             3.78e-01
  ==> Abs. Max. Deriv.          5.77e-02
  ==> Time-Grad. (s)             915.873
  ==> Time-Energy (s)             35.586
  ==> Time-Iter. (s)             955.460

--------------------------------------------------------------------------------
CEO-ADAPT-VQE iteration: 8
--------------------------------------------------------------------------------
    gate        derivative      name       op1       op2       op3        g_unscaled   penalty
  195914       -0.00075881        op     63749     63750                 -0.03718174        49
  195915       -0.00070760        om     63749     63750                 -0.03467259        49
  183204        0.00060040        op     54138     54139                  0.03182139        53
  183205        0.00060040        om     54138     54139                  0.03182139        53
   63749       -0.00055273    a_iajb     63749                           -0.03592717        65
  183210        0.00054646        op     54144     54145                  0.03770608        69
  183211        0.00054646        om     54144     54145                  0.03770608        69
   54138        0.00046118    a_iajb     54138                            0.03182139        69
   54144        0.00044360    a_iajb     54144                            0.03770608        85
  183182        0.00038260        op     54116     54117                  0.02104291        55

  ==> Add operator: mvp2 -1: 63749 63750
  ==> Current qubit order: 0  1  2  3  6  7  8  9  10  11  12  13  14  15  16  17  18  19  20  21  22  23  24  25  26  27  28  29  30  31  32  33  34  35  36  37  38  39  40  41  42  43  44  45  46  47  49  50  54  55  56  57  58  59  60  52  66  62  72  51  120  70  71  121  48  53  67  4  74  5  68  69  61  63  64  65  73  75  76  77  78  79  80  81  82  83  84  85  86  87  88  89  90  91  92  93  94  95  96  97  98  99  100  101  102  103  104  105  106  107  108  109  110  111  112  113  114  115  116  117  118  119  122  123  124  125  126  127  


  ==> Energy                -399.235691149
  ==> dE                       -2.30e-04
  ==> Gradient Norm             3.72e-01
  ==> Abs. Max. Deriv.          5.77e-02
  ==> Time-Grad. (s)             921.964
  ==> Time-Energy (s)            152.573
  ==> Time-Iter. (s)            1078.197

--------------------------------------------------------------------------------
CEO-ADAPT-VQE iteration: 9
--------------------------------------------------------------------------------
    gate        derivative      name       op1       op2       op3        g_unscaled   penalty
  192214        0.00082080        om     60962     60963                  0.03201118        39
  192213        0.00080052        op     60962     60963                  0.03122028        39
  192221        0.00063732        op     60970     60971                  0.04524990        71
  192222        0.00063732        om     60970     60971                  0.04524990        71
   60962        0.00057483    a_iajb     60962                            0.03161573        55
  192219        0.00056274        op     60968     60969                  0.03770376        67
  192220        0.00056274        om     60968     60969                  0.03770376        67
   60970        0.00052011    a_iajb     60970                            0.04524990        87
   60968        0.00045426    a_iajb     60968                            0.03770376        83
  192187        0.00037792        op     60936     60937                  0.02154138        57

  ==> Add operator: mvp2 -1: 60962 60963
  ==> Current qubit order: 0  1  2  3  6  7  8  9  10  11  12  13  14  15  16  17  18  19  20  21  22  23  24  25  26  27  28  29  30  31  32  33  34  35  36  37  38  39  40  41  42  43  44  45  46  47  49  50  54  55  56  57  58  59  60  52  66  62  72  51  120  70  71  121  48  53  67  4  74  5  75  68  69  61  63  64  65  73  76  77  78  79  80  81  82  83  84  85  86  87  88  89  90  91  92  93  94  95  96  97  98  99  100  101  102  103  104  105  106  107  108  109  110  111  112  113  114  115  116  117  118  119  122  123  124  125  126  127  


  ==> Energy                -399.235776061
  ==> dE                       -8.49e-05
  ==> Gradient Norm             3.73e-01
  ==> Abs. Max. Deriv.          6.63e-02
  ==> Time-Grad. (s)             914.784
  ==> Time-Energy (s)             36.477
  ==> Time-Iter. (s)             955.028

--------------------------------------------------------------------------------
CEO-ADAPT-VQE iteration: 10
--------------------------------------------------------------------------------
    gate        derivative      name       op1       op2       op3        g_unscaled   penalty
  250277        0.00032233        op    105088    105089                  0.05511784       171
  250278        0.00032233        om    105088    105089                  0.05511784       171
  158103       -0.00031738        op     35378     35379                 -0.06633163       209
  158104       -0.00031738        om     35378     35379                 -0.06633163       209
   35378       -0.00029481    a_iajb     35378                           -0.06633163       225
  105088        0.00029475    a_iajb    105088                            0.05511784       187
  195561        0.00027397        op     63512     63513                  0.02547890        93
  195562        0.00027397        om     63512     63513                  0.02547890        93
  195297        0.00025420        op     63314     63315                  0.02618270       103
  195298        0.00025420        om     63314     63315                  0.02618270       103

  ==> Add operator: op -1: 105088 105089
  ==> Current qubit order: 0  1  2  3  6  7  8  9  10  11  12  13  14  15  16  17  18  19  20  21  22  23  24  25  26  27  28  29  30  31  32  33  34  35  36  37  38  39  40  41  42  43  44  45  46  47  49  50  54  55  56  57  58  59  60  66  62  72  51  120  70  71  121  48  67  4  74  5  75  68  69  61  63  64  65  73  76  52  53  96  97  77  78  79  80  81  82  83  84  85  86  87  88  89  90  91  92  93  94  95  98  99  100  101  102  103  104  105  106  107  108  109  110  111  112  113  114  115  116  117  118  119  122  123  124  125  126  127  


  ==> Energy                -399.236120318
  ==> dE                       -3.44e-04
  ==> Gradient Norm             3.52e-01
  ==> Abs. Max. Deriv.          6.63e-02
  ==> Time-Grad. (s)             921.006
  ==> Time-Energy (s)             37.138
  ==> Time-Iter. (s)             961.931

--------------------------------------------------------------------------------
CEO-ADAPT-VQE iteration: 11
--------------------------------------------------------------------------------
    gate        derivative      name       op1       op2       op3        g_unscaled   penalty
  249073        0.00046860        op    104020    104021                  0.03420757        73
  249074        0.00046860        om    104020    104021                  0.03420757        73
  250148        0.00042239        om    104836    104837                  0.03759307        89
  250147        0.00042239        op    104836    104837                  0.03759306        89
  104020        0.00038435    a_iajb    104020                            0.03420757        89
  104836        0.00035803    a_iajb    104836                            0.03759307       105
  162599       -0.00033658        op     38807     38808                 -0.06630677       197
  162600       -0.00033658        om     38807     38808                 -0.06630677       197
   38807       -0.00031130    a_iajb     38807                           -0.06630677       213
  244193        0.00029379        op    100325    100326                  0.04259901       145

  ==> Add operator: op -1: 104020 104021
  ==> Current qubit order: 0  1  2  3  6  7  8  9  10  11  12  13  14  15  16  17  18  19  20  21  22  23  24  25  26  27  28  29  30  31  32  33  34  35  36  37  38  39  40  41  42  43  44  45  46  47  54  55  56  57  58  59  60  49  50  72  67  66  62  51  120  70  71  121  48  4  74  5  75  68  69  61  63  64  65  73  76  52  53  96  97  77  78  79  80  81  82  83  84  85  86  87  88  89  90  91  92  93  94  95  98  99  100  101  102  103  104  105  106  107  108  109  110  111  112  113  114  115  116  117  118  119  122  123  124  125  126  127  


  ==> Energy                -399.236411863
  ==> dE                       -2.92e-04
  ==> Gradient Norm             3.57e-01
  ==> Abs. Max. Deriv.          6.63e-02
  ==> Time-Grad. (s)             910.761
  ==> Time-Energy (s)             62.047
  ==> Time-Iter. (s)             976.337

--------------------------------------------------------------------------------
CEO-ADAPT-VQE iteration: 12
--------------------------------------------------------------------------------
    gate        derivative      name       op1       op2       op3        g_unscaled   penalty
  249152        0.00166360        op    104381    104382                  0.11478810        69
  249153        0.00166360        om    104381    104382                  0.11478810        69
  104381        0.00135045    a_iajb    104381                            0.11478810        85
  253862        0.00049496        op    107978    107979                  0.02920243        59
  253863        0.00049496        om    107978    107979                  0.02920243        59
  107978        0.00038937    a_iajb    107978                            0.02920243        75
  166944       -0.00032348        op     42219     42220                 -0.06631254       205
  166945       -0.00032348        om     42219     42220                 -0.06631254       205
   42219       -0.00030006    a_iajb     42219                           -0.06631254       221
  248198       -0.00026580        op    103639    103641                 -0.02259305        85

  ==> Add operator: op -1: 104381 104382
  ==> Current qubit order: 0  1  2  3  6  7  8  9  10  11  12  13  14  15  16  17  18  19  20  21  22  23  24  25  26  27  28  29  30  31  32  33  34  35  36  37  38  39  40  41  42  43  44  45  46  47  54  55  56  57  58  59  60  49  72  67  66  62  120  70  71  50  51  68  69  121  48  4  74  5  75  61  63  64  65  73  76  52  53  96  97  77  78  79  80  81  82  83  84  85  86  87  88  89  90  91  92  93  94  95  98  99  100  101  102  103  104  105  106  107  108  109  110  111  112  113  114  115  116  117  118  119  122  123  124  125  126  127  


  ==> Energy                -399.239850422
  ==> dE                       -3.44e-03
  ==> Gradient Norm             3.69e-01
  ==> Abs. Max. Deriv.          1.15e-01
  ==> Time-Grad. (s)             906.229
  ==> Time-Energy (s)             62.391
  ==> Time-Iter. (s)             972.909

--------------------------------------------------------------------------------
CEO-ADAPT-VQE iteration: 13
--------------------------------------------------------------------------------
    gate        derivative      name       op1       op2       op3        g_unscaled   penalty
  171829       -0.00031721        op     45804     45805                 -0.06629612       209
  171830       -0.00031721        om     45804     45805                 -0.06629612       209
   45804       -0.00029465    a_iajb     45804                           -0.06629612       225
  249109       -0.00020111        op    104021    104023                 -0.01709394        85
  249110       -0.00020111        op    104021    104023                 -0.01709394        85
  249105       -0.00019829        op    104021    104022                 -0.01685427        85
  249106       -0.00019829        op    104021    104022                 -0.01685427        85
  104021       -0.00016925    a_iajb    104021                           -0.01709394       101
  170367        0.00015597        op     44675     44676                  0.04414086       283
  170368        0.00015597        om     44675     44676                  0.04414086       283

  ==> Add operator: op -1: 45804 45805
  ==> Current qubit order: 0  1  3  6  7  8  9  10  11  12  13  14  15  16  17  18  19  20  21  22  23  24  25  26  27  28  29  30  31  32  33  34  35  36  37  38  39  40  41  42  43  44  45  46  47  54  2  120  121  5  55  56  57  58  59  60  49  72  67  66  62  70  71  50  51  68  69  48  4  74  75  61  63  64  65  73  76  52  53  96  97  77  78  79  80  81  82  83  84  85  86  87  88  89  90  91  92  93  94  95  98  99  100  101  102  103  104  105  106  107  108  109  110  111  112  113  114  115  116  117  118  119  122  123  124  125  126  127  


  ==> Energy                -399.240066555
  ==> dE                       -2.16e-04
  ==> Gradient Norm             3.20e-01
  ==> Abs. Max. Deriv.          6.63e-02
  ==> Time-Grad. (s)             907.732
  ==> Time-Energy (s)             63.301
  ==> Time-Iter. (s)             974.792

--------------------------------------------------------------------------------
CEO-ADAPT-VQE iteration: 14
--------------------------------------------------------------------------------
    gate        derivative      name       op1       op2       op3        g_unscaled   penalty
  243921        0.00046915        op    100329    100330                  0.05676732       121
  243922        0.00046915        om    100329    100330                  0.05676732       121
  100329        0.00041436    a_iajb    100329                            0.05676732       137
  194978       -0.00038085        om     63274     63275                 -0.02704004        71
  194977       -0.00037487        op     63274     63275                 -0.02661562        71
   63274       -0.00030837    a_iajb     63274                           -0.02682783        87
  250193       -0.00028240        op    105074    105075                 -0.01101367        39
  250194       -0.00028240        om    105074    105075                 -0.01101367        39
  174659        0.00023707        op     48044     48045                  0.03579831       151
  174660        0.00023707        om     48044     48045                  0.03579831       151

  ==> Add operator: op -1: 100329 100330
  ==> Current qubit order: 0  1  3  6  7  8  9  10  11  12  13  14  15  16  17  18  19  20  21  22  23  24  25  26  27  28  29  30  31  32  33  34  35  36  37  38  39  40  42  43  44  45  46  47  54  2  120  121  5  55  56  57  58  59  60  49  72  67  66  70  41  62  65  76  71  50  51  68  69  48  4  74  75  61  63  64  73  52  53  96  97  77  78  79  80  81  82  83  84  85  86  87  88  89  90  91  92  93  94  95  98  99  100  101  102  103  104  105  106  107  108  109  110  111  112  113  114  115  116  117  118  119  122  123  124  125  126  127  


  ==> Energy                -399.241010358
  ==> dE                       -9.44e-04
  ==> Gradient Norm             3.04e-01
  ==> Abs. Max. Deriv.          5.77e-02
  ==> Time-Grad. (s)             911.335
  ==> Time-Energy (s)             66.062
  ==> Time-Iter. (s)             981.112

--------------------------------------------------------------------------------
CEO-ADAPT-VQE iteration: 15
--------------------------------------------------------------------------------
    gate        derivative      name       op1       op2       op3        g_unscaled   penalty
  247706       -0.00073175        op    103161    103162                 -0.04756399        65
  247707       -0.00071240        om    103161    103162                 -0.04630617        65
  103161       -0.00057945    a_iajb    103161                           -0.04693508        81
  196893       -0.00041756        om     64839     64840                 -0.04467853       107
  196892       -0.00039015        op     64839     64840                 -0.04174594       107
   64839       -0.00035132    a_iajb     64839                           -0.04321223       123
  248366        0.00030682        op    103643    103645                  0.02608011        85
  248367        0.00030682        op    103643    103645                  0.02608011        85
     215        0.00030601      a_ia       215                            0.01101621        36
  244109       -0.00026772        om    100433    100434                 -0.02436292        91

  ==> Add operator: mvp2 -1: 103161 103162
  ==> Current qubit order: 0  1  3  6  7  8  9  10  11  12  13  14  15  16  17  18  19  20  21  22  23  24  25  26  27  28  29  30  31  32  33  34  35  36  37  38  39  40  42  43  44  45  46  47  54  2  120  121  5  55  56  57  58  59  60  72  66  41  49  67  70  48  62  65  76  71  50  51  68  69  4  74  75  61  63  64  73  52  53  96  97  77  78  79  80  81  82  83  84  85  86  87  88  89  90  91  92  93  94  95  98  99  100  101  102  103  104  105  106  107  108  109  110  111  112  113  114  115  116  117  118  119  122  123  124  125  126  127  


  ==> Energy                -399.241588245
  ==> dE                       -5.78e-04
  ==> Gradient Norm             3.14e-01
  ==> Abs. Max. Deriv.          5.77e-02
  ==> Time-Grad. (s)             917.839
  ==> Time-Energy (s)             72.480
  ==> Time-Iter. (s)             994.723

--------------------------------------------------------------------------------
CEO-ADAPT-VQE iteration: 16
--------------------------------------------------------------------------------
    gate        derivative      name       op1       op2       op3        g_unscaled   penalty
  249007        0.00058382        om    104487    104488                  0.04145144        71
  249006        0.00052434        op    104487    104488                  0.03722832        71
  194506       -0.00050488        op     63217     63218                 -0.04493474        89
  194507       -0.00046890        om     63217     63218                 -0.04173203        89
  104487        0.00045218    a_iajb    104487                            0.03933988        87
   63217       -0.00041270    a_iajb     63217                           -0.04333338       105
     229        0.00034118      a_ia       229                            0.01160007        34
     220       -0.00029889      a_ia       220                           -0.00239112         8
  182898        0.00023460        op     54468     54469                  0.03589358       153
  182899        0.00023460        om     54468     54469                  0.03589358       153

  ==> Add operator: mvp2 -1: 104487 104488
  ==> Current qubit order: 0  1  3  6  7  8  9  10  11  12  13  14  15  16  17  18  19  20  21  22  23  24  25  26  27  28  29  30  31  32  33  34  35  36  37  38  39  40  42  43  44  45  46  47  54  2  120  121  5  55  56  57  58  59  60  72  41  49  67  70  48  62  76  71  50  66  65  51  52  68  69  4  74  75  61  63  64  73  53  96  97  77  78  79  80  81  82  83  84  85  86  87  88  89  90  91  92  93  94  95  98  99  100  101  102  103  104  105  106  107  108  109  110  111  112  113  114  115  116  117  118  119  122  123  124  125  126  127  


  ==> Energy                -399.242534220
  ==> dE                       -9.46e-04
  ==> Gradient Norm             3.10e-01
  ==> Abs. Max. Deriv.          5.77e-02
  ==> Time-Grad. (s)             914.053
  ==> Time-Energy (s)            315.481
  ==> Time-Iter. (s)            1233.370

--------------------------------------------------------------------------------
CEO-ADAPT-VQE iteration: 17
--------------------------------------------------------------------------------
    gate        derivative      name       op1       op2       op3        g_unscaled   penalty
  247680        0.00200815        op    103393    103394                  0.10643189        53
  247681        0.00200586        om    103393    103394                  0.10631045        53
  103393        0.00154161    a_iajb    103393                            0.10637117        69
     230       -0.00109207      a_ia       230                           -0.00218414         2
     239        0.00060907      a_ia       239                            0.01096323        18
  243452        0.00040619        op    100173    100174                  0.03452574        85
  243453        0.00040618        om    100173    100174                  0.03452566        85
  100173        0.00034184    a_iajb    100173                            0.03452570       101
  249194        0.00026903        op    104580    104581                  0.02125329        79
  249195        0.00026903        om    104580    104581                  0.02125329        79

  ==> Add operator: mvp2 -1: 103393 103394
  ==> Current qubit order: 0  1  3  6  7  8  9  10  11  12  13  14  15  16  17  18  19  20  21  22  23  24  25  26  27  28  29  30  31  32  33  34  35  36  37  38  39  40  42  43  44  45  46  47  54  2  120  121  5  55  56  57  58  59  60  72  41  70  49  67  48  66  62  76  71  50  65  51  52  68  69  4  74  75  61  63  64  73  53  96  97  77  78  79  80  81  82  83  84  85  86  87  88  89  90  91  92  93  94  95  98  99  100  101  102  103  104  105  106  107  108  109  110  111  112  113  114  115  116  117  118  119  122  123  124  125  126  127  


  ==> Energy                -399.245799592
  ==> dE                       -3.27e-03
  ==> Gradient Norm             3.17e-01
  ==> Abs. Max. Deriv.          1.06e-01
  ==> Time-Grad. (s)             920.798
  ==> Time-Energy (s)            169.424
  ==> Time-Iter. (s)            1094.034

--------------------------------------------------------------------------------
CEO-ADAPT-VQE iteration: 18
--------------------------------------------------------------------------------
    gate        derivative      name       op1       op2       op3        g_unscaled   penalty
     243        0.00211473      a_ia       243                            0.01268840         6
     242       -0.00105676      a_ia       242                           -0.00211353         2
  247108        0.00055500        om    103213    103214                  0.03496531        63
     253        0.00052008      a_ia       253                            0.01144166        22
  247107        0.00049177        op    103213    103214                  0.03098142        63
  103213        0.00041738    a_iajb    103213                            0.03297337        79
  247316       -0.00037656        om    103361    103362                 -0.02974828        79
  247315       -0.00031335        op    103361    103362                 -0.02475473        79
  103361       -0.00028686    a_iajb    103361                           -0.02725151        95
     198        0.00023061      a_ia       198                            0.01199185        52

  ==> Add operator: a_ia 243
  ==> Current qubit order: 0  1  3  6  7  8  9  10  11  12  13  14  15  16  17  18  19  20  21  22  23  24  25  26  27  28  29  30  31  32  33  34  35  36  37  38  39  40  42  43  44  45  46  47  54  2  120  121  5  55  56  57  58  59  60  72  41  70  49  67  48  66  62  76  71  50  65  52  68  51  69  4  74  75  61  63  64  73  53  96  97  77  78  79  80  81  82  83  84  85  86  87  88  89  90  91  92  93  94  95  98  99  100  101  102  103  104  105  106  107  108  109  110  111  112  113  114  115  116  117  118  119  122  123  124  125  126  127  


  ==> Energy                -399.245885032
  ==> dE                       -8.54e-05
  ==> Gradient Norm             2.20e-01
  ==> Abs. Max. Deriv.          3.50e-02
  ==> Time-Grad. (s)             936.617
  ==> Time-Energy (s)             61.016
  ==> Time-Iter. (s)            1001.434

--------------------------------------------------------------------------------
CEO-ADAPT-VQE iteration: 19
--------------------------------------------------------------------------------
    gate        derivative      name       op1       op2       op3        g_unscaled   penalty
  243419       -0.00132320        om    100245    100246                 -0.05689755        43
  243418       -0.00130981        op    100245    100246                 -0.05632198        43
  100245       -0.00095949    a_iajb    100245                           -0.05660977        59
  250226       -0.00051547        op    105439    105440                 -0.03350583        65
  250227       -0.00051547        op    105439    105440                 -0.03350583        65
  250230       -0.00051547        op    105439    105441                 -0.03350581        65
  250231       -0.00051547        op    105439    105441                 -0.03350581        65
  190238        0.00050156        op     59977     59978                  0.03661384        73
  190239        0.00046569        om     59977     59978                  0.03399559        73
     264        0.00045401      a_ia       264                            0.00908025        20

  ==> Add operator: mvp2 -1: 100245 100246
  ==> Current qubit order: 0  1  3  6  7  8  9  10  11  12  13  14  15  16  17  18  19  20  21  22  23  24  25  26  27  28  29  30  31  32  33  34  35  36  37  38  39  40  42  43  44  45  46  47  54  2  120  121  5  55  56  57  58  59  60  72  70  49  67  48  66  62  76  71  41  50  65  68  52  51  69  4  74  75  61  63  64  73  53  96  97  77  78  79  80  81  82  83  84  85  86  87  88  89  90  91  92  93  94  95  98  99  100  101  102  103  104  105  106  107  108  109  110  111  112  113  114  115  116  117  118  119  122  123  124  125  126  127  


  ==> Energy                -399.246795258
  ==> dE                       -9.10e-04
  ==> Gradient Norm             2.53e-01
  ==> Abs. Max. Deriv.          5.69e-02
  ==> Time-Grad. (s)             962.223
  ==> Time-Energy (s)            172.692
  ==> Time-Iter. (s)            1138.696

--------------------------------------------------------------------------------
CEO-ADAPT-VQE iteration: 20
--------------------------------------------------------------------------------
    gate        derivative      name       op1       op2       op3        g_unscaled   penalty
  241999        0.00125585        om     99496     99497                  0.06404818        51
  241998        0.00125581        op     99496     99497                  0.06404608        51
   99496        0.00095593    a_iajb     99496                            0.06404713        67
  247048       -0.00069423        op    103328    103329                 -0.03262873        47
  247049       -0.00069423        op    103328    103329                 -0.03262873        47
  247052       -0.00065086        op    103328    103330                 -0.03059023        47
  247053       -0.00065086        op    103328    103330                 -0.03059023        47
  103328       -0.00051585    a_iajb    103328                           -0.03249832        63
     280        0.00037582      a_ia       280                            0.00901970        24
     269       -0.00037126      a_ia       269                           -0.00222757         6

  ==> Add operator: mvp2 -1: 99496 99497
  ==> Current qubit order: 0  1  3  6  7  8  9  10  11  12  13  14  15  16  17  18  19  20  21  22  23  24  25  26  27  28  29  30  31  32  33  34  35  36  37  38  39  40  42  43  44  45  46  47  54  2  120  121  5  55  56  57  58  59  60  72  70  49  67  48  66  62  71  76  41  50  69  65  68  52  51  4  74  75  61  63  64  73  53  96  97  77  78  79  80  81  82  83  84  85  86  87  88  89  90  91  92  93  94  95  98  99  100  101  102  103  104  105  106  107  108  109  110  111  112  113  114  115  116  117  118  119  122  123  124  125  126  127  


  ==> Energy                -399.247696131
  ==> dE                       -9.01e-04
  ==> Gradient Norm             2.46e-01
  ==> Abs. Max. Deriv.          6.40e-02
  ==> Time-Grad. (s)             986.273
  ==> Time-Energy (s)            103.898
  ==> Time-Iter. (s)            1094.105

--------------------------------------------------------------------------------
CEO-ADAPT-VQE iteration: 21
--------------------------------------------------------------------------------
    gate        derivative      name       op1       op2       op3        g_unscaled   penalty
  241867       -0.00046376        op     99376     99377                 -0.05704192       123
  243387        0.00045228        op    100509    100510                  0.04477581        99
  243388        0.00045228        op    100509    100510                  0.04477581        99
  243391        0.00045228        op    100509    100511                  0.04477577        99
  243392        0.00045228        op    100509    100511                  0.04477577        99
  241868       -0.00045187        om     99376     99377                 -0.05557992       123
   99376       -0.00040511    a_iajb     99376                           -0.05631092       139
  100509        0.00038935    a_iajb    100509                            0.04477581       115
     278       -0.00036629      a_ia       278                           -0.00219772         6
     289        0.00034729      a_ia       289                            0.00902964        26

  ==> Add operator: mvp2 -1: 99376 99377
  ==> Current qubit order: 0  1  3  6  7  8  9  10  11  12  13  14  15  16  17  18  19  20  21  22  23  24  25  26  27  28  29  30  31  32  33  34  35  36  37  38  39  42  43  44  45  46  47  54  2  120  121  5  55  56  57  58  59  60  72  70  49  67  48  66  40  69  51  64  62  71  76  41  50  65  68  52  4  74  75  61  63  73  53  96  97  77  78  79  80  81  82  83  84  85  86  87  88  89  90  91  92  93  94  95  98  99  100  101  102  103  104  105  106  107  108  109  110  111  112  113  114  115  116  117  118  119  122  123  124  125  126  127  


  ==> Energy                -399.248598110
  ==> dE                       -9.02e-04
  ==> Gradient Norm             2.63e-01
  ==> Abs. Max. Deriv.          5.77e-02
  ==> Time-Grad. (s)            1006.983
  ==> Time-Energy (s)            168.085
  ==> Time-Iter. (s)            1178.864

--------------------------------------------------------------------------------
CEO-ADAPT-VQE iteration: 22
--------------------------------------------------------------------------------
    gate        derivative      name       op1       op2       op3        g_unscaled   penalty
     333        0.00125237      a_ia       333                            0.00250475         2
     237        0.00078140      a_ia       237                            0.00937674        12
  244379       -0.00050898        om    101052    101053                 -0.05140707       101
  244378       -0.00050898        op    101052    101053                 -0.05140700       101
  247752       -0.00049920        op    103601    103602                 -0.03843878        77
  247753       -0.00049920        op    103601    103602                 -0.03843878        77
  247756       -0.00049708        op    103601    103603                 -0.03827507        77
  247757       -0.00049708        op    103601    103603                 -0.03827507        77
  101052       -0.00043938    a_iajb    101052                           -0.05140703       117
  103601       -0.00041332    a_iajb    103601                           -0.03843877        93

  ==> Add operator: a_ia 333
  ==> Current qubit order: 0  1  3  6  7  8  9  10  11  12  13  14  15  16  17  18  19  20  21  22  23  24  25  26  27  28  29  30  31  32  33  34  35  36  37  38  39  42  43  44  45  46  47  54  2  120  121  5  55  56  57  58  59  60  72  70  49  67  48  66  40  69  51  64  62  71  76  41  50  65  68  52  4  74  75  61  63  73  53  96  97  77  78  79  80  81  82  83  84  85  86  87  88  89  90  91  92  93  94  95  98  99  100  101  102  103  104  105  106  107  108  109  110  111  112  113  114  115  116  117  118  119  122  123  124  125  126  127  


  ==> Energy                -399.248610310
  ==> dE                       -1.22e-05
  ==> Gradient Norm             2.40e-01
  ==> Abs. Max. Deriv.          5.14e-02
  ==> Time-Grad. (s)            1053.496
  ==> Time-Energy (s)            121.238
  ==> Time-Iter. (s)            1178.550

--------------------------------------------------------------------------------
CEO-ADAPT-VQE iteration: 23
--------------------------------------------------------------------------------
    gate        derivative      name       op1       op2       op3        g_unscaled   penalty
     241        0.00082024      a_ia       241                            0.00984290        12
     308        0.00028107      a_ia       308                            0.00899438        32
  246937        0.00025870        op    103191    103192                  0.02147207        83
  246938        0.00025843        om    103191    103192                  0.02144946        83
  103191        0.00021678    a_iajb    103191                            0.02146077        99
     344       -0.00020024      a_ia       344                           -0.00040047         2
  247543        0.00019400        op    103650    103651                  0.00989402        51
  247544        0.00018874        om    103650    103651                  0.00962567        51
      39       -0.00018036      a_ia        39                           -0.00036073         2
  248114        0.00017462        om    104070    104071                  0.01309662        75

  ==> Add operator: a_ia 241
  ==> Current qubit order: 0  1  3  6  7  8  9  10  11  12  13  14  15  16  17  18  19  20  21  22  23  24  25  26  27  28  29  30  31  32  33  34  35  36  37  38  39  42  43  44  45  46  47  54  2  120  121  5  55  56  57  58  59  60  72  70  49  67  48  66  69  51  64  62  71  40  76  41  50  65  68  52  4  74  75  61  63  73  53  96  97  77  78  79  80  81  82  83  84  85  86  87  88  89  90  91  92  93  94  95  98  99  100  101  102  103  104  105  106  107  108  109  110  111  112  113  114  115  116  117  118  119  122  123  124  125  126  127  


  ==> Energy                -399.248781150
  ==> dE                       -1.71e-04
  ==> Gradient Norm             2.21e-01
  ==> Abs. Max. Deriv.          2.52e-02
  ==> Time-Grad. (s)            1112.155
  ==> Time-Energy (s)            335.971
  ==> Time-Iter. (s)            1451.985

--------------------------------------------------------------------------------
CEO-ADAPT-VQE iteration: 24
--------------------------------------------------------------------------------
    gate        derivative      name       op1       op2       op3        g_unscaled   penalty
  248080        0.00049644        op    104287    104288                  0.03028281        61
  248081        0.00049256        om    104287    104288                  0.03004600        61
     305        0.00040620      a_ia       305                            0.00081239         2
  104287        0.00039175    a_iajb    104287                            0.03016441        77
  247149        0.00031277        om    103571    103572                  0.02595953        83
  247148        0.00030415        op    103571    103572                  0.02524410        83
     315        0.00027486      a_ia       315                            0.00879549        32
  103571        0.00025860    a_iajb    103571                            0.02560182        99
  241957       -0.00023252        om     99555     99556                 -0.01836907        79
  241956       -0.00020350        op     99555     99556                 -0.01607657        79

  ==> Add operator: mvp2 -1: 104287 104288
  ==> Current qubit order: 0  1  3  6  7  8  9  10  11  12  13  14  15  16  17  18  19  20  21  22  23  24  25  26  27  28  29  30  31  32  33  34  35  36  37  38  39  42  43  44  45  46  47  54  2  120  121  5  55  56  57  58  59  60  72  70  49  67  48  66  51  62  71  40  69  64  50  63  76  41  65  68  52  4  74  75  61  73  53  96  97  77  78  79  80  81  82  83  84  85  86  87  88  89  90  91  92  93  94  95  98  99  100  101  102  103  104  105  106  107  108  109  110  111  112  113  114  115  116  117  118  119  122  123  124  125  126  127  


  ==> Energy                -399.249189047
  ==> dE                       -4.08e-04
  ==> Gradient Norm             2.23e-01
  ==> Abs. Max. Deriv.          3.03e-02
  ==> Time-Grad. (s)            1090.729
  ==> Time-Energy (s)            138.303
  ==> Time-Iter. (s)            1233.255

--------------------------------------------------------------------------------
CEO-ADAPT-VQE iteration: 25
--------------------------------------------------------------------------------
    gate        derivative      name       op1       op2       op3        g_unscaled   penalty
  247239        0.00068801        om    103586    103587                  0.03371233        49
  247238        0.00063878        op    103586    103587                  0.03130039        49
  251014        0.00050141        op    106402    106403                  0.03860887        77
  251015        0.00050141        om    106402    106403                  0.03860887        77
  103586        0.00050010    a_iajb    103586                            0.03250636        65
  106402        0.00041515    a_iajb    106402                            0.03860887        93
  193716        0.00037514        op     63045     63046                  0.03713889        99
  193717        0.00037514        op     63045     63046                  0.03713889        99
  193720        0.00035156        op     63045     63047                  0.03480438        99
  193721        0.00035156        op     63045     63047                  0.03480438        99

  ==> Add operator: mvp2 -1: 103586 103587
  ==> Current qubit order: 0  1  3  6  7  8  9  10  11  12  13  14  15  16  17  18  19  20  21  22  23  24  25  26  27  28  29  30  31  32  33  34  35  36  37  38  39  42  43  44  45  46  47  54  2  120  121  5  55  56  57  58  59  60  70  49  67  48  66  72  51  69  50  62  71  40  64  63  76  41  65  68  52  4  74  75  61  73  53  96  97  77  78  79  80  81  82  83  84  85  86  87  88  89  90  91  92  93  94  95  98  99  100  101  102  103  104  105  106  107  108  109  110  111  112  113  114  115  116  117  118  119  122  123  124  125  126  127  


  ==> Energy                -399.251621143
  ==> dE                       -2.43e-03
  ==> Gradient Norm             2.57e-01
  ==> Abs. Max. Deriv.          3.86e-02
  ==> Time-Grad. (s)            1070.824
  ==> Time-Energy (s)            632.176
  ==> Time-Iter. (s)            1707.161

--------------------------------------------------------------------------------
CEO-ADAPT-VQE iteration: 26
--------------------------------------------------------------------------------
    gate        derivative      name       op1       op2       op3        g_unscaled   penalty
     327        0.00742474      a_ia       327                            0.01484949         2
  241555       -0.00059108        op     99024     99026                 -0.03960218        67
  241556       -0.00059108        op     99024     99026                 -0.03960218        67
  241551       -0.00058395        op     99024     99025                 -0.03912451        67
  241552       -0.00058395        op     99024     99025                 -0.03912451        67
   99024       -0.00047713    a_iajb     99024                           -0.03960216        83
  241571        0.00044603        op     99041     99042                  0.02899200        65
  241572        0.00044338        om     99041     99042                  0.02881983        65
   99041        0.00035686    a_iajb     99041                            0.02890591        81
     321        0.00035186      a_ia       321                            0.00070372         2

  ==> Add operator: a_ia 327
  ==> Current qubit order: 0  1  3  6  7  8  9  10  11  12  13  14  15  16  17  18  19  20  21  22  23  24  25  26  27  28  29  30  31  32  33  34  35  36  37  38  39  42  43  44  45  46  47  54  2  120  121  5  55  56  57  58  59  60  70  49  67  48  66  72  51  69  50  62  71  40  64  63  76  41  65  68  52  4  74  75  61  73  53  96  97  77  78  79  80  81  82  83  84  85  86  87  88  89  90  91  92  93  94  95  98  99  100  101  102  103  104  105  106  107  108  109  110  111  112  113  114  115  116  117  118  119  122  123  124  125  126  127  


  ==> Energy                -399.251752839
  ==> dE                       -1.32e-04
  ==> Gradient Norm             2.34e-01
  ==> Abs. Max. Deriv.          3.96e-02
  ==> Time-Grad. (s)            1118.368
  ==> Time-Energy (s)            177.209
  ==> Time-Iter. (s)            1299.732

--------------------------------------------------------------------------------
CEO-ADAPT-VQE iteration: 27
--------------------------------------------------------------------------------
    gate        derivative      name       op1       op2       op3        g_unscaled   penalty
  245967       -0.00136857        om    102803    102804                 -0.05063712        37
  245966       -0.00130934        op    102803    102804                 -0.04844572        37
  102803       -0.00093474    a_iajb    102803                           -0.04954142        53
  246039        0.00042993        om    102857    102858                  0.03826345        89
  246038        0.00042993        op    102857    102858                  0.03826345        89
     333        0.00037585      a_ia       333                            0.00075170         2
  102857        0.00036441    a_iajb    102857                            0.03826345       105
  241948        0.00024670        op     99721     99722                  0.02146316        87
  241949        0.00024670        om     99721     99722                  0.02146316        87
     349        0.00021870      a_ia       349                            0.00787320        36

  ==> Add operator: mvp2 -1: 102803 102804
  ==> Current qubit order: 0  1  3  6  7  8  9  10  11  12  13  14  15  16  17  18  19  20  21  22  23  24  25  26  27  28  29  30  31  32  33  34  35  36  37  38  39  42  43  44  45  46  47  54  2  120  121  5  55  56  57  58  59  60  70  67  49  48  66  71  72  51  69  50  62  40  64  63  76  41  65  68  52  4  74  75  61  73  53  96  97  77  78  79  80  81  82  83  84  85  86  87  88  89  90  91  92  93  94  95  98  99  100  101  102  103  104  105  106  107  108  109  110  111  112  113  114  115  116  117  118  119  122  123  124  125  126  127  


  ==> Energy                -399.252405836
  ==> dE                       -6.53e-04
  ==> Gradient Norm             2.14e-01
  ==> Abs. Max. Deriv.          5.06e-02
  ==> Time-Grad. (s)            1055.708
  ==> Time-Energy (s)            109.902
  ==> Time-Iter. (s)            1169.754

--------------------------------------------------------------------------------
CEO-ADAPT-VQE iteration: 28
--------------------------------------------------------------------------------
    gate        derivative      name       op1       op2       op3        g_unscaled   penalty
  247592       -0.00053281        op    103945    103946                 -0.04742016        89
  247593       -0.00049627        om    103945    103946                 -0.04416835        89
  103945       -0.00043614    a_iajb    103945                           -0.04579425       105
     343        0.00037020      a_ia       343                            0.00074040         2
  246548       -0.00024230        op    103147    103148                 -0.02350279        97
  246549       -0.00024213        om    103147    103148                 -0.02348632        97
     359        0.00021437      a_ia       359                            0.00771724        36
  103147       -0.00020792    a_iajb    103147                           -0.02349455       113
      46       -0.00019929      a_ia        46                           -0.00039858         2
  217734        0.00018041        op     81368     81369                  0.03662295       203

  ==> Add operator: mvp2 -1: 103945 103946
  ==> Current qubit order: 0  1  3  6  7  8  9  10  11  12  13  14  15  16  17  18  19  20  21  22  23  24  25  26  27  28  29  30  31  32  33  34  35  36  37  38  39  42  43  44  45  46  47  54  2  120  121  5  55  56  57  58  59  60  70  49  48  66  71  72  51  69  62  40  67  50  76  53  64  63  41  65  68  52  4  74  75  61  73  96  97  77  78  79  80  81  82  83  84  85  86  87  88  89  90  91  92  93  94  95  98  99  100  101  102  103  104  105  106  107  108  109  110  111  112  113  114  115  116  117  118  119  122  123  124  125  126  127  


  ==> Energy                -399.253202161
  ==> dE                       -7.96e-04
  ==> Gradient Norm             2.30e-01
  ==> Abs. Max. Deriv.          4.74e-02
  ==> Time-Grad. (s)            1087.594
  ==> Time-Energy (s)            332.832
  ==> Time-Iter. (s)            1424.530

--------------------------------------------------------------------------------
CEO-ADAPT-VQE iteration: 29
--------------------------------------------------------------------------------
    gate        derivative      name       op1       op2       op3        g_unscaled   penalty
  247651        0.00066856        om    103827    103828                  0.03409631        51
  247650        0.00066717        op    103827    103828                  0.03402542        51
  103827        0.00050837    a_iajb    103827                            0.03406086        67
  251501       -0.00043459        om    106753    106754                 -0.02911782        67
  251500       -0.00043037        op    106753    106754                 -0.02883457        67
  247762       -0.00036130        op    103909    103910                 -0.02637506        73
  247763       -0.00036004        om    103909    103910                 -0.02628287        73
  106753       -0.00034911    a_iajb    106753                           -0.02897620        83
  103909       -0.00029583    a_iajb    103909                           -0.02632896        89
  242059        0.00022003        om     99561     99562                  0.01518196        69

  ==> Add operator: mvp2 -1: 103827 103828
  ==> Current qubit order: 0  1  3  6  7  8  9  10  11  12  13  14  15  16  17  18  19  20  21  22  23  24  25  26  27  28  29  30  31  32  33  34  35  36  37  38  39  42  43  44  45  46  47  54  2  120  121  5  55  56  57  58  59  60  70  49  48  72  51  69  62  66  71  50  53  40  67  76  64  63  41  65  68  52  4  74  75  61  73  96  97  77  78  79  80  81  82  83  84  85  86  87  88  89  90  91  92  93  94  95  98  99  100  101  102  103  104  105  106  107  108  109  110  111  112  113  114  115  116  117  118  119  122  123  124  125  126  127  


  ==> Energy                -399.253538588
  ==> dE                       -3.36e-04
  ==> Gradient Norm             2.16e-01
  ==> Abs. Max. Deriv.          3.41e-02
  ==> Time-Grad. (s)            1252.334
  ==> Time-Energy (s)            179.598
  ==> Time-Iter. (s)            1435.730

--------------------------------------------------------------------------------
CEO-ADAPT-VQE iteration: 30
--------------------------------------------------------------------------------
    gate        derivative      name       op1       op2       op3        g_unscaled   penalty
  247807       -0.00117446        op    104164    104165                 -0.02936142        25
  247808       -0.00096331        om    104164    104165                 -0.02408278        25
  241370        0.00082835        om     99214     99215                  0.03064894        37
      59       -0.00081409      a_ia        59                           -0.01790991        22
  241369        0.00070227        op     99214     99215                  0.02598385        37
  104164       -0.00065176    a_iajb    104164                           -0.02672210        41
   99214        0.00053427    a_iajb     99214                            0.02831639        53
      34       -0.00045808      a_ia        34                           -0.04122743        90
      57       -0.00022461      a_ia        57                           -0.01392588        62
  247213        0.00022069        op    103723    103724                  0.01037259        47

  ==> Add operator: mvp2 -1: 104164 104165
  ==> Current qubit order: 0  1  3  6  7  8  9  10  11  12  13  14  15  16  17  18  19  20  21  22  23  24  25  26  27  28  29  30  31  32  33  34  35  36  37  38  39  42  43  44  45  46  47  54  2  120  121  5  55  56  57  58  59  60  70  49  48  72  51  69  62  66  71  50  53  40  67  76  64  63  41  65  68  52  4  74  75  61  73  96  97  77  78  79  80  81  82  83  84  85  86  87  88  89  90  91  92  93  94  95  98  99  100  101  102  103  104  105  106  107  108  109  110  111  112  113  114  115  116  117  118  119  122  123  124  125  126  127  


  ==> Energy                -399.254031741
  ==> dE                       -4.93e-04
  ==> Gradient Norm             2.37e-01
  ==> Abs. Max. Deriv.          4.12e-02
  ==> Time-Grad. (s)            1304.615
  ==> Time-Energy (s)            373.517
  ==> Time-Iter. (s)            1681.786

--------------------------------------------------------------------------------
CEO-ADAPT-VQE iteration: 31
--------------------------------------------------------------------------------
    gate        derivative      name       op1       op2       op3        g_unscaled   penalty
     460       -0.00209857      a_ia       460                           -0.05875996        28
      59       -0.00081288      a_ia        59                           -0.01788329        22
      34       -0.00045769      a_ia        34                           -0.04119206        90
      26        0.00040499      a_ia        26                            0.00971968        24
     459       -0.00035239      a_ia       459                           -0.01339099        38
     475       -0.00032509      a_ia       475                           -0.00585154        18
     378        0.00030524      a_ia       378                            0.00061049         2
  246840        0.00026855        om    103622    103623                  0.03571748       133
  246839        0.00026291        op    103622    103623                  0.03496719       133
  103622        0.00023720    a_iajb    103622                            0.03534234       149

  ==> Add operator: a_ia 460
  ==> Current qubit order: 0  1  3  6  7  8  9  10  11  12  13  14  15  16  17  18  19  20  21  22  23  24  25  26  27  28  29  30  31  32  33  34  35  36  37  38  39  42  43  44  45  46  47  54  2  120  121  5  55  56  57  58  59  60  70  49  48  72  51  69  62  66  71  50  53  40  76  64  63  41  65  68  52  4  74  75  61  73  96  67  97  77  78  79  80  81  82  83  84  85  86  87  88  89  90  91  92  93  94  95  98  99  100  101  102  103  104  105  106  107  108  109  110  111  112  113  114  115  116  117  118  119  122  123  124  125  126  127  


  ==> Energy                -399.254582304
  ==> dE                       -5.51e-04
  ==> Gradient Norm             2.38e-01
  ==> Abs. Max. Deriv.          5.88e-02
  ==> Time-Grad. (s)            1515.524
  ==> Time-Energy (s)            652.079
  ==> Time-Iter. (s)            2171.578

--------------------------------------------------------------------------------
CEO-ADAPT-VQE iteration: 32
--------------------------------------------------------------------------------
    gate        derivative      name       op1       op2       op3        g_unscaled   penalty
      50       -0.00381646      a_ia        50                           -0.00763292         2
  242675        0.00137403        op    100094    100095                  0.06732761        49
  242676        0.00137403        om    100094    100095                  0.06732761        49
  100094        0.00103581    a_iajb    100094                            0.06732761        65
      62       -0.00082233      a_ia        62                           -0.01809120        22
      35       -0.00046012      a_ia        35                           -0.04141066        90
      27        0.00040947      a_ia        27                            0.00982735        24
  189055        0.00034351        op     59710     59711                  0.03057261        89
  189056        0.00034112        om     59710     59711                  0.03036012        89
     496       -0.00033340      a_ia       496                           -0.00600122        18

  ==> Add operator: a_ia 50
  ==> Current qubit order: 0  1  3  6  7  8  9  10  11  12  13  14  15  16  17  18  19  20  21  22  23  24  25  26  27  28  29  30  31  32  33  34  35  36  37  38  39  42  43  44  45  46  47  54  2  120  121  5  55  56  57  58  59  60  70  49  48  72  51  69  62  66  71  50  53  40  76  64  63  41  65  68  52  4  74  75  61  73  96  67  97  77  78  79  80  81  82  83  84  85  86  87  88  89  90  91  92  93  94  95  98  99  100  101  102  103  104  105  106  107  108  109  110  111  112  113  114  115  116  117  118  119  122  123  124  125  126  127  


  ==> Energy                -399.254591994
  ==> dE                       -9.69e-06
  ==> Gradient Norm             2.58e-01
  ==> Abs. Max. Deriv.          6.73e-02
  ==> Time-Grad. (s)            1557.085
  ==> Time-Energy (s)            392.281
  ==> Time-Iter. (s)            1953.442

--------------------------------------------------------------------------------
CEO-ADAPT-VQE iteration: 33
--------------------------------------------------------------------------------
    gate        derivative      name       op1       op2       op3        g_unscaled   penalty
      64       -0.00081615      a_ia        64                           -0.01795529        22
      37       -0.00045794      a_ia        37                           -0.04121476        90
  247888       -0.00045375        op    104577    104578                 -0.03403123        75
  247889       -0.00045049        om    104577    104578                 -0.03378699        75
      29        0.00039908      a_ia        29                            0.00957795        24
  104577       -0.00037263    a_iajb    104577                           -0.03390911        91
  246364       -0.00037003        op    103392    103393                 -0.02627241        71
     517       -0.00035519      a_ia       517                           -0.00639339        18
  246365       -0.00035311        om    103392    103393                 -0.02507084        71
  246535        0.00031774        om    103514    103515                  0.02637243        83

  ==> Add operator: a_ia 64
  ==> Current qubit order: 0  1  3  6  7  8  9  10  11  12  13  14  15  16  17  18  19  20  21  22  23  24  25  26  27  28  29  30  31  32  33  34  35  36  37  38  42  43  44  45  46  47  54  2  120  121  39  5  55  56  57  58  59  60  70  49  48  72  51  69  62  66  71  50  53  40  76  64  63  41  65  68  52  4  74  75  61  73  96  67  97  77  78  79  80  81  82  83  84  85  86  87  88  89  90  91  92  93  94  95  98  99  100  101  102  103  104  105  106  107  108  109  110  111  112  113  114  115  116  117  118  119  122  123  124  125  126  127  


  ==> Energy                -399.254762894
  ==> dE                       -1.71e-04
  ==> Gradient Norm             2.44e-01
  ==> Abs. Max. Deriv.          4.22e-02
  ==> Time-Grad. (s)            1554.750
  ==> Time-Energy (s)           2893.984
  ==> Time-Iter. (s)            4452.827

--------------------------------------------------------------------------------
CEO-ADAPT-VQE iteration: 34
--------------------------------------------------------------------------------
    gate        derivative      name       op1       op2       op3        g_unscaled   penalty
     351        0.00065034      a_ia       351                            0.00130069         2
      31        0.00036704      a_ia        31                            0.00954301        26
     532       -0.00034507      a_ia       532                           -0.00690147        20
     425        0.00027704      a_ia       425                            0.00055408         2
  246393       -0.00027683        op    102965    102967                 -0.01079646        39
  246394       -0.00027683        op    102965    102967                 -0.01079646        39
  246389       -0.00027645        op    102965    102966                 -0.01078145        39
  246390       -0.00027645        op    102965    102966                 -0.01078145        39
  195015       -0.00024314        op     64257     64258                 -0.02455699       101
  195016       -0.00024314        op     64257     64258                 -0.02455699       101

  ==> Add operator: a_ia 351
  ==> Current qubit order: 0  1  3  6  7  8  9  10  11  12  13  14  15  16  17  18  19  20  21  22  23  24  25  26  27  28  29  30  31  32  33  34  35  36  37  38  42  43  44  45  46  47  54  2  120  121  39  5  55  56  57  58  59  60  70  49  48  72  51  69  62  66  71  50  53  40  76  64  63  41  65  68  52  4  74  75  61  73  96  67  97  77  78  79  80  81  82  83  84  85  86  87  88  89  90  91  92  93  94  95  98  99  100  101  102  103  104  105  106  107  108  109  110  111  112  113  114  115  116  117  118  119  122  123  124  125  126  127  


  ==> Energy                -399.254763162
  ==> dE                       -2.69e-07
  ==> Gradient Norm             2.27e-01
  ==> Abs. Max. Deriv.          2.46e-02
  ==> Time-Grad. (s)            1563.879
  ==> Time-Energy (s)             58.405
  ==> Time-Iter. (s)            1626.089

--------------------------------------------------------------------------------
CEO-ADAPT-VQE iteration: 35
--------------------------------------------------------------------------------
    gate        derivative      name       op1       op2       op3        g_unscaled   penalty
     367        0.00264847      a_ia       367                            0.01059387         4
      33        0.00036693      a_ia        33                            0.00954006        26
     554       -0.00034024      a_ia       554                           -0.00680478        20
  193172       -0.00029753        op     62774     62776                 -0.01398378        47
  193173       -0.00029753        op     62774     62776                 -0.01398378        47
     443        0.00028201      a_ia       443                            0.00056402         2
  193168       -0.00027655        op     62774     62775                 -0.01299780        47
  193169       -0.00027655        op     62774     62775                 -0.01299780        47
     530        0.00023744      a_ia       530                            0.01757083        74
  247920        0.00021902        op    104161    104162                  0.02080665        95

  ==> Add operator: a_ia 367
  ==> Current qubit order: 0  1  3  6  7  8  9  10  11  12  13  14  15  16  17  18  19  20  21  22  23  24  25  26  27  28  29  30  31  32  33  34  35  36  37  38  42  43  44  45  46  47  54  2  120  121  39  5  55  56  57  58  59  60  70  49  48  72  51  69  62  66  71  53  50  40  76  64  63  41  65  68  52  4  74  75  61  73  96  67  97  77  78  79  80  81  82  83  84  85  86  87  88  89  90  91  92  93  94  95  98  99  100  101  102  103  104  105  106  107  108  109  110  111  112  113  114  115  116  117  118  119  122  123  124  125  126  127  


  ==> Energy                -399.254795368
  ==> dE                       -3.22e-05
  ==> Gradient Norm             2.11e-01
  ==> Abs. Max. Deriv.          2.27e-02
  ==> Time-Grad. (s)            1571.234
  ==> Time-Energy (s)            545.722
  ==> Time-Iter. (s)            2120.728

--------------------------------------------------------------------------------
CEO-ADAPT-VQE iteration: 36
--------------------------------------------------------------------------------
    gate        derivative      name       op1       op2       op3        g_unscaled   penalty
  195074        0.00044108        op     64229     64230                  0.02602376        59
  195075        0.00044108        om     64229     64230                  0.02602376        59
   64229        0.00034698    a_iajb     64229                            0.02602376        75
     568       -0.00034235      a_ia       568                           -0.00684696        20
  251726        0.00027449        op    107234    107235                  0.01674389        61
  251727        0.00027425        om    107234    107235                  0.01672911        61
     454        0.00026778      a_ia       454                            0.00053557         2
  107234        0.00021736    a_iajb    107234                            0.01673650        77
     465        0.00021212      a_ia       465                            0.00763650        36
     546       -0.00020664      a_ia       546                           -0.00702576        34

  ==> Add operator: op -1: 64229 64230
  ==> Current qubit order: 0  1  3  6  7  8  9  10  11  12  13  14  15  16  17  18  19  20  21  22  23  24  25  26  27  28  29  30  31  32  33  34  35  36  37  42  43  44  45  46  47  54  2  38  120  121  5  39  55  56  57  58  59  60  70  49  48  72  51  69  62  66  71  53  50  40  76  64  63  41  65  68  52  4  74  75  61  73  96  67  97  77  78  79  80  81  82  83  84  85  86  87  88  89  90  91  92  93  94  95  98  99  100  101  102  103  104  105  106  107  108  109  110  111  112  113  114  115  116  117  118  119  122  123  124  125  126  127  


  ==> Energy                -399.254834157
  ==> dE                       -3.88e-05
  ==> Gradient Norm             2.14e-01
  ==> Abs. Max. Deriv.          2.60e-02
  ==> Time-Grad. (s)            1571.916
  ==> Time-Energy (s)             55.515
  ==> Time-Iter. (s)            1631.584

--------------------------------------------------------------------------------
CEO-ADAPT-VQE iteration: 37
--------------------------------------------------------------------------------
    gate        derivative      name       op1       op2       op3        g_unscaled   penalty
  248395       -0.00095118        om    104714    104715                 -0.03709595        39
  248394       -0.00086864        op    104714    104715                 -0.03387707        39
  104714       -0.00064521    a_iajb    104714                           -0.03548651        55
  192773        0.00045484        om     62568     62569                  0.02501629        55
  192772        0.00043204        op     62568     62569                  0.02376237        55
  241508       -0.00041207        op     99475     99476                 -0.02431213        59
  241509       -0.00041207        op     99475     99476                 -0.02431213        59
  241512       -0.00040849        op     99475     99477                 -0.02410098        59
  241513       -0.00040849        op     99475     99477                 -0.02410098        59
   62568        0.00034351    a_iajb     62568                            0.02438933        71

  ==> Add operator: mvp2 -1: 104714 104715
  ==> Current qubit order: 0  1  3  6  7  8  9  10  11  12  13  14  15  16  17  18  19  20  21  22  23  24  25  26  27  28  29  30  31  32  33  34  35  36  37  42  43  44  45  46  47  54  2  38  120  121  5  39  55  56  57  58  59  60  70  49  48  72  51  69  66  62  71  53  76  50  40  64  63  41  65  68  52  4  74  75  61  73  96  67  97  77  78  79  80  81  82  83  84  85  86  87  88  89  90  91  92  93  94  95  98  99  100  101  102  103  104  105  106  107  108  109  110  111  112  113  114  115  116  117  118  119  122  123  124  125  126  127  


  ==> Energy                -399.255400244
  ==> dE                       -5.66e-04
  ==> Gradient Norm             2.48e-01
  ==> Abs. Max. Deriv.          5.77e-02
  ==> Time-Grad. (s)            1586.973
  ==> Time-Energy (s)           1410.549
  ==> Time-Iter. (s)            3001.180

--------------------------------------------------------------------------------
CEO-ADAPT-VQE iteration: 38
--------------------------------------------------------------------------------
    gate        derivative      name       op1       op2       op3        g_unscaled   penalty
     537       -0.00059416      a_ia       537                           -0.00712997        12
     390        0.00057953      a_ia       390                            0.00231811         4
  245889        0.00051649        op    102980    102982                  0.01911013        37
  245890        0.00051649        op    102980    102982                  0.01911013        37
  245885        0.00045165        op    102980    102981                  0.01671093        37
  245886        0.00045165        op    102980    102981                  0.01671093        37
  102980        0.00036047    a_iajb    102980                            0.01910513        53
  242210       -0.00026962        om    100153    100154                 -0.02615298        97
     586       -0.00025415      a_ia       586                           -0.00508291        20
  242209       -0.00025000        op    100153    100154                 -0.02424960        97

  ==> Add operator: a_ia 537
  ==> Current qubit order: 0  1  3  6  7  8  9  10  11  12  13  14  15  16  17  18  19  20  21  22  23  24  25  26  27  28  29  30  31  32  33  34  35  36  37  42  43  44  45  46  47  54  2  38  120  121  5  39  55  56  57  58  59  60  70  49  48  72  51  69  66  71  53  76  50  40  62  64  63  41  65  68  52  4  74  75  61  73  96  67  97  77  78  79  80  81  82  83  84  85  86  87  88  89  90  91  92  93  94  95  98  99  100  101  102  103  104  105  106  107  108  109  110  111  112  113  114  115  116  117  118  119  122  123  124  125  126  127  


  ==> Energy                -399.255590316
  ==> dE                       -1.90e-04
  ==> Gradient Norm             2.19e-01
  ==> Abs. Max. Deriv.          2.62e-02
  ==> Time-Grad. (s)            1587.368
  ==> Time-Energy (s)           1285.702
  ==> Time-Iter. (s)            2877.232

--------------------------------------------------------------------------------
CEO-ADAPT-VQE iteration: 39
--------------------------------------------------------------------------------
    gate        derivative      name       op1       op2       op3        g_unscaled   penalty
     551        0.00099902      a_ia       551                            0.00199803         2
  247489        0.00091062        op    104075    104076                  0.03915679        43
  247490        0.00081592        om    104075    104076                  0.03508452        43
  104075        0.00062916    a_iajb    104075                            0.03712065        59
  241515       -0.00039369        op     99586     99587                 -0.02480221        63
  241516       -0.00039369        op     99586     99587                 -0.02480221        63
  241519       -0.00038778        op     99586     99588                 -0.02443020        63
  241520       -0.00038778        op     99586     99588                 -0.02443020        63
     601       -0.00034164      a_ia       601                           -0.00683283        20
   99586       -0.00031395    a_iajb     99586                           -0.02480220        79

  ==> Add operator: a_ia 551
  ==> Current qubit order: 0  1  3  6  7  8  9  10  11  12  13  14  15  16  17  18  19  20  21  22  23  24  25  26  27  28  29  30  31  32  33  34  35  36  37  42  43  44  45  46  47  54  2  38  120  121  5  39  55  56  57  58  59  60  70  49  48  72  51  69  66  71  53  76  50  40  62  64  63  41  65  68  52  4  74  75  61  73  96  67  97  77  78  79  80  81  82  83  84  85  86  87  88  89  90  91  92  93  94  95  98  99  100  101  102  103  104  105  106  107  108  109  110  111  112  113  114  115  116  117  118  119  122  123  124  125  126  127  


  ==> Energy                -399.255599158
  ==> dE                       -8.84e-06
  ==> Gradient Norm             2.31e-01
  ==> Abs. Max. Deriv.          3.92e-02
  ==> Time-Grad. (s)            1568.167
  ==> Time-Energy (s)           1077.567
  ==> Time-Iter. (s)            2649.934

--------------------------------------------------------------------------------
CEO-ADAPT-VQE iteration: 40
--------------------------------------------------------------------------------
    gate        derivative      name       op1       op2       op3        g_unscaled   penalty
     563       -0.00099095      a_ia       563                           -0.00198189         2
  246141       -0.00057783        op    102933    102934                 -0.03293655        57
  246142       -0.00052575        om    102933    102934                 -0.02996787        57
  102933       -0.00043085    a_iajb    102933                           -0.03145221        73
  251017        0.00040268        op    106623    106625                  0.03020069        75
  251018        0.00040268        op    106623    106625                  0.03020069        75
  251013        0.00039202        op    106623    106624                  0.02940155        75
  251014        0.00039202        op    106623    106624                  0.02940155        75
     614       -0.00034505      a_ia       614                           -0.00690100        20
  106623        0.00032309    a_iajb    106623                            0.02940155        91

  ==> Add operator: a_ia 563
  ==> Current qubit order: 0  1  3  6  7  8  9  10  11  12  13  14  15  16  17  18  19  20  21  22  23  24  25  26  27  28  29  30  31  32  33  34  35  36  37  42  43  44  45  46  47  54  2  38  120  121  5  39  55  56  57  58  59  60  70  49  48  72  51  69  66  71  53  76  50  40  62  64  63  41  65  68  52  4  74  75  61  73  96  67  97  77  78  79  80  81  82  83  84  85  86  87  88  89  90  91  92  93  94  95  98  99  100  101  102  103  104  105  106  107  108  109  110  111  112  113  114  115  116  117  118  119  122  123  124  125  126  127  


  ==> Energy                -399.255608100
  ==> dE                       -8.94e-06
  ==> Gradient Norm             2.23e-01
  ==> Abs. Max. Deriv.          3.29e-02
  ==> Time-Grad. (s)            1578.951
  ==> Time-Energy (s)           1390.467
  ==> Time-Iter. (s)            2973.201

--------------------------------------------------------------------------------
CEO-ADAPT-VQE iteration: 41
--------------------------------------------------------------------------------
    gate        derivative      name       op1       op2       op3        g_unscaled   penalty
     575        0.00059882      a_ia       575                            0.00119764         2
  240418        0.00057954        om     98721     98722                  0.02723837        47
  240417        0.00057953        op     98721     98722                  0.02723797        47
   98721        0.00043235    a_iajb     98721                            0.02723817        63
     627       -0.00034697      a_ia       627                           -0.00693947        20
     419       -0.00032767      a_ia       419                           -0.00131067         4
     504        0.00022007      a_ia       504                            0.00044014         2
     515        0.00020825      a_ia       515                            0.00749710        36
     604       -0.00019211      a_ia       604                           -0.00691606        36
  246373        0.00018231        op    103257    103259                  0.02096536       115

  ==> Add operator: a_ia 575
  ==> Current qubit order: 0  1  3  6  7  8  9  10  11  12  13  14  15  16  17  18  19  20  21  22  23  24  25  26  27  28  29  30  31  32  33  34  35  36  37  42  43  44  45  46  47  54  2  38  120  121  5  39  55  56  57  58  59  60  70  49  48  72  51  69  66  71  53  76  50  40  62  64  63  41  65  68  52  4  74  75  61  73  96  67  97  77  78  79  80  81  82  83  84  85  86  87  88  89  90  91  92  93  94  95  98  99  100  101  102  103  104  105  106  107  108  109  110  111  112  113  114  115  116  117  118  119  122  123  124  125  126  127  


  ==> Energy                -399.255614118
  ==> dE                       -6.02e-06
  ==> Gradient Norm             2.07e-01
  ==> Abs. Max. Deriv.          2.72e-02
  ==> Time-Grad. (s)            1570.974
  ==> Time-Energy (s)            960.875
  ==> Time-Iter. (s)            2535.963

--------------------------------------------------------------------------------
CEO-ADAPT-VQE iteration: 42
--------------------------------------------------------------------------------
    gate        derivative      name       op1       op2       op3        g_unscaled   penalty
     593       -0.00059736      a_ia       593                           -0.00119473         2
  247068       -0.00035665        om    103865    103866                 -0.02817519        79
  247067       -0.00035194        op    103865    103866                 -0.02780324        79
     646       -0.00034539      a_ia       646                           -0.00690780        20
  103865       -0.00029462    a_iajb    103865                           -0.02798922        95
  246541        0.00027279        op    103471    103472                  0.02318714        85
  246542        0.00027279        op    103471    103472                  0.02318714        85
  246545        0.00026975        op    103471    103473                  0.02292846        85
  246546        0.00026975        op    103471    103473                  0.02292846        85
  103471        0.00022701    a_iajb    103471                            0.02292846       101

  ==> Add operator: a_ia 593
  ==> Current qubit order: 0  1  3  6  7  8  9  10  11  12  13  14  15  16  17  18  19  20  21  22  23  24  25  26  27  28  29  30  31  32  33  34  35  36  37  42  43  44  45  46  47  54  2  38  120  121  5  39  55  56  57  58  59  60  70  49  48  72  51  69  66  71  53  76  50  40  62  64  63  41  65  68  52  4  74  75  61  73  96  67  97  77  78  79  80  81  82  83  84  85  86  87  88  89  90  91  92  93  94  95  98  99  100  101  102  103  104  105  106  107  108  109  110  111  112  113  114  115  116  117  118  119  122  123  124  125  126  127  


  ==> Energy                -399.256025271
  ==> dE                       -4.11e-04
  ==> Gradient Norm             2.30e-01
  ==> Abs. Max. Deriv.          3.11e-02
  ==> Time-Grad. (s)            1557.187
  ==> Time-Energy (s)           1501.171
  ==> Time-Iter. (s)            3062.504

--------------------------------------------------------------------------------
CEO-ADAPT-VQE iteration: 43
--------------------------------------------------------------------------------
    gate        derivative      name       op1       op2       op3        g_unscaled   penalty
     657       -0.00034516      a_ia       657                           -0.00690310        20
     525        0.00026982      a_ia       525                            0.00053965         2
  241194       -0.00024705        op     99532     99533                 -0.03384570       137
  241195       -0.00024705        om     99532     99533                 -0.03384570       137
  246446        0.00024003        op    103503    103504                  0.04200500       175
  246447        0.00024003        om    103503    103504                  0.04200500       175
   99532       -0.00022121    a_iajb     99532                           -0.03384570       153
     602       -0.00022113      a_ia       602                           -0.00044225         2
  103503        0.00021992    a_iajb    103503                            0.04200500       191
     538        0.00021159      a_ia       538                            0.00761708        36

  ==> Add operator: a_ia 657
  ==> Current qubit order: 0  1  3  6  7  8  9  10  11  12  13  14  15  16  17  18  19  20  21  22  23  24  25  26  27  28  29  30  31  32  33  34  35  36  37  42  43  44  45  46  47  54  2  38  121  5  39  55  56  57  58  59  60  120  70  49  48  72  51  69  66  71  53  76  50  40  62  64  63  41  65  68  52  4  74  75  61  73  96  67  97  77  78  79  80  81  82  83  84  85  86  87  88  89  90  91  92  93  94  95  98  99  100  101  102  103  104  105  106  107  108  109  110  111  112  113  114  115  116  117  118  119  122  123  124  125  126  127  


  ==> Energy                -399.256030899
  ==> dE                       -5.63e-06
  ==> Gradient Norm             2.31e-01
  ==> Abs. Max. Deriv.          4.20e-02
  ==> Time-Grad. (s)            1567.405
  ==> Time-Energy (s)           1116.286
  ==> Time-Iter. (s)            2687.872

--------------------------------------------------------------------------------
CEO-ADAPT-VQE iteration: 44
--------------------------------------------------------------------------------
    gate        derivative      name       op1       op2       op3        g_unscaled   penalty
  247039       -0.00092742        om    103653    103654                 -0.02318553        25
  247038       -0.00082488        op    103653    103654                 -0.02062189        25
  103653       -0.00053424    a_iajb    103653                           -0.02190371        41
  246984        0.00043974        op    103617    103618                  0.03210109        73
  246985        0.00042407        om    103617    103618                  0.03095732        73
  103617        0.00035426    a_iajb    103617                            0.03152921        89
  246011        0.00033172        om    102859    102860                  0.02222528        67
  195211       -0.00030165        om     64542     64543                 -0.02624344        87
  246010        0.00028789        op    102859    102860                  0.01928846        67
     439       -0.00028570      a_ia       439                           -0.00114280         4

  ==> Add operator: mvp2 -1: 103653 103654
  ==> Current qubit order: 0  1  3  6  7  8  9  10  11  12  13  14  15  16  17  18  19  20  21  22  23  24  25  26  27  28  29  30  31  32  33  34  35  36  37  42  43  44  45  46  47  54  2  38  121  5  39  55  56  57  58  59  60  120  70  49  48  72  51  69  66  71  53  76  50  40  62  64  63  41  65  68  52  4  74  75  61  73  96  67  97  77  78  79  80  81  82  83  84  85  86  87  88  89  90  91  92  93  94  95  98  99  100  101  102  103  104  105  106  107  108  109  110  111  112  113  114  115  116  117  118  119  122  123  124  125  126  127  


  ==> Energy                -399.256409066
  ==> dE                       -3.78e-04
  ==> Gradient Norm             2.29e-01
  ==> Abs. Max. Deriv.          3.21e-02
  ==> Time-Grad. (s)            1560.947
  ==> Time-Energy (s)           1216.741
  ==> Time-Iter. (s)            2781.844

--------------------------------------------------------------------------------
CEO-ADAPT-VQE iteration: 45
--------------------------------------------------------------------------------
    gate        derivative      name       op1       op2       op3        g_unscaled   penalty
     444        0.00079238      a_ia       444                            0.00316953         4
  192459       -0.00050719        op     62582     62583                 -0.05021160        99
  192460       -0.00045956        om     62582     62583                 -0.04549682        99
  246308        0.00044301        om    103473    103474                  0.04031420        91
   62582       -0.00041612    a_iajb     62582                           -0.04785421       115
  246307        0.00040621        op    103473    103474                  0.03696507        91
     589        0.00038143      a_ia       589                            0.01602017        42
  103473        0.00036112    a_iajb    103473                            0.03863964       107
     446       -0.00031514      a_ia       446                           -0.00063028         2
     538        0.00031466      a_ia       538                            0.00062933         2

  ==> Add operator: a_ia 444
  ==> Current qubit order: 0  1  3  6  7  8  9  10  11  12  13  14  15  16  17  18  19  20  21  22  23  24  25  26  27  28  29  30  31  32  33  34  35  36  37  42  43  44  45  46  47  54  2  38  5  121  39  55  56  57  58  59  60  120  70  49  48  72  51  69  66  71  53  76  50  40  62  64  63  41  65  68  52  4  74  75  61  73  96  67  97  77  78  79  80  81  82  83  84  85  86  87  88  89  90  91  92  93  94  95  98  99  100  101  102  103  104  105  106  107  108  109  110  111  112  113  114  115  116  117  118  119  122  123  124  125  126  127  


  ==> Energy                -399.256425979
  ==> dE                       -1.69e-05
  ==> Gradient Norm             2.55e-01
  ==> Abs. Max. Deriv.          5.02e-02
  ==> Time-Grad. (s)            1571.998
  ==> Time-Energy (s)           2409.457
  ==> Time-Iter. (s)            3985.576

--------------------------------------------------------------------------------
CEO-ADAPT-VQE iteration: 46
--------------------------------------------------------------------------------
    gate        derivative      name       op1       op2       op3        g_unscaled   penalty
  241462       -0.00049579        op     99468     99469                 -0.03420964        69
  241463       -0.00049076        om     99468     99469                 -0.03386261        69
  246885        0.00042669        om    103579    103580                  0.02944189        69
  246884        0.00041279        op    103579    103580                  0.02848268        69
   99468       -0.00040043    a_iajb     99468                           -0.03403613        85
  250408       -0.00038913        op    106227    106228                 -0.02762831        71
  250409       -0.00038891        om    106227    106228                 -0.02761235        71
  242825       -0.00038311        om    100497    100498                 -0.04558970       119
     596        0.00038148      a_ia       596                            0.01602224        42
  103579        0.00034073    a_iajb    103579                            0.02896229        85

  ==> Add operator: mvp2 -1: 99468 99469
  ==> Current qubit order: 0  1  3  6  7  8  9  10  11  12  13  14  15  16  17  18  19  20  21  22  23  24  25  26  27  28  29  30  31  32  33  34  35  36  37  42  43  44  45  46  47  54  2  38  5  121  39  55  56  57  58  59  60  120  70  49  48  72  51  66  71  53  76  50  40  62  64  63  65  69  41  52  96  68  4  74  75  61  73  67  97  77  78  79  80  81  82  83  84  85  86  87  88  89  90  91  92  93  94  95  98  99  100  101  102  103  104  105  106  107  108  109  110  111  112  113  114  115  116  117  118  119  122  123  124  125  126  127  


  ==> Energy                -399.256615678
  ==> dE                       -1.90e-04
  ==> Gradient Norm             2.44e-01
  ==> Abs. Max. Deriv.          4.56e-02
  ==> Time-Grad. (s)            1558.758
  ==> Time-Energy (s)           1235.532
  ==> Time-Iter. (s)            2798.089

--------------------------------------------------------------------------------
CEO-ADAPT-VQE iteration: 47
--------------------------------------------------------------------------------
