op     31   32   95   96   32   31   95   96                       -0.09721882893968075701                                                    
op     26   33   90   97   33   26   90   97                       -0.05481260605204614500                                                    
op     24   33   31   36   24   31   33   36                        0.01676704201722653900                                                    
op     24   35   89   99   35   24   89   99                       -0.01067283976017890761                                                    
op      2   60   66  124   60    2   66  124                       -0.01160531758015261213                                                    
op      2   35   66   99   35    2   66   99                       -0.00641410151716841417                                                    
op      2   34   66   98   34    2   66   98                       -0.00529626322465479200                                                    
mvp2    2   37   90   97   37    2   90   97                        0.00998925054768167939    0.10337137172714312705                          
mvp2    2   37   66  101   37    2   66  101                       -0.00524169895506756446    0.08911663851102025191                          
op     26   48   90  112   48   26   90  112                       -0.01261442996459924935                                                    
op     25   36   88   97   36   25   88   97                       -0.01756246709038817091                                                    
op     25   34   89   98   34   25   89   98                       -0.06320310299362592865                                                    
op      1   60   66  124   60    1   66  124                        0.00649862931613976857                                                    
op     31   38   84   96   38   31   84   96                       -0.03413664178802537641                                                    
mvp2   24   35   88   97   35   24   88   97                        0.02913463159365737090    0.13570336068653465755                          
mvp2   26   33   89   96   33   26   89   96                       -0.02354201195532743332    0.38833595768101664136                          
mvp2   24   33   88   97   33   24   88   97                       -0.06121250393634571074   -0.00072387404113229581                          
a_ia   89   98                                                     -0.01389586788049919364                                                    
mvp2   25   34   84   96   34   25   84   96                        0.03095057149032433286   -0.00096011198352727127                          
mvp2   25   38   84   98   38   25   84   98                       -0.02802450544076534947    0.00000898196746202126                          
mvp2   20   32   89   98   32   20   89   98                        0.03206397754117472354    0.00233178839540883111                          
