op     31   32   95   96   32   31   95   96                       -0.09856240245827103952                                                    
op     26   33   90   97   33   26   90   97                       -0.05896077757425578769                                                    
op     24   33   31   36   24   31   33   36                        0.00016907882809555038                                                    
op     24   35   89   99   35   24   89   99                       -0.00912728204363137847                                                    
op      2   60   66  124   60    2   66  124                       -0.01192973891648095065                                                    
op      2   35   66   99   35    2   66   99                       -0.00636050228445166066                                                    
op      2   34   66   98   34    2   66   98                       -0.00527175795287448609                                                    
mvp2    2   37   90   97   37    2   90   97                        0.01072566983803206753    0.19983831452079325874                          
mvp2    2   37   66  101   37    2   66  101                       -0.00509271437904337473    0.77282506818328522424                          
op     26   48   90  112   48   26   90  112                       -0.01097999334037181446                                                    
op     25   36   88   97   36   25   88   97                       -0.06344267734764907907                                                    
op     25   34   89   98   34   25   89   98                       -0.05984526999963582505                                                    
op      1   60   66  124   60    1   66  124                        0.00671530640490831249                                                    
op     31   38   84   96   38   31   84   96                       -0.03580300274616549094                                                    
mvp2   24   35   88   97   35   24   88   97                        0.02617912860748992238    0.19434984869924953887                          
mvp2   26   33   89   96   33   26   89   96                       -0.02442283843607778032    0.39762121377167791714                          
mvp2   24   33   88   97   33   24   88   97                       -0.06034295235589614420   -0.79219985593969388660                          
a_ia   89   98                                                      0.00502344735325104333                                                    
mvp2   25   34   84   96   34   25   84   96                        0.03226251067296730807    0.20621940823840853585                          
mvp2   25   38   84   98   38   25   84   98                       -0.02566097105551820926   -0.83829235043449590314                          
mvp2   20   32   89   98   32   20   89   98                        0.00938552150675008717    0.08791529782206838894                          
a_ia   31   32                                                     -0.00750228490306620224                                                    
a_ia   20   38                                                     -0.00848674689790128098                                                    
mvp2   25   32   95   98   32   25   95   98                       -0.02812051550873875122   -0.73117053967447298568                          
mvp2   25   36   89   98   36   25   89   98                       -0.01281026868731235252    1.12117759019840712575                          
a_ia   89   98                                                     -0.01781708598158755069                                                    
mvp2   24   33   88   99   33   24   88   99                        0.02538054191377570393   -0.30363285188158911643                          
mvp2   25   38   90   97   38   25   90   97                        0.02289286916768800556    0.13557279615467573985                          
mvp2   25   33   90   99   33   25   90   99                       -0.01981900314977205063    0.05911407236461392600                          
mvp2   31   36   89   98   36   31   89   98                        0.01469945070091896282    0.20721293922755673611                          
a_ia   97  112                                                      0.18742190892394552937                                                    
a_ia    2   26                                                      0.03329892013860996647                                                    
a_ia   66   83                                                      0.15778628154672982853                                                    
