op     31   32   95   96   32   31   95   96                       -0.09762685873039714246                                                    
op     26   33   90   97   33   26   90   97                       -0.06031401073606396102                                                    
op     24   33   31   36   24   31   33   36                        0.00021469648055752946                                                    
op     24   35   89   99   35   24   89   99                       -0.00909145878547423271                                                    
op      2   60   66  124   60    2   66  124                       -0.01188401942015470357                                                    
op      2   35   66   99   35    2   66   99                       -0.00636556668610423551                                                    
op      2   34   66   98   34    2   66   98                       -0.00553330648809027218                                                    
mvp2    2   37   90   97   37    2   90   97                        0.01102311920256688303    0.19667177289942988638                          
mvp2    2   37   66  101   37    2   66  101                       -0.00509367099809096644    0.77667585291926943825                          
op     26   48   90  112   48   26   90  112                       -0.01110314765617030283                                                    
op     25   36   88   97   36   25   88   97                       -0.06482032028290095338                                                    
op     25   34   89   98   34   25   89   98                       -0.05455514846814751156                                                    
op      1   60   66  124   60    1   66  124                        0.00670770516834567117                                                    
op     31   38   84   96   38   31   84   96                       -0.05413704989603888851                                                    
mvp2   24   35   88   97   35   24   88   97                        0.02601438662407713417    0.19035783692936614209                          
mvp2   26   33   89   96   33   26   89   96                       -0.02394511951641515105    0.45325600685229722187                          
mvp2   24   33   88   97   33   24   88   97                       -0.06047122465156676979   -0.78516067089943286650                          
a_ia   89   98                                                      0.00450563299468326184                                                    
mvp2   25   34   84   96   34   25   84   96                        0.03147100654158700023    0.49932306556445371637                          
mvp2   25   38   84   98   38   25   84   98                       -0.02335009829577240625   -0.26796227147166779003                          
mvp2   20   32   89   98   32   20   89   98                        0.01002357387771237764   -0.11154995840019223119                          
a_ia   31   32                                                     -0.03974657632003234659                                                    
a_ia   20   38                                                     -0.00980640661544788725                                                    
mvp2   25   32   95   98   32   25   95   98                       -0.02719633634179459761   -0.95049063527284360919                          
mvp2   25   36   89   98   36   25   89   98                       -0.01400236757257079280    1.12718906797780893392                          
a_ia   89   98                                                     -0.01704455556534521105                                                    
mvp2   24   33   88   99   33   24   88   99                        0.02539387231325172800   -0.32105600042064275090                          
mvp2   25   38   90   97   38   25   90   97                        0.02252142450994801953    0.20988876670174055894                          
mvp2   25   33   90   99   33   25   90   99                       -0.00963662858900601188   -0.01902750878417889049                          
mvp2   31   36   89   98   36   31   89   98                        0.01449640360588415854    0.22849752736220399485                          
a_ia   97  112                                                      0.18482819938944300420                                                    
a_ia    2   26                                                      0.03276360917481314222                                                    
a_ia   66   83                                                      0.16274323174627641775                                                    
a_ia   83  124                                                     -0.00030553416038593917                                                    
a_ia   20   25                                                     -0.07327551624627248739                                                    
op     19   60   66  124   60   19   66  124                       -0.00292822386060064129                                                    
mvp2   31   38   90   99   38   31   90   99                        0.01728052002283125138   -0.80456380633449509077                          
a_ia   31   32                                                      0.01537165471414788862                                                    
a_ia   31   32                                                      0.00263242276032463153                                                    
a_ia   31   32                                                      0.00621099380549233401                                                    
a_ia   31   32                                                      0.00403286259956825953                                                    
a_ia   31   32                                                      0.00527989963232719083                                                    
