op     31   32   95   96   32   31   95   96                       -0.09859474158879105721                                                    
op     26   33   90   97   33   26   90   97                       -0.05895791386746502410                                                    
op     24   33   31   36   24   31   33   36                        0.00021062192186965155                                                    
op     24   35   89   99   35   24   89   99                       -0.00910379408082433866                                                    
op      2   60   66  124   60    2   66  124                       -0.01183385092752493005                                                    
op      2   35   66   99   35    2   66   99                       -0.00638679728763360665                                                    
op      2   34   66   98   34    2   66   98                       -0.00529033784331526483                                                    
mvp2    2   37   90   97   37    2   90   97                        0.01060016751810702665    0.19994253207609752332                          
mvp2    2   37   66  101   37    2   66  101                       -0.00516335580286412642    0.77293898143888828400                          
op     26   48   90  112   48   26   90  112                       -0.01095536611194017351                                                    
op     25   36   88   97   36   25   88   97                       -0.06392015954639022890                                                    
op     25   34   89   98   34   25   89   98                       -0.05924070888293980763                                                    
op      1   60   66  124   60    1   66  124                        0.00670192351460395606                                                    
op     31   38   84   96   38   31   84   96                       -0.03585149177741019794                                                    
mvp2   24   35   88   97   35   24   88   97                        0.02612758474116871898    0.19543959134842794900                          
mvp2   26   33   89   96   33   26   89   96                       -0.02441126654405922219    0.39787241293214337112                          
mvp2   24   33   88   97   33   24   88   97                       -0.06029469174027585199   -0.79059414443467324052                          
a_ia   89   98                                                      0.00541475462186910995                                                    
mvp2   25   34   84   96   34   25   84   96                        0.03204955493619054963    0.21371457747363234447                          
mvp2   25   38   84   98   38   25   84   98                       -0.02541272952800601587   -0.82737067900806693377                          
mvp2   20   32   89   98   32   20   89   98                        0.00974705503612861152    0.08758940120090057124                          
a_ia   31   32                                                     -0.00752074162567605009                                                    
a_ia   20   38                                                     -0.00857051745299855505                                                    
mvp2   25   32   95   98   32   25   95   98                       -0.02831235704115449281   -0.74223868513680912873                          
mvp2   25   36   89   98   36   25   89   98                       -0.01412487445857614314    1.10789580851114943805                          
a_ia   89   98                                                     -0.01805353222345141423                                                    
mvp2   24   33   88   99   33   24   88   99                        0.02536807521338205543   -0.31000198876526308123                          
mvp2   25   38   90   97   38   25   90   97                        0.02268460027441708896    0.13576291362433220988                          
mvp2   25   33   90   99   33   25   90   99                       -0.01994137466711967677    0.05799146886324808153                          
mvp2   31   36   89   98   36   31   89   98                        0.01466032070000486062    0.20908715319151272016                          
a_ia   97  112                                                      0.18745860712621914557                                                    
a_ia    2   26                                                      0.03275941958619043443                                                    
a_ia   66   83                                                      0.16502126541251052605                                                    
a_ia   83  124                                                     -0.00035211847070536683                                                    
a_ia   20   25                                                     -0.06975590500744895117                                                    
op     19   60   66  124   60   19   66  124                       -0.00298349347608038414                                                    
