op     31   32   95   96   32   31   95   96                       -0.09721262020977551599                                                    
op     26   33   90   97   33   26   90   97                       -0.06431255932191269620                                                    
op     24   33   31   36   24   31   33   36                        0.00019506305689936056                                                    
op     24   35   89   99   35   24   89   99                       -0.00897569375238237155                                                    
op      2   60   66  124   60    2   66  124                       -0.01201231784706449299                                                    
op      2   35   66   99   35    2   66   99                       -0.00618799989380794824                                                    
op      2   34   66   98   34    2   66   98                       -0.00548092293921977579                                                    
mvp2    2   37   90   97   37    2   90   97                        0.01134798194199783394    0.18213081058379376742                          
mvp2    2   37   66  101   37    2   66  101                       -0.00515625361957581293    0.77929677101854244459                          
op     26   48   90  112   48   26   90  112                       -0.01086296407686871551                                                    
op     25   36   88   97   36   25   88   97                       -0.06511161397925753491                                                    
op     25   34   89   98   34   25   89   98                       -0.05374759099694589870                                                    
op      1   60   66  124   60    1   66  124                        0.00662470690843884776                                                    
op     31   38   84   96   38   31   84   96                       -0.05372128713442721887                                                    
mvp2   24   35   88   97   35   24   88   97                        0.02592888144769025030    0.19042919821971510119                          
mvp2   26   33   89   96   33   26   89   96                       -0.02361417331817653592    0.41993878139963242146                          
mvp2   24   33   88   97   33   24   88   97                       -0.06005028555250873507   -0.78428178387082869705                          
a_ia   89   98                                                      0.00470375551449391839                                                    
mvp2   25   34   84   96   34   25   84   96                        0.03157369953852402072    0.53375574766972910812                          
mvp2   25   38   84   98   38   25   84   98                       -0.02157953565267014054   -0.19086683243143742761                          
mvp2   20   32   89   98   32   20   89   98                        0.01016669516436822553   -0.13496559870566127159                          
a_ia   31   32                                                     -0.02257746922183506699                                                    
a_ia   20   38                                                     -0.01009200403291673348                                                    
mvp2   25   32   95   98   32   25   95   98                       -0.02685076447455411394   -1.10402698524117126588                          
mvp2   25   36   89   98   36   25   89   98                       -0.01383213937910684511    1.12594814613157478966                          
a_ia   89   98                                                     -0.01663674786256868349                                                    
mvp2   24   33   88   99   33   24   88   99                        0.02617254065558249909   -0.32889074117318145563                          
mvp2   25   38   90   97   38   25   90   97                        0.02222270159422443103    0.34103409265182793586                          
mvp2   25   33   90   99   33   25   90   99                       -0.00879825186177257690   -0.03294652281584568160                          
mvp2   31   36   89   98   36   31   89   98                        0.01433502714233143675    0.23317951970012171237                          
a_ia   97  112                                                      0.18296777096762659176                                                    
a_ia    2   26                                                      0.03167337097156967818                                                    
a_ia   66   83                                                      0.16671185415478459446                                                    
a_ia   83  124                                                      0.00001948325331607205                                                    
a_ia   20   25                                                     -0.07312327862945905421                                                    
op     19   60   66  124   60   19   66  124                       -0.00297032869379574562                                                    
mvp2   31   38   90   99   38   31   90   99                        0.01662723095871274787   -0.85146038881188323977                          
a_ia   31   32                                                      0.01216781842225215030                                                    
a_ia   31   32                                                     -0.00057131118978777980                                                    
a_ia   31   32                                                      0.00300737869904595199                                                    
a_ia   31   32                                                      0.00082947914931266373                                                    
a_ia   31   32                                                      0.00207668790973574140                                                    
a_ia   35   60                                                      0.04454623609640839810                                                    
mvp2   25   38   90   99   38   25   90   99                        0.00934415998715264901   -0.38158655026983012704                          
a_ia   83  124                                                     -0.00044012332133867843                                                    
mvp2   26   48   84   98   48   26   84   98                        0.01114355746218478709    0.00011192538247528497                          
