op     31   32   95   96   32   31   95   96                       -0.09758697135122514077                                                    
op     26   33   90   97   33   26   90   97                       -0.06019536805871409518                                                    
op     24   33   31   36   24   31   33   36                        0.00022384205164929197                                                    
op     24   35   89   99   35   24   89   99                       -0.00901733740523423359                                                    
op      2   60   66  124   60    2   66  124                       -0.01193794969832914950                                                    
op      2   35   66   99   35    2   66   99                       -0.00614830309447985876                                                    
op      2   34   66   98   34    2   66   98                       -0.00531092357487115019                                                    
mvp2    2   37   90   97   37    2   90   97                        0.01079496357067808755    0.19646260657560185581                          
mvp2    2   37   66  101   37    2   66  101                       -0.00514765572858364665    0.77600643793928769654                          
op     26   48   90  112   48   26   90  112                       -0.01098447007438956013                                                    
op     25   36   88   97   36   25   88   97                       -0.06474536081803093646                                                    
op     25   34   89   98   34   25   89   98                       -0.05447050974398379153                                                    
op      1   60   66  124   60    1   66  124                        0.00673011812554810424                                                    
op     31   38   84   96   38   31   84   96                       -0.05403667380876791410                                                    
mvp2   24   35   88   97   35   24   88   97                        0.02605767348838131103    0.19274592536936105414                          
mvp2   26   33   89   96   33   26   89   96                       -0.02392836347450657056    0.45304706075978057322                          
mvp2   24   33   88   97   33   24   88   97                       -0.06036583385126841061   -0.78602680178851402903                          
a_ia   89   98                                                      0.00452655356058738901                                                    
mvp2   25   34   84   96   34   25   84   96                        0.03150592412010461141    0.50187489509511051811                          
mvp2   25   38   84   98   38   25   84   98                       -0.02312055122014211941   -0.27211403549846169270                          
mvp2   20   32   89   98   32   20   89   98                        0.01020322948166014695   -0.11574554248470780848                          
a_ia   31   32                                                     -0.03875370630141031225                                                    
a_ia   20   38                                                     -0.00998207681334502446                                                    
mvp2   25   32   95   98   32   25   95   98                       -0.02723132041922234764   -0.95149355590727024978                          
mvp2   25   36   89   98   36   25   89   98                       -0.01395560306115900540    1.12383691339240687768                          
a_ia   89   98                                                     -0.01706697696429846853                                                    
mvp2   24   33   88   99   33   24   88   99                        0.02547509073314518577   -0.32043073106268110672                          
mvp2   25   38   90   97   38   25   90   97                        0.02240986553823291760    0.21325053260681922640                          
mvp2   25   33   90   99   33   25   90   99                       -0.00957610957781560024   -0.01890187057756967728                          
mvp2   31   36   89   98   36   31   89   98                        0.01449547666169915747    0.22812807927159020616                          
a_ia   97  112                                                      0.18479304048535993843                                                    
a_ia    2   26                                                      0.03364055363200890020                                                    
a_ia   66   83                                                      0.16352256879154278280                                                    
a_ia   83  124                                                     -0.00037903712152705424                                                    
a_ia   20   25                                                     -0.07204847352723472986                                                    
op     19   60   66  124   60   19   66  124                       -0.00297628650403827192                                                    
mvp2   31   38   90   99   38   31   90   99                        0.01722835907801096786   -0.80542719244846816551                          
a_ia   31   32                                                      0.01539135004412392656                                                    
a_ia   31   32                                                      0.00265212554768784903                                                    
a_ia   31   32                                                      0.00623070180460605794                                                    
a_ia   31   32                                                      0.00405257832142614377                                                    
a_ia   31   32                                                      0.00529962051476778623                                                    
a_ia   35   60                                                      0.03428325802369806830                                                    
