op     31   32   95   96   32   31   95   96                       -0.09887501488347294476                                                    
op     26   33   90   97   33   26   90   97                       -0.05565170110821032745                                                    
op     24   33   31   36   24   31   33   36                       -0.00178155992476417956                                                    
op     24   35   89   99   35   24   89   99                       -0.00918561179260347221                                                    
op      2   60   66  124   60    2   66  124                       -0.01161190524587366740                                                    
op      2   35   66   99   35    2   66   99                       -0.00637454686447726931                                                    
op      2   34   66   98   34    2   66   98                       -0.00538990213597329189                                                    
mvp2    2   37   90   97   37    2   90   97                        0.01058013598653048670    0.22600169060523472853                          
mvp2    2   37   66  101   37    2   66  101                       -0.00528472475107363230    0.69472839402170583067                          
op     26   48   90  112   48   26   90  112                       -0.01273807926694034247                                                    
op     25   36   88   97   36   25   88   97                       -0.05928962981679797989                                                    
op     25   34   89   98   34   25   89   98                       -0.06082400233463387124                                                    
op      1   60   66  124   60    1   66  124                        0.00654345347074890716                                                    
op     31   38   84   96   38   31   84   96                       -0.03521515403961440055                                                    
mvp2   24   35   88   97   35   24   88   97                        0.02813047820992872414    0.20762850641597957457                          
mvp2   26   33   89   96   33   26   89   96                       -0.02509521965899906906    0.42274157978626880627                          
mvp2   24   33   88   97   33   24   88   97                       -0.05800571271947577157   -0.82639663227265547363                          
a_ia   89   98                                                      0.00457760655426116790                                                    
mvp2   25   34   84   96   34   25   84   96                        0.03099311519269418863    0.09164954957053500495                          
mvp2   25   38   84   98   38   25   84   98                       -0.02884470643870987172    0.08009904957608880716                          
mvp2   20   32   89   98   32   20   89   98                        0.00900759166926209942    0.05720849882818520443                          
a_ia   31   32                                                     -0.00720057301699791354                                                    
a_ia   20   38                                                     -0.00763422446006403483                                                    
mvp2   25   32   95   98   32   25   95   98                       -0.02843754387620537824   -0.13112911024908519009                          
mvp2   25   36   89   98   36   25   89   98                       -0.01359576102315602532    1.14216558267918699698                          
a_ia   89   98                                                     -0.01756728728993363700                                                    
