op     31   32   95   96   32   31   95   96                       -0.09887074595292036361                                                    
op     26   33   90   97   33   26   90   97                       -0.05548502112723560642                                                    
op     24   33   31   36   24   31   33   36                       -0.00187975516660216662                                                    
op     24   35   89   99   35   24   89   99                       -0.00957101538969899225                                                    
op      2   60   66  124   60    2   66  124                       -0.01151305940454361645                                                    
op      2   35   66   99   35    2   66   99                       -0.00637501085686800750                                                    
op      2   34   66   98   34    2   66   98                       -0.00539661130063811677                                                    
mvp2    2   37   90   97   37    2   90   97                        0.01058674989962612480    0.22580054478713978972                          
mvp2    2   37   66  101   37    2   66  101                       -0.00528005379649568694    0.69482520760312960206                          
op     26   48   90  112   48   26   90  112                       -0.01272308304006696325                                                    
op     25   36   88   97   36   25   88   97                       -0.05899846933855115716                                                    
op     25   34   89   98   34   25   89   98                       -0.06090503418120343793                                                    
op      1   60   66  124   60    1   66  124                        0.00653679176610484809                                                    
op     31   38   84   96   38   31   84   96                       -0.03521949516507096728                                                    
mvp2   24   35   88   97   35   24   88   97                        0.02558935407301900222    0.20761420713949552130                          
mvp2   26   33   89   96   33   26   89   96                       -0.02502763684535201302    0.42269355052844004295                          
mvp2   24   33   88   97   33   24   88   97                       -0.05991493640908891055   -0.82633902293479166712                          
a_ia   89   98                                                      0.00470247153101519509                                                    
mvp2   25   34   84   96   34   25   84   96                        0.03097757384952891033    0.09183965570129332123                          
mvp2   25   38   84   98   38   25   84   98                       -0.02880793901481774541    0.07987679197757234506                          
mvp2   20   32   89   98   32   20   89   98                        0.00902408528332763159    0.05738730302973887171                          
a_ia   31   32                                                     -0.00722659082672472662                                                    
a_ia   20   38                                                     -0.00755130340065258802                                                    
mvp2   25   32   95   98   32   25   95   98                       -0.02846754552868429114   -0.13117223552932585906                          
mvp2   25   36   89   98   36   25   89   98                       -0.01360213421877117836    1.14213728330909303210                          
a_ia   89   98                                                     -0.01757447957315541945                                                    
mvp2   24   33   88   99   33   24   88   99                        0.02632567667328357744   -0.00121530078510065061                          
