op     31   32   95   96   32   31   95   96                       -0.09787554401113472691                                                    
op     26   33   90   97   33   26   90   97                       -0.05894469667604983198                                                    
op     24   33   31   36   24   31   33   36                        0.01799107779017169659                                                    
op     24   35   89   99   35   24   89   99                       -0.01040162951990020873                                                    
op      2   60   66  124   60    2   66  124                       -0.01150288937047307114                                                    
op      2   35   66   99   35    2   66   99                       -0.00633693822454010382                                                    
op      2   34   66   98   34    2   66   98                       -0.00534108569550083810                                                    
mvp2    2   37   90   97   37    2   90   97                        0.00952408414764947982    0.09285621963703963311                          
mvp2    2   37   66  101   37    2   66  101                       -0.00536970503726803307    0.00168727139613265072                          
op     26   48   90  112   48   26   90  112                       -0.01249434258656882853                                                    
op     25   36   88   97   36   25   88   97                       -0.01681284912565839812                                                    
op     25   34   89   98   34   25   89   98                       -0.05984369033186005826                                                    
op      1   60   66  124   60    1   66  124                        0.00659094315827481441                                                    
op     31   38   84   96   38   31   84   96                       -0.03326758467148637627                                                    
mvp2   24   35   88   97   35   24   88   97                        0.02460217806676742378    0.00042954081341817023                          
