op     31   32   95   96   32   31   95   96                       -0.09886151281625807363                                                    
op     26   33   90   97   33   26   90   97                       -0.05764202731007884994                                                    
op     24   33   31   36   24   31   33   36                       -0.00104692356090936730                                                    
op     24   35   89   99   35   24   89   99                       -0.00926401518227454313                                                    
op      2   60   66  124   60    2   66  124                       -0.01154558310221902827                                                    
op      2   35   66   99   35    2   66   99                       -0.00647334458075909079                                                    
op      2   34   66   98   34    2   66   98                       -0.00537753986927177238                                                    
mvp2    2   37   90   97   37    2   90   97                        0.01129851359791111953    0.20268197640144053340                          
mvp2    2   37   66  101   37    2   66  101                       -0.00539147874906230687    0.70873353038468200893                          
op     26   48   90  112   48   26   90  112                       -0.01244731937144334666                                                    
op     25   36   88   97   36   25   88   97                       -0.06036944289888859089                                                    
op     25   34   89   98   34   25   89   98                       -0.05980049934797130456                                                    
op      1   60   66  124   60    1   66  124                        0.00650692620354616225                                                    
op     31   38   84   96   38   31   84   96                       -0.03563868678164912318                                                    
mvp2   24   35   88   97   35   24   88   97                        0.02552285363665937612    0.20545971294769979631                          
mvp2   26   33   89   96   33   26   89   96                       -0.02441431190335715748    0.41531311209235149962                          
mvp2   24   33   88   97   33   24   88   97                       -0.05929627735753870837   -0.81499593383163659865                          
a_ia   89   98                                                      0.00483541684854592139                                                    
mvp2   25   34   84   96   34   25   84   96                        0.03184489320527682937    0.12747956961812248466                          
mvp2   25   38   84   98   38   25   84   98                       -0.02361046526452104458    0.04612621947304035991                          
mvp2   20   32   89   98   32   20   89   98                        0.00923784906163932669    0.08279794671244732063                          
a_ia   31   32                                                     -0.00758896265257029759                                                    
a_ia   20   38                                                     -0.00859691273217539492                                                    
mvp2   25   32   95   98   32   25   95   98                       -0.02797991078208541052   -0.13803229291156868253                          
mvp2   25   36   89   98   36   25   89   98                       -0.01325447272582382964    1.13385932161001523610                          
a_ia   89   98                                                     -0.01728374463993224280                                                    
mvp2   24   33   88   99   33   24   88   99                        0.02581437867288068413   -0.17651038600253882160                          
mvp2   25   38   90   97   38   25   90   97                        0.02118136929769658464    0.26169689141311536229                          
