op     31   32   95   96   32   31   95   96                       -0.09715700890344083906                                                    
op     26   33   90   97   33   26   90   97                       -0.05480588729977077522                                                    
op     24   33   31   36   24   31   33   36                        0.01675569342198879319                                                    
op     24   35   89   99   35   24   89   99                       -0.01067532744480486316                                                    
op      2   60   66  124   60    2   66  124                       -0.01156770326868080540                                                    
op      2   35   66   99   35    2   66   99                       -0.00636097788299582433                                                    
op      2   34   66   98   34    2   66   98                       -0.00530537481209056305                                                    
mvp2    2   37   90   97   37    2   90   97                        0.01008072452743986706    0.10522230305307322951                          
mvp2    2   37   66  101   37    2   66  101                       -0.00543533878696865307    0.09079042496365818948                          
op     26   48   90  112   48   26   90  112                       -0.01261441988917031375                                                    
op     25   36   88   97   36   25   88   97                       -0.01758985028481117874                                                    
op     25   34   89   98   34   25   89   98                       -0.06300594534947426273                                                    
op      1   60   66  124   60    1   66  124                        0.00660803627070032183                                                    
op     31   38   84   96   38   31   84   96                       -0.03414418498978815525                                                    
mvp2   24   35   88   97   35   24   88   97                        0.02913522497244986839    0.13809956851869464867                          
mvp2   26   33   89   96   33   26   89   96                       -0.02351432480715118581    0.38827505506589032880                          
mvp2   24   33   88   97   33   24   88   97                       -0.06121655228737758747   -0.00094706110350373956                          
a_ia   89   98                                                     -0.01385044707132527045                                                    
mvp2   25   34   84   96   34   25   84   96                        0.03088944961502139083   -0.00115891136073712994                          
mvp2   25   38   84   98   38   25   84   98                       -0.02797095122794434827    0.00001795493259301085                          
mvp2   20   32   89   98   32   20   89   98                        0.03213856097893640074    0.00445721848894238114                          
a_ia   31   32                                                     -0.00808782117124182652                                                    
