op     18   22   46   50   22   18   46   50                       -0.04149053880169453062                                                    
op     17   22   45   50   22   17   45   50                       -0.01817018947656221656                                                    
a_ia   16   22                                                     -0.00975820727596209830                                                    
a_ia   13   22                                                     -0.00998386821198706496                                                    
op     16   23   44   51   23   16   44   51                       -0.01047275133828496838                                                    
a_ia   17   22                                                     -0.00975993055076737094                                                    
mvp2   17   22   44   50   22   17   44   50                       -0.00612703366454336699    0.02673731076328892536                          
mvp2   16   22   44   50   22   16   44   50                       -0.00846706964120218057    0.02746219597379327346                          
a_ia   41   50                                                     -0.00962047238157878910                                                    
mvp2   19   24   46   50   24   19   46   50                       -0.02131026378106458743   -0.44619801423732269319                          
mvp2   16   23   19   25   16   19   25   23                        0.00727247877973688766   -0.00081397288928681264                          
op      5   26   33   54   26    5   33   54                       -0.02214119723336958195                                                    
op     13   26   43   54   26   13   43   54                       -0.01102401850314175570                                                    
a_ia   43   54                                                     -0.00166793815996690766                                                    
