op     18   22   46   50   22   18   46   50                       -0.04124309567635919133                                                    
op     17   22   45   50   22   17   45   50                       -0.01843877076434680129                                                    
a_ia   16   22                                                     -0.00977294804652680503                                                    
a_ia   13   22                                                     -0.01003786744418905773                                                    
op     16   23   44   51   23   16   44   51                       -0.01019076617060276149                                                    
a_ia   17   22                                                     -0.00979205887159829806                                                    
mvp2   17   22   44   50   22   17   44   50                       -0.00601809305249753450    0.02636578539614145567                          
mvp2   16   22   44   50   22   16   44   50                       -0.00853787353038011620    0.02709090508884367740                          
a_ia   41   50                                                     -0.00940506799408092307                                                    
mvp2   19   24   46   50   24   19   46   50                       -0.02132842384990950302   -0.44626909171700823720                          
