op     18   22   46   50   22   18   46   50                       -0.04147571540005697693                                                    
op     17   22   45   50   22   17   45   50                       -0.01817553521110175721                                                    
a_ia   16   22                                                     -0.00976082461320170597                                                    
a_ia   13   22                                                     -0.01003302567836533536                                                    
op     16   23   44   51   23   16   44   51                       -0.01056548234714128377                                                    
a_ia   17   22                                                     -0.00976420998085227379                                                    
mvp2   17   22   44   50   22   17   44   50                       -0.00613303677018001408    0.02640650571850651149                          
mvp2   16   22   44   50   22   16   44   50                       -0.00848032605909380087    0.02713151479802130769                          
a_ia   41   50                                                     -0.00952203267811339675                                                    
mvp2   19   24   46   50   24   19   46   50                       -0.02131628152555833586   -0.44626183916969303089                          
mvp2   16   23   19   25   16   19   25   23                        0.00726901030884560210   -0.00008746461743399391                          
