9.999975289480279583e-01
9.999937747974839697e-01
9.999968500212077505e-01
9.976721065121398890e-01
9.991164121526425745e-01
9.984161720866800982e-01
9.964461298352588203e-01
9.951879478490719411e-01
9.971002233363721601e-01
9.960724451387682477e-01
9.958164532320599172e-01
9.884183541574201870e-01
9.961369176179368790e-01
9.969685198548934313e-01
9.816418020927895061e-01
9.759546859824634879e-01
3.037421354166796109e-02
1.908586171720959984e-02
5.245201292430792805e-03
2.453150743511778482e-03
6.079334726942033952e-03
1.614972938778076435e-03
2.196239026409609746e-03
2.291791224964860596e-03
1.099682642979904392e-03
2.027478041637326058e-03
8.396748353900038066e-04
4.226616573932437046e-03
8.024469888575401846e-04
1.563790544070611495e-03
2.270806878779967411e-03
2.892414666769865285e-03
