op     18   22   46   50   22   18   46   50                       -0.04753358919348963513                                                    
op     17   22   45   50   22   17   45   50                       -0.01867363502088007984                                                    
mvp2   18   22   32   51   22   18   32   51                       -0.00701339915622151925    0.08717966495942908178                          
op     16   22   44   50   22   16   44   50                       -0.00898817214623087897                                                    
op     18   23   46   50   23   18   46   50                       -0.00934201097890764373                                                    
mvp2   18   22   47   52   22   18   47   52                       -0.02049528280352272760    0.44117346772018195544                          
mvp2   17   22   44   52   22   17   44   52                       -0.00780437826400175519    0.07938218748849029671                          
om     16   23   44   51   23   16   44   51                       -0.01097328141461152359                                                    
mvp2   18   22   32   48   22   18   32   48                       -0.00565014931595427764    0.14368852744464241655                          
op      0   23   28   51   23    0   28   51                       -0.00734722925900819362                                                    
a_ia   35   51                                                     -0.00638951913079877695                                                    
mvp2   19   24   46   50   24   19   46   50                       -0.02073006570389931275   -0.57416370978730491004                          
a_ia   11   23                                                     -0.00195189730963086280                                                    
op      5   26   33   54   26    5   33   54                       -0.02256692578066041635                                                    
op     17   27   45   55   27   17   45   55                       -0.01340818818872276628                                                    
a_ia   42   54                                                      0.00132826450191589080                                                    
