op     18   22   46   50   22   18   46   50                       -0.04794163760092180759                                                    
op     17   22   45   50   22   17   45   50                       -0.01924737991227454606                                                    
mvp2   18   22   32   51   22   18   32   51                       -0.00685283298825311096    0.15054579926345890151                          
op     16   22   44   50   22   16   44   50                       -0.00921650439907832283                                                    
op     18   23   46   50   23   18   46   50                       -0.00940667776500739294                                                    
mvp2   18   22   47   52   22   18   47   52                       -0.02029467173670083946    0.59161158328342777768                          
mvp2   17   22   44   52   22   17   44   52                       -0.00791946497534936136    0.12996024440932757438                          
om     16   23   44   51   23   16   44   51                       -0.01087309813710566828                                                    
mvp2   18   22   32   48   22   18   32   48                       -0.00564272135088212529    0.11770510288033912694                          
op      0   23   28   51   23    0   28   51                       -0.00748467292974047422                                                    
a_ia   35   51                                                     -0.00663054104344075555                                                    
mvp2   19   24   46   50   24   19   46   50                       -0.02072027664365560032   -0.58585896336451737110                          
a_ia   11   23                                                     -0.00179412626618449095                                                    
op      5   26   33   54   26    5   33   54                       -0.02251239517110239022                                                    
op     17   27   45   55   27   17   45   55                       -0.01348238731713382807                                                    
a_ia   42   54                                                      0.00080770210646686688                                                    
mvp2    6   23   35   51   23    6   35   51                        0.01169458406801875128    0.00020091646558540705                          
op     15   26   43   54   26   15   43   54                       -0.01154318493573223969                                                    
a_ia   45   52                                                      0.00590591508075650681                                                    
a_ia    6   23                                                      0.00362069523417658497                                                    
