op     18   22   46   50   22   18   46   50                       -0.04744196135275871584                                                    
op     17   22   45   50   22   17   45   50                       -0.01901541702325457162                                                    
mvp2   18   22   32   51   22   18   32   51                       -0.00701276517937519245    0.08598093503760258216                          
op     16   22   44   50   22   16   44   50                       -0.00899796516523057935                                                    
op     18   23   46   50   23   18   46   50                       -0.00925415888703307911                                                    
mvp2   18   22   47   52   22   18   47   52                       -0.02055034568199164136    0.43852365823774291931                          
mvp2   17   22   44   52   22   17   44   52                       -0.00791972282276568428    0.07853594423537534064                          
om     16   23   44   51   23   16   44   51                       -0.01102590269987535447                                                    
mvp2   18   22   32   48   22   18   32   48                       -0.00564827737504753138    0.14418769939344999731                          
op      0   23   28   51   23    0   28   51                       -0.00758982605242481539                                                    
a_ia   35   51                                                     -0.00639703173945179934                                                    
mvp2   19   24   46   50   24   19   46   50                       -0.02074509875004075174   -0.57401362901126362637                          
a_ia   11   23                                                     -0.00162214730665625291                                                    
op      5   26   33   54   26    5   33   54                       -0.02254677594342209199                                                    
