op     18   22   46   50   22   18   46   50                       -0.04750040912780336549                                                    
op     17   22   45   50   22   17   45   50                       -0.01871146169931375489                                                    
mvp2   18   22   32   51   22   18   32   51                       -0.00700774328817704503    0.08781161827151895416                          
op     16   22   44   50   22   16   44   50                       -0.00898831754384683997                                                    
op     18   23   46   50   23   18   46   50                       -0.00933095342120131808                                                    
mvp2   18   22   47   52   22   18   47   52                       -0.02049218925098703417    0.44258579109470147506                          
mvp2   17   22   44   52   22   17   44   52                       -0.00780203948112034602    0.07983710946330391245                          
om     16   23   44   51   23   16   44   51                       -0.01085396738581089100                                                    
mvp2   18   22   32   48   22   18   32   48                       -0.00564995367491430249    0.14342581054888453584                          
op      0   23   28   51   23    0   28   51                       -0.00756178803084253757                                                    
a_ia   35   51                                                     -0.00668585679896345486                                                    
mvp2   19   24   46   50   24   19   46   50                       -0.02073193405660771205   -0.57424874240656342828                          
a_ia   11   23                                                     -0.00180801180699665049                                                    
op      5   26   33   54   26    5   33   54                       -0.02256271636818378903                                                    
op     17   27   45   55   27   17   45   55                       -0.01339402284627944084                                                    
a_ia   42   54                                                      0.00071779385065026593                                                    
mvp2    6   23   35   51   23    6   35   51                        0.01157429457946183328    0.00006760491451705719                          
op     15   26   43   54   26   15   43   54                       -0.01159492487696891713                                                    
