op     18   22   46   50   22   18   46   50                       -0.04741037390996365869                                                    
op     17   22   45   50   22   17   45   50                       -0.01910920763966804034                                                    
mvp2   18   22   32   51   22   18   32   51                       -0.00716559359593078784    0.08447520368023686554                          
op     16   22   44   50   22   16   44   50                       -0.00901832663192536632                                                    
op     18   23   46   50   23   18   46   50                       -0.00915823262722902792                                                    
mvp2   18   22   47   52   22   18   47   52                       -0.02061943278594987813    0.43523248563738309302                          
mvp2   17   22   44   52   22   17   44   52                       -0.00804507064786567222    0.07749435154174715012                          
om     16   23   44   51   23   16   44   51                       -0.01108268936963334277                                                    
mvp2   18   22   32   48   22   18   32   48                       -0.00542377989193259039    0.14481672364172545886                          
op      0   23   28   51   23    0   28   51                       -0.00741994474156752824                                                    
a_ia   35   51                                                     -0.00640788806826448655                                                    
mvp2   19   24   46   50   24   19   46   50                       -0.02076173690042872402   -0.57384006109020113673                          
