op     18   22   46   50   22   18   46   50                       -0.04749159678675871771                                                    
op     17   22   45   50   22   17   45   50                       -0.01871653760103958106                                                    
mvp2   18   22   32   51   22   18   32   51                       -0.00700751652927062308    0.08769576997030899268                          
op     16   22   44   50   22   16   44   50                       -0.00898570366399597566                                                    
op     18   23   46   50   23   18   46   50                       -0.00932785473660186631                                                    
mvp2   18   22   47   52   22   18   47   52                       -0.02049195063525859756    0.44232604280412757269                          
mvp2   17   22   44   52   22   17   44   52                       -0.00780177951063870407    0.07975302191874186764                          
om     16   23   44   51   23   16   44   51                       -0.01077438120316033185                                                    
mvp2   18   22   32   48   22   18   32   48                       -0.00564999283830833719    0.14347386277462298443                          
op      0   23   28   51   23    0   28   51                       -0.00734072736155932763                                                    
a_ia   35   51                                                     -0.00673126059351684004                                                    
mvp2   19   24   46   50   24   19   46   50                       -0.02073263355843421932   -0.57423276172000281559                          
a_ia   11   23                                                     -0.00180150301029484905                                                    
op      5   26   33   54   26    5   33   54                       -0.02256472068304306647                                                    
op     17   27   45   55   27   17   45   55                       -0.01339296081829982263                                                    
a_ia   42   54                                                      0.00065987146759243984                                                    
mvp2    6   23   35   51   23    6   35   51                        0.01158560486770753191    0.00005463338898613286                          
