op     18   22   46   50   22   18   46   50                       -0.04055012762552775291                                                    
op     17   22   45   50   22   17   45   50                       -0.01835017986962379777                                                    
mvp2   18   22   32   51   22   18   32   51                       -0.00714093258248100961    0.14620036464004226850                          
op     16   22   44   50   22   16   44   50                       -0.00896293238170459486                                                    
op     18   23   46   50   23   18   46   50                       -0.00890972383854375834                                                    
mvp2   18   22   47   52   22   18   47   52                       -0.02112302112508309543    0.41105930570311105532                          
mvp2   17   22   44   52   22   17   44   52                       -0.00778620266488395333    0.00123713139292107831                          
om     16   23   44   51   23   16   44   51                       -0.01100843870607751823                                                    
mvp2   18   22   32   48   22   18   32   48                       -0.00591068659307966704    0.00161972110307872152                          
op      0   23   28   51   23    0   28   51                       -0.00740419810515280385                                                    
a_ia   35   51                                                     -0.00631912031005790395                                                    
